alpha,beta,gamma,state,mean_first_intro_day,earliest_first_intro_day,latest_first_intro_day,median_first_intro_day,mean_intro_count,median_intro_count,max_intro_count,mean_cumu_before_second_intro,max_cumu_before_second_intro,mean_intro_day_2,median_intro_day_2,mean_intro_day_3,median_intro_day_3,mean_first_export_day,median_first_export_day,mean_export_count,median_export_count,max_export_count,mean_total_cumu_cases,max_total_cumu_cases
0.5,0.01,0.5,Texas,28.0,28,28,28.0,21.9,22.5,26,0.0,0.0,28.0,28.0,28.0,28.0,32.0,32.0,40.9,41.5,45,19.9,24
0.5,0.01,1.0,Texas,28.0,28,28,28.0,28.7,28.0,36,0.0,0.0,28.0,28.0,28.0,28.0,33.0,32.0,57.0,55.5,67,24.0,30
0.5,0.1,0.5,Texas,28.0,28,28,28.0,39.8,40.0,44,0.0,0.0,28.0,28.0,28.0,28.0,30.4,30.0,57.7,57.5,63,26.5,31
0.5,0.25,0.5,Texas,28.0,28,28,28.0,43.8,44.0,47,0.0,0.0,28.0,28.0,28.0,28.0,30.0,30.0,55.3,54.0,63,27.1,31
0.5,0.05,0.5,Texas,28.0,28,28,28.0,34.2,34.0,39,0.0,0.0,28.0,28.0,28.0,28.0,31.2,32.0,56.2,55.5,61,28.9,35
1.0,0.01,0.5,Texas,28.0,28,28,28.0,27.8,28.5,31,0.0,0.0,28.0,28.0,28.0,28.0,33.6,32.0,65.5,66.0,79,30.5,34
0.5,0.05,1.0,Texas,28.0,28,28,28.0,38.8,38.5,43,0.0,0.0,28.0,28.0,28.0,28.0,30.6,30.0,71.7,70.5,80,32.0,36
0.5,0.1,1.0,Texas,28.0,28,28,28.0,42.9,43.0,46,0.0,0.0,28.0,28.0,28.0,28.0,30.2,30.0,72.3,72.0,80,32.2,35
0.5,0.25,1.0,Texas,28.0,28,28,28.0,47.1,47.5,49,0.0,0.0,28.0,28.0,28.0,28.0,30.0,30.0,70.6,72.0,75,32.4,36
0.5,0.01,2.0,Texas,28.0,28,28,28.0,35.6,34.5,40,0.0,0.0,28.0,28.0,28.0,28.0,32.6,32.0,72.5,72.5,79,33.6,41
1.0,0.01,1.0,Texas,28.0,28,28,28.0,35.6,36.0,42,0.0,0.0,28.0,28.0,28.0,28.0,33.0,32.0,73.4,73.5,80,34.3,38
1.0,0.25,0.5,Texas,28.0,28,28,28.0,47.7,47.5,51,0.0,0.0,28.0,28.0,28.0,28.0,30.0,30.0,77.8,80.0,83,37.0,42
2.0,0.01,0.5,Texas,28.0,28,28,28.0,35.5,35.0,42,0.0,0.0,28.0,28.0,28.0,28.0,33.7,32.0,87.0,89.5,94,37.4,45
ALL,ALL,ALL,Texas,28.0,28,28,28.0,42.55,45.0,55,0.0,0.0,28.0,28.0,28.0,28.0,30.98611111111111,30.0,86.16111111111111,90.0,122,38.36944444444445,51
1.0,0.1,0.5,Texas,28.0,28,28,28.0,43.1,44.0,46,0.0,0.0,28.0,28.0,28.0,28.0,30.0,30.0,81.7,81.5,91,38.5,45
1.0,0.01,2.0,Texas,28.0,28,28,28.0,36.4,37.0,40,0.0,0.0,28.0,28.0,28.0,28.0,32.8,32.0,85.2,82.5,96,38.6,42
1.0,0.05,0.5,Texas,28.0,28,28,28.0,38.4,38.5,43,0.0,0.0,28.0,28.0,28.0,28.0,30.8,30.0,82.0,82.0,97,38.8,42
0.5,0.25,2.0,Texas,28.0,28,28,28.0,51.3,51.0,53,0.0,0.0,28.0,28.0,28.0,28.0,30.0,30.0,92.1,91.5,99,39.9,43
2.0,0.01,1.0,Texas,28.0,28,28,28.0,35.8,35.0,44,0.0,0.0,28.0,28.0,28.0,28.0,33.8,32.0,90.4,88.0,99,40.2,47
0.5,0.05,2.0,Texas,28.0,28,28,28.0,44.0,45.0,48,0.0,0.0,28.0,28.0,28.0,28.0,31.0,31.0,89.1,90.0,98,40.9,49
2.0,0.01,2.0,Texas,28.0,28,28,28.0,37.2,37.5,41,0.0,0.0,28.0,28.0,28.0,28.0,31.8,32.0,100.2,99.0,110,41.2,47
0.5,0.1,2.0,Texas,28.0,28,28,28.0,46.7,47.0,49,0.0,0.0,28.0,28.0,28.0,28.0,30.4,30.0,89.3,88.0,95,41.3,45
1.0,0.05,1.0,Texas,28.0,28,28,28.0,45.3,45.5,50,0.0,0.0,28.0,28.0,28.0,28.0,30.8,30.0,99.5,98.5,112,42.0,48
2.0,0.1,0.5,Texas,28.0,28,28,28.0,47.5,47.5,52,0.0,0.0,28.0,28.0,28.0,28.0,30.2,30.0,103.3,101.5,111,42.8,46
2.0,0.05,0.5,Texas,28.0,28,28,28.0,45.4,46.0,49,0.0,0.0,28.0,28.0,28.0,28.0,30.8,30.0,104.9,104.5,110,43.4,48
1.0,0.05,2.0,Texas,28.0,28,28,28.0,46.5,46.5,51,0.0,0.0,28.0,28.0,28.0,28.0,30.4,30.0,107.1,108.5,122,43.8,49
1.0,0.1,1.0,Texas,28.0,28,28,28.0,46.3,45.5,52,0.0,0.0,28.0,28.0,28.0,28.0,30.0,30.0,98.6,98.0,107,44.0,48
1.0,0.25,1.0,Texas,28.0,28,28,28.0,49.5,49.0,54,0.0,0.0,28.0,28.0,28.0,28.0,30.0,30.0,94.4,94.5,103,44.1,47
2.0,0.1,2.0,Texas,28.0,28,28,28.0,50.0,50.5,52,0.0,0.0,28.0,28.0,28.0,28.0,30.4,30.0,108.3,109.5,116,44.3,48
2.0,0.05,1.0,Texas,28.0,28,28,28.0,46.2,46.0,51,0.0,0.0,28.0,28.0,28.0,28.0,30.6,30.0,108.9,107.5,118,44.4,51
2.0,0.1,1.0,Texas,28.0,28,28,28.0,49.7,50.0,52,0.0,0.0,28.0,28.0,28.0,28.0,30.2,30.0,107.3,109.0,112,44.5,49
1.0,0.1,2.0,Texas,28.0,28,28,28.0,47.5,47.0,50,0.0,0.0,28.0,28.0,28.0,28.0,30.2,30.0,101.6,102.0,106,44.9,47
1.0,0.25,2.0,Texas,28.0,28,28,28.0,50.1,51.0,53,0.0,0.0,28.0,28.0,28.0,28.0,30.0,30.0,98.3,99.0,109,45.2,49
2.0,0.25,1.0,Texas,28.0,28,28,28.0,50.1,50.5,52,0.0,0.0,28.0,28.0,28.0,28.0,30.0,30.0,99.9,102.0,109,45.2,49
2.0,0.05,2.0,Texas,28.0,28,28,28.0,45.6,45.0,55,0.0,0.0,28.0,28.0,28.0,28.0,31.0,31.0,110.8,112.0,118,45.6,50
2.0,0.25,0.5,Texas,28.0,28,28,28.0,49.0,48.5,52,0.0,0.0,28.0,28.0,28.0,28.0,30.0,30.0,91.5,90.0,100,45.8,49
2.0,0.25,2.0,Texas,28.0,28,28,28.0,50.8,51.0,53,0.0,0.0,28.0,28.0,28.0,28.0,30.0,30.0,99.5,100.0,108,46.1,48
0.5,0.25,0.5,Kansas,30.0,30,30,30.0,39.4,39.0,42,0.0,0.0,37.0,37.0,42.9,43.0,46.4,50.0,17.0,16.5,21,23.8,26
1.0,0.25,0.5,Kansas,30.0,30,30,30.0,45.6,45.5,50,0.0,0.0,37.0,37.0,42.9,43.0,36.4,28.0,24.0,25.0,27,24.7,27
0.5,0.25,1.0,Kansas,30.0,30,30,30.0,43.8,44.0,47,0.0,0.0,37.0,37.0,43.0,43.0,46.3,53.0,19.3,19.5,23,25.3,28
1.0,0.1,0.5,Kansas,30.0,30,30,30.0,42.2,42.0,44,0.0,0.0,38.2,37.0,43.6,43.0,31.2,28.0,22.8,22.0,29,26.1,28
1.0,0.1,1.0,Kansas,30.0,30,30,30.0,44.6,44.5,48,0.0,0.0,37.0,37.0,43.6,43.0,28.0,28.0,24.5,24.5,27,26.3,30
0.5,0.25,2.0,Kansas,30.0,30,30,30.0,46.1,47.0,50,0.0,0.0,37.0,37.0,43.0,43.0,33.6,28.0,24.4,24.5,28,26.9,32
1.0,0.25,1.0,Kansas,30.0,30,30,30.0,44.7,44.5,48,0.0,0.0,37.0,37.0,43.0,43.0,35.5,28.0,26.3,27.5,30,28.8,33
2.0,0.25,0.5,Kansas,30.0,30,30,30.0,46.6,46.5,50,0.0,0.0,37.0,37.0,42.7,43.0,41.4,39.0,30.9,30.5,36,29.6,34
2.0,0.25,1.0,Kansas,30.0,30,30,30.0,46.1,45.0,50,0.0,0.0,37.0,37.0,42.9,43.0,40.9,37.5,33.3,34.0,39,32.0,35
2.0,0.25,2.0,Kansas,30.0,30,30,30.0,46.0,46.0,53,0.0,0.0,37.0,37.0,43.0,43.0,38.4,29.5,34.8,34.5,39,32.4,36
1.0,0.25,2.0,Kansas,30.0,30,30,30.0,44.8,45.0,48,0.0,0.0,37.0,37.0,43.0,43.0,35.5,28.0,30.9,31.0,36,32.7,36
0.5,0.1,1.0,Kansas,30.7,30,37,30.0,42.2,43.0,45,0.0,0.0,38.2,37.0,43.6,43.0,45.6,54.0,18.1,17.0,22,23.6,27
2.0,0.1,1.0,Kansas,30.7,30,37,30.0,46.3,47.0,49,0.0,0.0,37.9,37.0,44.0,43.0,28.0,28.0,34.9,35.0,38,30.4,35
1.0,0.1,2.0,Kansas,30.7,30,37,30.0,44.8,45.0,48,0.0,0.0,39.1,37.0,43.9,43.0,31.4,28.0,29.6,30.0,33,31.9,35
2.0,0.1,0.5,Kansas,30.7,30,37,30.0,44.0,44.5,46,0.0,0.0,37.9,37.0,44.0,43.0,28.0,28.0,32.2,32.5,37,32.6,36
0.5,0.1,0.5,Kansas,31.4,30,37,30.0,37.4,37.0,39,0.0,0.0,39.4,37.0,44.2,43.0,47.2,54.0,15.3,15.5,19,22.8,27
2.0,0.1,2.0,Kansas,31.4,30,37,30.0,45.7,45.5,50,0.0,0.0,38.8,37.0,43.9,43.0,28.0,28.0,34.1,33.5,37,31.6,35
0.5,0.1,0.5,Colorado,32.0,32,32,32.0,22.9,23.0,24,0.0,0.0,42.3,43.0,46.3,45.0,28.0,28.0,28.7,29.0,30,7.2,8
0.5,0.25,1.0,Colorado,32.0,32,32,32.0,25.6,26.0,27,0.0,0.0,38.5,38.0,44.3,45.0,28.0,28.0,34.8,35.5,40,7.7,9
0.5,0.05,0.5,Colorado,32.0,32,32,32.0,21.6,22.0,23,0.0,0.0,46.2,45.5,48.9,49.0,28.0,28.0,29.2,29.0,33,7.7,10
2.0,0.25,1.0,Colorado,32.0,32,32,32.0,28.0,28.0,30,0.0,0.0,38.7,38.0,44.5,45.0,28.0,28.0,36.9,37.5,42,8.0,9
1.0,0.25,1.0,Colorado,32.0,32,32,32.0,27.7,28.0,29,0.0,0.0,38.7,38.0,44.1,44.5,28.0,28.0,38.8,39.5,42,8.0,10
2.0,0.25,2.0,Colorado,32.0,32,32,32.0,28.0,27.5,31,0.0,0.0,38.0,38.0,43.9,45.0,28.0,28.0,36.2,36.5,41,8.0,10
0.5,0.25,0.5,Colorado,32.0,32,32,32.0,23.9,24.0,26,0.0,0.0,38.5,38.0,44.7,45.0,28.0,28.0,26.5,25.5,31,8.1,9
1.0,0.1,2.0,Colorado,32.0,32,32,32.0,27.8,28.0,30,0.0,0.0,40.8,38.0,45.8,45.0,28.0,28.0,40.4,40.5,43,8.2,9
0.5,0.25,2.0,Colorado,32.0,32,32,32.0,27.1,27.0,30,0.0,0.0,38.7,38.0,44.8,45.0,28.0,28.0,38.6,38.0,47,8.3,10
1.0,0.25,0.5,Colorado,32.0,32,32,32.0,26.8,27.0,29,0.0,0.0,38.0,38.0,43.8,44.0,28.0,28.0,36.8,37.5,40,8.4,10
2.0,0.25,0.5,Colorado,32.0,32,32,32.0,27.2,27.0,29,0.0,0.0,38.7,38.0,43.4,43.0,28.0,28.0,35.4,36.0,39,8.4,10
1.0,0.05,1.0,Colorado,32.0,32,32,32.0,26.8,27.0,28,0.0,0.0,44.9,47.0,48.2,49.5,28.0,28.0,44.7,43.5,51,8.6,10
1.0,0.25,2.0,Colorado,32.0,32,32,32.0,27.1,27.0,28,0.0,0.0,39.4,38.0,44.6,45.0,28.0,28.0,37.3,38.0,40,8.7,10
0.5,0.05,1.0,Colorado,32.0,32,32,32.0,23.0,22.5,25,0.0,0.0,40.9,38.0,47.2,47.5,28.0,28.0,34.0,34.0,43,8.7,11
1.0,0.1,0.5,Colorado,32.0,32,32,32.0,26.4,26.5,28,0.0,0.0,41.6,41.5,46.1,45.5,28.0,28.0,36.9,36.5,42,8.8,10
2.0,0.1,0.5,Colorado,32.0,32,32,32.0,27.2,27.0,29,0.0,0.0,41.9,41.5,46.4,46.0,28.0,28.0,41.0,41.0,46,8.8,10
0.5,0.01,0.5,Colorado,32.0,32,32,32.0,14.2,14.5,16,0.0,0.0,53.9,49.5,60.4,61.0,28.9,28.0,27.5,27.0,33,8.8,12
2.0,0.1,2.0,Colorado,32.0,32,32,32.0,27.1,27.0,29,0.0,0.0,40.6,38.0,45.4,45.0,28.0,28.0,41.1,40.5,47,8.9,11
0.5,0.1,2.0,Colorado,32.0,32,32,32.0,26.5,26.0,30,0.0,0.0,40.1,38.0,45.8,45.0,28.0,28.0,39.5,39.5,46,8.9,10
1.0,0.1,1.0,Colorado,32.0,32,32,32.0,27.1,27.0,28,0.0,0.0,40.1,38.0,45.0,45.0,28.0,28.0,40.8,40.0,51,8.9,10
2.0,0.05,0.5,Colorado,32.0,32,32,32.0,26.8,27.0,29,0.0,0.0,45.5,45.0,49.6,49.0,28.0,28.0,42.2,42.0,45,9.0,11
1.0,0.05,2.0,Colorado,32.0,32,32,32.0,26.5,27.0,30,0.0,0.0,45.6,45.0,49.7,49.0,28.0,28.0,44.6,44.0,52,9.1,13
0.5,0.1,1.0,Colorado,32.0,32,32,32.0,24.0,24.0,27,0.0,0.0,44.1,45.0,47.2,47.5,28.0,28.0,34.9,35.0,39,9.2,11
1.0,0.05,0.5,Colorado,32.0,32,32,32.0,25.2,25.0,28,0.0,0.0,47.0,47.0,49.2,49.5,28.0,28.0,38.0,38.5,40,9.3,11
2.0,0.1,1.0,Colorado,32.0,32,32,32.0,26.7,27.0,28,0.0,0.0,39.3,38.0,46.2,45.0,28.0,28.0,40.1,40.0,45,9.3,10
2.0,0.05,2.0,Colorado,32.0,32,32,32.0,26.5,27.0,28,0.0,0.0,45.1,45.0,50.7,49.5,28.0,28.0,43.9,43.5,51,9.4,13
2.0,0.05,1.0,Colorado,32.0,32,32,32.0,26.2,26.5,28,0.0,0.0,45.1,45.0,48.0,49.0,28.0,28.0,42.3,42.0,49,9.8,12
0.5,0.05,2.0,Colorado,32.0,32,32,32.0,25.5,25.5,27,0.0,0.0,45.7,45.5,48.8,49.0,28.0,28.0,41.6,40.0,47,9.8,11
2.0,0.01,2.0,Colorado,32.0,32,32,32.0,20.9,21.0,25,0.2,2.0,52.6,50.0,61.4,63.0,28.0,28.0,45.9,47.0,57,11.7,15
0.5,0.1,2.0,Kansas,32.0,30,43,30.0,43.4,44.0,46,0.0,0.0,40.0,37.0,45.7,43.0,28.0,28.0,22.7,23.0,29,26.9,32
0.5,0.05,1.0,Kansas,32.1,30,37,30.0,40.2,41.0,42,0.0,0.0,39.4,37.0,44.2,43.0,33.2,28.0,16.7,16.5,22,23.2,24
2.0,0.25,0.5,New Mexico,32.3,31,38,31.0,10.8,11.0,12,1.4,2.0,45.1,47.0,47.7,49.0,28.0,28.0,34.8,33.5,40,4.9,6
2.0,0.05,1.0,Kansas,32.7,30,43,30.0,45.3,45.0,48,0.0,0.0,42.4,43.0,47.5,46.0,28.0,28.0,34.4,34.5,41,29.4,32
ALL,ALL,ALL,Colorado,32.72222222222222,32,63,32.0,24.294444444444444,26.0,31,0.016666666666666666,2.0,44.72222222222222,45.0,50.30277777777778,49.0,28.025,28.0,38.83888888888889,39.0,59,9.208333333333334,16
1.0,0.05,2.0,Kansas,32.9,30,46,30.0,42.9,43.0,45,0.0,0.0,42.7,43.0,48.2,46.0,28.0,28.0,30.3,30.5,36,31.1,37
2.0,0.25,0.5,Minnesota,33.0,31,36,34.0,33.3,34.0,39,0.0,0.0,35.8,36.0,37.2,37.0,28.0,28.0,70.7,72.0,76,44.2,49
2.0,0.25,2.0,New Mexico,33.1,31,34,34.0,11.3,12.0,13,0.6,2.0,40.7,38.0,42.9,40.0,28.0,28.0,33.5,33.5,36,4.7,7
0.5,0.25,0.5,New Mexico,33.2,31,38,34.0,9.0,9.0,10,0.8,2.0,42.0,40.0,45.1,43.5,28.0,28.0,29.2,28.5,36,3.8,5
1.0,0.25,0.5,New Mexico,33.4,31,34,34.0,10.8,11.0,12,0.4,2.0,39.8,38.0,42.2,40.0,28.0,28.0,31.0,30.5,37,4.2,6
2.0,0.05,0.5,Kansas,33.4,30,43,30.0,44.2,45.0,47,0.0,0.0,40.3,40.0,45.7,46.0,28.0,28.0,29.2,29.0,35,29.5,34
2.0,0.25,1.0,New Mexico,33.5,31,38,34.0,11.3,11.5,13,0.6,2.0,41.1,38.0,44.0,40.0,28.0,28.0,34.1,34.5,38,4.7,6
0.5,0.01,1.0,Colorado,33.7,32,49,32.0,15.9,16.0,18,0.2,2.0,53.4,49.5,63.9,59.0,28.0,28.0,33.9,32.5,39,10.2,13
0.5,0.01,2.0,Colorado,33.7,32,49,32.0,19.8,20.0,24,0.2,2.0,53.0,50.0,59.9,61.0,28.0,28.0,44.5,45.0,49,10.9,14
2.0,0.25,2.0,Minnesota,33.7,31,37,34.0,33.1,34.0,40,0.0,0.0,36.9,37.0,38.6,37.0,28.0,28.0,69.4,70.0,79,45.6,52
0.5,0.25,2.0,New Mexico,33.8,31,38,34.0,11.4,12.0,12,0.4,2.0,40.2,38.0,43.1,40.0,28.0,28.0,33.8,33.5,40,4.3,6
1.0,0.05,0.5,Kansas,34.0,30,43,30.0,41.6,42.0,44,0.0,0.0,40.6,40.0,46.1,44.5,28.0,28.0,22.5,21.5,30,25.2,27
1.0,0.25,1.0,New Mexico,34.1,31,38,34.0,11.7,12.0,13,0.2,2.0,39.3,38.0,41.4,40.0,28.0,28.0,32.3,31.5,36,4.0,5
1.0,0.1,2.0,New Mexico,34.1,31,38,32.5,11.2,11.0,13,0.9,2.0,43.8,42.0,50.0,48.0,28.0,28.0,31.5,32.0,38,4.8,6
1.0,0.25,2.0,New Mexico,34.2,31,38,34.0,11.7,12.0,13,0.4,2.0,40.6,38.0,43.6,40.0,28.0,28.0,32.8,32.0,37,4.3,7
0.5,0.25,0.5,Minnesota,34.2,31,37,35.0,23.7,23.0,30,0.0,0.0,36.8,36.5,40.0,37.5,28.0,28.0,52.3,53.0,57,45.8,52
0.5,0.25,1.0,New Mexico,34.4,34,38,34.0,11.2,11.0,12,0.0,0.0,38.4,38.0,40.9,40.0,28.0,28.0,28.8,28.5,32,2.8,3
1.0,0.01,2.0,Colorado,34.6,32,50,32.0,21.7,21.0,27,0.0,0.0,52.4,49.0,60.6,63.0,28.0,28.0,45.5,47.0,52,10.9,14
1.0,0.1,2.0,Minnesota,34.6,31,37,34.0,30.2,30.5,35,0.0,0.0,39.2,37.0,41.9,37.5,28.0,28.0,69.6,69.0,74,45.9,52
2.0,0.25,1.0,Minnesota,34.6,31,37,35.0,31.7,30.5,41,0.0,0.0,38.1,37.0,41.2,39.5,28.0,28.0,67.6,68.0,77,46.6,53
0.5,0.05,2.0,Kansas,34.7,30,43,33.5,41.1,41.5,45,0.0,0.0,43.3,43.0,48.2,46.0,28.0,28.0,19.1,19.5,23,26.9,30
1.0,0.25,2.0,Minnesota,34.7,31,37,36.0,28.3,26.5,36,0.0,0.0,37.2,37.0,40.2,40.0,28.0,28.0,72.4,71.5,80,48.9,53
0.5,0.25,1.0,Minnesota,34.8,31,37,36.0,25.0,26.0,30,0.0,0.0,37.9,37.0,41.4,42.0,28.0,28.0,64.4,64.5,69,46.5,52
0.5,0.25,2.0,Minnesota,34.8,31,36,36.0,29.2,29.0,35,0.0,0.0,36.5,37.0,41.2,42.0,28.0,28.0,68.6,67.5,77,48.6,55
0.5,0.1,2.0,New Mexico,34.9,31,38,34.0,11.6,12.0,13,0.2,2.0,40.1,38.0,43.4,40.0,28.0,28.0,30.3,29.5,39,4.0,6
2.0,0.1,1.0,New Mexico,34.9,31,42,34.0,11.7,12.0,13,0.1,1.0,39.2,38.0,42.1,40.0,28.0,28.0,31.8,31.5,36,4.2,5
1.0,0.05,1.0,Kansas,34.9,30,46,30.0,42.8,44.0,47,0.0,0.0,43.0,43.0,48.4,46.0,28.0,28.0,22.8,22.5,29,27.5,33
2.0,0.25,0.5,Arizona,35.0,35,35,35.0,10.1,10.0,11,0.0,0.0,36.5,36.5,50.2,53.0,28.0,28.0,7.7,8.0,9,0.9,2
1.0,0.25,2.0,Arizona,35.0,35,35,35.0,10.0,10.0,11,0.0,0.0,36.8,37.0,50.9,53.0,39.3,28.0,7.9,8.0,9,1.0,2
2.0,0.1,1.0,Arizona,35.0,35,35,35.0,10.0,10.0,11,0.0,0.0,36.9,37.0,51.6,53.0,33.7,32.5,6.9,7.0,8,1.0,2
0.5,0.25,1.0,Arizona,35.0,35,35,35.0,9.9,10.0,11,0.0,0.0,37.0,37.0,48.8,46.0,28.0,28.0,5.1,5.0,6,1.1,2
1.0,0.25,0.5,Arizona,35.0,35,35,35.0,9.9,10.0,11,0.0,0.0,36.9,37.0,49.5,49.5,28.9,28.0,6.6,7.0,8,1.1,2
2.0,0.25,1.0,Arizona,35.0,35,35,35.0,9.9,10.0,11,0.0,0.0,36.8,37.0,48.8,46.0,29.8,28.0,8.2,8.0,9,1.1,2
2.0,0.25,2.0,Arizona,35.0,35,35,35.0,9.9,10.0,11,0.0,0.0,36.8,37.0,50.2,53.0,29.8,28.0,7.1,7.0,8,1.1,2
0.5,0.1,1.0,Arizona,35.0,35,35,35.0,9.9,10.0,11,0.0,0.0,37.9,37.0,52.3,53.0,37.6,32.5,4.9,5.0,6,1.1,2
2.0,0.1,2.0,Arizona,35.0,35,35,35.0,9.9,10.0,11,0.0,0.0,37.0,37.0,50.9,53.0,32.8,28.0,7.2,7.0,9,1.1,2
0.5,0.25,0.5,Arizona,35.0,35,35,35.0,9.2,9.0,10,0.0,0.0,36.9,37.0,48.8,46.0,29.8,28.0,4.1,4.5,5,1.2,2
0.5,0.1,2.0,Arizona,35.0,35,35,35.0,9.8,10.0,10,0.0,0.0,37.0,37.0,51.6,53.0,34.0,37.0,7.7,8.0,10,1.2,2
1.0,0.1,0.5,Arizona,35.0,35,35,35.0,9.7,9.5,11,0.2,1.0,40.1,37.0,59.2,53.0,30.4,28.0,6.3,6.0,8,1.3,2
0.5,0.25,2.0,Arizona,35.0,35,35,35.0,9.6,10.0,10,0.0,0.0,36.7,37.0,50.9,53.0,29.8,28.0,8.5,9.0,9,1.4,2
1.0,0.25,1.0,Arizona,35.0,35,35,35.0,9.6,10.0,10,0.0,0.0,36.9,37.0,51.6,53.0,28.0,28.0,8.4,8.5,10,1.4,2
0.5,0.05,1.0,Arizona,35.0,35,35,35.0,9.4,9.5,10,0.1,1.0,41.9,37.0,58.9,53.0,39.4,37.0,3.5,3.5,6,1.5,2
1.0,0.1,1.0,Arizona,35.0,35,35,35.0,9.5,9.5,11,0.1,1.0,37.9,37.0,53.0,53.0,41.5,40.0,6.6,7.0,9,1.5,3
1.0,0.01,1.0,Colorado,35.1,32,63,32.0,18.6,18.0,22,0.0,0.0,58.0,49.5,68.3,63.0,28.0,28.0,42.3,41.0,53,11.6,15
1.0,0.25,1.0,Minnesota,35.1,31,37,36.0,30.3,31.0,32,0.0,0.0,38.0,37.0,41.2,42.0,28.0,28.0,72.9,74.5,79,46.3,48
ALL,ALL,ALL,Kansas,35.105555555555554,30,67,30.0,40.891666666666666,42.0,53,0.005555555555555556,2.0,43.06111111111111,37.0,49.125,43.0,33.69722222222222,28.0,24.383333333333333,24.0,43,27.069444444444443,37
0.5,0.1,0.5,Arizona,35.2,35,37,35.0,8.2,8.0,10,0.0,0.0,38.6,37.0,52.4,53.0,35.8,37.0,3.4,3.0,5,1.3,3
1.0,0.1,2.0,Arizona,35.2,35,37,35.0,9.2,10.0,10,0.0,0.0,38.5,37.0,52.4,53.0,32.2,28.0,7.4,7.5,9,1.8,4
1.0,0.1,1.0,New Mexico,35.2,34,38,34.0,11.4,11.0,12,0.0,0.0,39.3,38.0,42.5,40.0,28.0,28.0,29.4,29.5,32,3.9,4
1.0,0.25,0.5,Minnesota,35.2,31,37,36.0,24.8,24.5,29,0.0,0.0,37.0,37.0,40.4,42.0,28.0,28.0,67.6,67.0,75,48.3,51
2.0,0.1,2.0,New Mexico,35.3,31,38,34.0,11.6,12.0,13,0.2,2.0,40.5,40.0,44.1,43.5,28.0,28.0,30.9,30.5,37,4.1,7
2.0,0.1,0.5,Arizona,35.4,35,37,35.0,9.8,10.0,10,0.0,0.0,39.4,37.0,52.8,53.0,31.3,28.0,8.0,8.0,9,1.2,2
1.0,0.05,0.5,Arizona,35.4,35,37,35.0,9.3,9.0,10,0.0,0.0,42.7,37.0,55.4,53.0,59.9,43.0,4.5,4.0,7,1.6,2
2.0,0.05,0.5,Arizona,35.6,35,37,35.0,9.2,9.0,10,0.2,1.0,41.8,37.0,59.0,53.0,46.2,40.0,6.4,7.0,9,1.8,3
2.0,0.05,2.0,Kansas,35.9,30,43,33.5,46.2,46.0,50,0.0,0.0,41.8,43.0,48.4,46.0,28.0,28.0,34.3,34.5,43,29.7,35
2.0,0.05,1.0,Arizona,36.0,35,37,36.0,9.9,10.0,10,0.0,0.0,46.6,53.0,57.0,58.0,41.8,43.0,6.0,6.0,9,1.1,2
2.0,0.1,0.5,New Mexico,36.0,34,38,36.0,11.7,11.5,14,0.0,0.0,40.0,40.0,43.7,43.5,28.0,28.0,29.2,29.5,32,3.5,4
0.5,0.05,1.0,New Mexico,36.1,34,42,34.0,11.6,11.5,13,0.0,0.0,39.7,38.0,45.3,47.0,28.0,28.0,21.9,22.0,26,1.7,4
1.0,0.1,0.5,New Mexico,36.1,34,39,36.0,11.8,11.5,14,0.0,0.0,40.0,40.0,44.4,47.0,28.0,28.0,27.0,26.5,30,2.8,4
0.5,0.05,1.0,Minnesota,36.1,31,37,37.0,26.2,26.0,31,0.0,0.0,42.1,42.0,46.4,44.0,28.0,28.0,63.3,64.5,71,42.0,46
2.0,0.25,0.5,Wisconsin,36.2,33,45,37.0,41.9,42.5,45,0.1,1.0,42.6,45.0,46.3,49.5,28.0,28.0,85.5,86.0,95,22.8,27
2.0,0.1,1.0,Minnesota,36.2,34,37,36.0,31.8,31.5,43,0.0,0.0,39.1,37.0,43.8,42.0,28.0,28.0,69.4,70.0,80,45.6,52
1.0,0.1,1.0,Minnesota,36.2,31,37,37.0,27.6,28.5,32,0.0,0.0,42.4,44.0,47.2,49.0,28.0,28.0,74.3,73.0,81,48.2,57
2.0,0.1,2.0,Minnesota,36.2,34,37,36.0,27.9,27.5,35,0.0,0.0,39.6,37.0,44.7,44.0,29.6,28.0,70.5,69.0,79,49.2,54
1.0,0.01,0.5,Colorado,36.4,32,50,32.0,17.0,16.5,21,0.0,0.0,54.7,50.0,63.9,63.0,28.0,28.0,39.2,40.0,44,11.3,14
0.5,0.1,1.0,Minnesota,36.5,36,37,36.5,24.0,23.5,32,0.0,0.0,40.1,39.5,46.3,44.0,28.0,28.0,63.1,62.5,66,46.2,52
0.5,0.25,1.0,California,36.6,35,43,35.0,8.1,8.0,9,3.2,8.0,49.4,43.0,65.2,59.0,28.0,28.0,81.6,81.5,91,25.5,26
1.0,0.25,1.0,California,36.6,35,43,35.0,8.2,8.5,9,3.4,8.0,49.4,43.0,65.8,59.0,28.0,28.0,86.6,87.0,92,26.7,28
0.5,0.1,0.5,Minnesota,36.6,36,37,37.0,22.8,22.5,29,0.0,0.0,41.2,44.0,47.9,49.0,28.0,28.0,52.2,52.0,58,44.7,50
2.0,0.1,0.5,Minnesota,36.7,36,37,37.0,29.8,30.0,37,0.0,0.0,41.9,44.0,47.3,49.0,29.6,28.0,70.2,70.0,78,46.5,54
0.5,0.1,0.5,New Mexico,36.8,34,38,38.0,9.9,10.0,11,0.0,0.0,40.8,42.0,45.1,47.0,28.0,28.0,22.4,22.5,26,2.6,4
1.0,0.1,0.5,Minnesota,36.8,36,37,37.0,27.2,27.0,33,0.0,0.0,43.7,44.0,48.7,49.0,29.6,28.0,63.9,64.5,71,44.9,49
0.5,0.1,1.0,New Mexico,36.9,34,39,38.0,11.2,11.0,12,0.0,0.0,40.8,42.0,45.1,47.0,28.0,28.0,24.1,24.0,27,2.6,4
2.0,0.01,0.5,Colorado,36.9,32,63,32.0,20.0,20.5,25,0.0,0.0,53.0,49.5,59.6,58.0,28.0,28.0,44.8,43.5,58,11.5,16
0.5,0.05,0.5,Kansas,36.9,30,46,37.0,34.7,35.0,39,0.0,0.0,46.2,44.5,50.0,49.5,50.0,59.0,14.2,14.0,20,22.9,29
1.0,0.05,2.0,Minnesota,36.9,36,37,37.0,32.2,32.5,38,0.0,0.0,44.3,44.0,49.2,49.0,29.6,28.0,74.5,73.5,84,43.5,49
2.0,0.25,0.5,Iowa,36.9,35,44,35.0,27.6,27.5,33,0.9,1.0,44.7,44.0,47.8,48.0,28.0,28.0,110.7,111.5,117,59.7,64
2.0,0.25,0.5,Ohio,37.0,37,37,37.0,56.4,56.0,61,1.3,2.0,54.2,59.5,59.3,62.0,28.0,28.0,25.3,25.5,29,18.8,21
0.5,0.1,2.0,Minnesota,37.1,34,44,37.0,29.4,30.5,35,0.7,7.0,41.6,44.0,46.3,49.0,28.0,28.0,69.3,68.5,77,46.5,51
1.0,0.05,2.0,Arizona,37.2,35,53,35.0,9.6,10.0,10,0.0,0.0,43.9,37.0,57.0,53.0,43.0,40.0,5.9,5.5,10,1.4,2
0.5,0.05,2.0,Arizona,37.2,35,53,35.0,9.3,9.0,10,0.2,1.0,45.5,45.0,62.8,55.5,40.3,43.0,5.3,5.5,8,1.7,3
0.5,0.25,0.5,Ohio,37.2,37,39,37.0,40.9,40.5,48,1.3,2.0,57.4,62.0,63.9,64.0,28.0,28.0,20.1,20.0,26,18.2,23
1.0,0.25,2.0,Ohio,37.2,37,39,37.0,56.4,55.5,62,1.4,2.0,60.8,63.0,67.2,70.0,28.0,28.0,28.2,27.5,35,19.7,23
1.0,0.25,1.0,Ohio,37.4,37,39,37.0,55.0,55.0,58,1.4,2.0,59.9,63.0,66.6,70.0,28.0,28.0,29.2,29.0,34,19.3,23
1.0,0.25,0.5,California,37.4,35,43,35.0,7.8,8.0,9,3.4,10.0,49.4,43.0,66.6,59.0,28.0,28.0,84.7,83.0,100,26.5,29
2.0,0.25,0.5,California,37.4,35,43,35.0,8.2,8.5,10,4.8,10.0,51.8,55.0,68.6,67.5,28.0,28.0,88.7,87.0,102,27.1,29
1.0,0.05,0.5,Minnesota,37.4,36,44,37.0,28.8,30.0,33,0.4,2.0,44.4,44.0,49.9,51.0,31.2,28.0,64.9,62.5,79,42.4,49
ALL,ALL,ALL,New Mexico,37.49166666666667,31,81,38.0,11.066666666666666,11.0,14,0.23333333333333334,3.0,45.16388888888889,42.0,56.65,47.0,28.0,28.0,25.11111111111111,26.0,40,3.422222222222222,7
2.0,0.05,0.5,Minnesota,37.5,36,44,37.0,30.1,30.0,36,1.1,11.0,43.5,44.0,48.8,49.0,29.6,28.0,71.8,73.0,79,45.4,52
1.0,0.05,1.0,New Mexico,37.6,34,42,38.0,11.0,11.0,14,0.0,0.0,41.3,42.0,50.2,47.0,28.0,28.0,26.4,26.0,31,4.1,5
2.0,0.05,0.5,New Mexico,37.7,34,39,38.0,11.6,11.0,13,0.0,0.0,41.6,42.0,62.3,51.5,28.0,28.0,25.5,25.5,29,3.6,5
2.0,0.05,1.0,New Mexico,37.7,34,39,38.0,11.2,11.0,12,0.0,0.0,41.6,42.0,53.6,49.0,28.0,28.0,25.0,25.0,29,4.4,5
1.0,0.05,2.0,New Mexico,38.0,34,42,38.0,12.1,12.0,14,0.0,0.0,41.7,42.0,47.5,47.0,28.0,28.0,25.6,25.0,30,3.6,6
2.0,0.05,2.0,New Mexico,38.1,31,42,38.0,12.2,12.0,14,0.1,1.0,42.4,42.0,53.2,49.0,28.0,28.0,26.5,27.0,32,3.4,5
1.0,0.05,1.0,Minnesota,38.1,36,49,37.0,31.4,32.5,38,0.0,0.0,44.7,44.0,49.4,49.0,28.0,28.0,70.9,70.5,82,43.5,50
0.5,0.25,0.5,California,38.2,35,43,35.0,8.1,8.0,11,2.4,8.0,47.8,43.0,62.9,59.0,28.0,28.0,77.7,77.0,88,24.0,26
1.0,0.25,2.0,California,38.2,35,43,35.0,8.2,8.5,9,2.7,9.0,47.8,43.0,64.5,59.0,28.0,28.0,85.4,83.5,97,26.6,29
2.0,0.25,2.0,California,38.2,35,43,35.0,7.9,8.0,10,2.8,10.0,47.8,43.0,63.7,59.0,28.0,28.0,86.7,86.5,100,27.1,30
0.5,0.05,2.0,New Mexico,38.4,34,42,38.0,11.1,11.0,12,0.0,0.0,42.2,42.0,54.9,50.0,28.0,28.0,26.7,27.0,30,4.0,5
1.0,0.05,1.0,Arizona,38.5,35,53,36.0,9.4,9.5,10,0.0,0.0,47.0,53.0,57.3,58.0,65.1,43.0,6.1,6.0,11,1.6,3
2.0,0.25,2.0,Wisconsin,38.6,33,45,37.0,41.3,41.5,46,0.2,2.0,43.8,44.0,46.8,47.0,28.0,28.0,85.7,84.5,97,23.3,29
1.0,0.05,0.5,New Mexico,38.7,38,42,38.0,11.4,11.5,13,0.0,0.0,42.5,42.0,48.2,48.0,28.0,28.0,23.5,24.0,25,3.0,5
0.5,0.05,0.5,New Mexico,38.9,38,42,38.0,9.3,9.5,10,0.0,0.0,42.3,42.0,56.9,49.0,28.0,28.0,18.6,18.5,25,2.8,4
2.0,0.1,1.0,California,39.0,35,43,39.0,8.3,8.5,11,2.2,8.0,48.9,43.0,61.6,59.0,28.0,28.0,82.3,81.0,97,26.1,29
0.5,0.25,2.0,California,39.0,35,43,39.0,8.1,8.0,10,1.6,8.0,46.2,43.0,61.8,59.0,28.0,28.0,84.4,82.0,99,26.8,28
2.0,0.05,1.0,Minnesota,39.0,36,44,37.0,33.2,32.5,40,1.2,10.0,46.3,44.0,51.5,52.0,28.0,28.0,73.8,73.5,82,43.0,51
2.0,0.25,0.5,South Dakota,39.1,37,43,37.0,49.9,50.0,51,0.0,0.0,43.5,43.0,44.9,44.0,34.0,28.0,23.8,23.5,29,0.9,3
2.0,0.25,1.0,Ohio,39.1,37,58,37.0,57.0,57.0,62,1.1,2.0,57.1,62.0,65.1,70.0,28.0,28.0,27.9,28.5,34,18.7,24
2.0,0.25,2.0,Ohio,39.1,37,58,37.0,56.3,56.5,62,0.9,2.0,54.2,56.5,59.9,62.0,28.0,28.0,27.1,27.5,31,19.7,24
0.5,0.25,2.0,Ohio,39.4,37,61,37.0,52.9,52.5,59,1.4,2.0,59.2,63.0,65.3,70.0,28.0,28.0,29.3,30.0,33,20.2,23
1.0,0.25,1.0,South Dakota,39.6,37,48,37.0,46.8,47.0,48,0.0,0.0,46.3,45.5,48.6,48.0,39.4,38.5,18.6,19.0,21,1.0,3
2.0,0.01,1.0,Colorado,39.6,32,63,32.0,21.3,22.0,25,0.0,0.0,55.0,49.5,60.3,63.0,28.0,28.0,49.4,50.0,59,11.4,14
0.5,0.25,1.0,Ohio,39.6,37,63,37.0,47.3,47.0,51,1.1,2.0,58.7,63.0,64.2,70.0,28.0,28.0,25.4,24.0,31,17.8,21
0.5,0.25,1.0,South Dakota,39.8,37,48,37.0,41.9,42.0,43,0.0,0.0,47.3,47.5,49.8,51.0,32.2,28.0,15.7,15.5,19,0.6,1
2.0,0.25,2.0,South Dakota,39.8,37,48,37.0,51.2,51.0,52,0.0,0.0,45.7,44.0,47.4,44.0,32.1,28.0,21.0,21.5,23,1.3,3
0.5,0.25,0.5,Wisconsin,39.8,33,45,41.0,39.9,40.5,44,0.2,2.0,44.9,47.0,47.5,50.0,28.0,28.0,73.2,74.5,79,21.8,28
2.0,0.25,1.0,California,39.8,35,43,43.0,8.4,8.0,11,2.4,8.0,47.8,43.0,62.9,59.0,28.0,28.0,86.5,86.5,94,26.6,29
0.5,0.05,2.0,Minnesota,39.8,36,60,37.0,31.5,32.5,38,0.1,1.0,45.8,44.0,49.0,49.0,28.0,28.0,70.5,68.5,80,43.9,50
0.5,0.05,0.5,Minnesota,39.9,37,54,37.0,24.8,24.5,32,0.3,1.0,48.5,46.5,52.3,52.0,29.6,28.0,53.0,54.0,58,40.2,48
0.5,0.25,0.5,Iowa,40.0,35,44,42.0,28.1,27.5,33,0.5,1.0,47.6,45.5,49.3,52.0,31.5,28.0,86.9,86.5,96,54.4,60
1.0,0.1,2.0,Iowa,40.0,35,44,42.0,25.5,26.0,28,0.5,1.0,47.9,45.5,50.8,52.0,28.0,28.0,109.9,108.5,121,60.4,64
2.0,0.25,1.0,Iowa,40.1,35,44,42.0,27.3,27.0,33,0.4,1.0,47.5,45.5,48.8,49.0,28.0,28.0,115.7,113.5,128,60.3,64
2.0,0.25,2.0,Iowa,40.1,35,44,40.0,24.8,23.5,31,0.5,1.0,45.8,44.0,47.7,45.5,28.0,28.0,116.6,118.0,133,63.0,69
2.0,0.25,1.0,Wisconsin,40.2,33,45,41.0,42.7,43.0,47,0.3,3.0,46.0,47.5,49.5,51.0,28.0,28.0,80.2,78.0,93,22.1,28
1.0,0.25,0.5,South Dakota,40.3,37,48,38.5,44.8,45.0,48,0.0,0.0,47.1,47.5,49.7,51.0,32.6,28.0,14.6,14.5,18,0.6,3
ALL,ALL,ALL,Minnesota,40.30555555555556,31,80,37.0,30.63888888888889,30.5,46,0.15833333333333333,11.0,46.03055555555556,44.0,49.769444444444446,49.0,31.716666666666665,28.0,65.45,66.0,84,41.666666666666664,57
1.0,0.25,0.5,Ohio,40.4,37,71,37.0,52.4,53.5,57,1.2,2.0,59.9,63.0,66.7,70.0,28.0,28.0,24.9,25.0,32,17.6,20
0.5,0.05,0.5,Arizona,40.6,35,53,35.0,7.8,8.0,9,0.1,1.0,45.7,43.0,62.8,53.0,61.4,43.0,2.3,2.5,3,1.5,3
0.5,0.01,2.0,New Mexico,40.6,38,42,42.0,11.1,11.5,12,0.0,0.0,49.8,43.0,84.7,81.5,28.0,28.0,16.4,18.0,21,2.3,5
2.0,0.1,2.0,California,40.6,35,43,43.0,8.3,8.0,10,0.0,0.0,43.0,43.0,57.9,59.0,28.0,28.0,81.7,80.5,88,25.7,27
1.0,0.01,2.0,New Mexico,40.7,38,44,42.0,11.8,12.0,14,0.1,1.0,54.9,48.0,84.1,81.0,28.0,28.0,17.2,17.5,23,2.9,4
1.0,0.25,2.0,South Dakota,40.8,37,48,38.5,51.1,51.0,52,0.0,0.0,47.3,48.0,49.6,52.0,37.1,28.0,22.9,23.0,25,1.0,2
0.5,0.05,1.0,California,41.0,35,47,43.0,6.4,6.0,11,5.1,12.0,60.9,59.0,82.9,80.5,28.0,28.0,72.4,74.5,80,26.1,29
1.0,0.25,2.0,Iowa,41.0,35,44,44.0,26.9,28.0,31,0.3,1.0,47.2,47.0,50.7,53.0,28.0,28.0,111.0,109.5,125,60.5,65
ALL,ALL,ALL,Arizona,41.03055555555556,35,113,35.0,9.433333333333334,10.0,11,0.03888888888888889,2.0,49.92777777777778,37.0,65.44444444444444,53.0,59.57660167130919,37.0,5.740947075208914,6.0,11,1.3,4
2.0,0.05,2.0,Minnesota,41.2,34,54,37.0,35.0,36.0,39,0.6,2.0,49.1,50.5,53.2,54.0,29.6,28.0,70.7,71.5,75,40.5,51
1.0,0.01,0.5,New Mexico,41.4,34,52,42.0,10.7,11.0,13,0.4,3.0,61.2,59.0,74.3,75.0,28.0,28.0,11.7,13.5,19,2.0,4
0.5,0.25,1.0,Wisconsin,41.4,33,45,45.0,42.3,43.5,46,0.0,0.0,46.3,50.0,49.0,51.0,28.0,28.0,85.2,83.5,98,20.7,26
0.5,0.1,1.0,California,41.4,35,43,43.0,7.2,7.0,9,1.5,8.0,47.9,43.0,61.8,59.0,28.0,28.0,74.7,75.0,78,25.7,28
0.5,0.1,2.0,California,41.4,35,43,43.0,7.3,7.0,9,1.5,7.0,46.2,43.0,61.3,59.0,28.0,28.0,79.7,81.0,88,26.6,28
0.5,0.25,2.0,Iowa,41.4,35,44,44.0,28.1,27.5,32,0.2,1.0,48.6,50.0,51.0,53.0,28.0,28.0,105.4,104.5,122,57.5,61
0.5,0.25,0.5,South Dakota,41.5,37,48,40.0,38.2,38.0,40,0.0,0.0,46.8,44.0,48.3,46.0,30.5,28.0,12.9,12.5,15,0.6,1
1.0,0.25,2.0,Wisconsin,41.5,33,50,45.0,43.5,44.0,48,0.0,0.0,46.4,49.5,49.2,50.5,28.0,28.0,79.6,77.5,93,20.9,28
0.5,0.25,2.0,South Dakota,41.8,37,48,43.0,44.8,44.0,47,0.0,0.0,47.9,48.0,51.0,54.0,30.5,28.0,19.9,20.0,22,0.8,2
1.0,0.25,1.0,Wisconsin,41.8,33,45,45.0,43.3,45.0,49,0.0,0.0,47.0,49.5,49.4,50.5,28.0,28.0,88.8,89.0,95,21.4,31
0.5,0.25,2.0,Wisconsin,41.8,33,45,45.0,41.2,42.5,45,0.0,0.0,47.1,50.0,50.1,51.5,28.0,28.0,86.8,88.0,95,22.7,30
1.0,0.1,0.5,California,41.8,35,47,43.0,6.6,6.5,9,2.7,8.0,51.2,43.0,65.7,59.0,28.0,28.0,79.2,79.0,84,27.1,29
1.0,0.25,0.5,Iowa,41.8,35,44,44.0,26.6,26.5,32,0.3,1.0,46.9,46.0,50.5,52.0,31.1,28.0,102.4,99.0,113,58.3,66
1.0,0.25,1.0,Iowa,41.9,35,44,44.0,27.9,29.0,33,0.2,1.0,47.6,46.0,49.7,52.0,28.0,28.0,109.5,109.5,121,59.0,64
0.5,0.01,0.5,New Mexico,42.0,38,52,42.0,8.2,8.0,11,0.4,2.0,59.6,58.0,85.6,87.0,28.0,28.0,11.7,13.0,16,1.6,3
1.0,0.25,0.5,Wisconsin,42.2,33,45,45.0,41.7,41.0,45,0.0,0.0,47.3,49.5,49.4,50.5,28.0,28.0,78.5,77.0,90,21.5,26
1.0,0.01,0.5,Kansas,42.2,30,55,44.5,29.7,30.0,34,0.0,0.0,52.2,50.5,59.9,57.5,28.0,28.0,18.9,19.5,21,22.6,25
2.0,0.1,0.5,California,42.2,35,43,43.0,8.0,8.0,10,0.7,7.0,44.6,43.0,60.7,59.0,28.0,28.0,81.7,82.5,87,25.6,27
2.0,0.05,0.5,California,42.2,35,43,43.0,6.9,6.5,10,4.6,8.0,58.7,59.0,78.5,82.5,28.0,28.0,80.5,79.5,89,26.6,29
2.0,0.01,0.5,New Mexico,42.4,38,53,42.0,11.1,11.0,12,0.2,1.0,52.9,53.0,87.6,92.5,28.0,28.0,18.1,18.5,26,3.0,5
2.0,0.01,2.0,New Mexico,42.5,34,52,42.0,11.6,11.0,14,0.5,2.0,65.5,69.5,90.5,90.5,28.0,28.0,15.9,16.0,22,3.5,6
1.0,0.25,1.0,Arkansas,42.6,39,45,45.0,16.6,16.5,18,0.0,0.0,64.6,55.0,101.8,96.0,55.0,55.0,13.1,13.5,16,0.1,1
2.0,0.05,2.0,Arizona,42.7,35,58,35.0,9.7,10.0,11,0.1,1.0,51.9,53.0,66.9,68.0,59.1,43.0,5.6,6.0,8,1.3,2
1.0,0.1,2.0,Wisconsin,42.8,33,50,45.0,42.2,41.5,47,0.0,0.0,48.0,50.0,51.5,53.5,31.7,28.0,79.9,78.5,89,21.9,26
0.5,0.25,1.0,Iowa,42.8,40,44,44.0,28.0,28.5,32,0.3,1.0,48.6,50.0,49.7,53.0,31.5,28.0,95.8,95.5,108,56.3,61
0.5,0.05,1.0,Illinois,43.0,43,43,43.0,52.8,53.0,55,0.0,0.0,63.7,62.0,74.0,75.0,129.3,114.0,5.9,6.5,9,1.0,2
1.0,0.25,0.5,Illinois,43.0,43,43,43.0,62.8,63.0,66,0.0,0.0,56.0,56.0,63.2,62.0,79.3,77.5,7.4,8.0,9,1.6,3
1.0,0.05,0.5,Illinois,43.0,43,43,43.0,55.3,55.5,58,0.0,0.0,67.2,62.0,73.6,75.0,118.3,107.0,6.6,7.0,11,1.6,4
0.5,0.05,0.5,Illinois,43.0,43,43,43.0,42.0,42.0,45,0.0,0.0,65.1,62.0,76.4,75.0,123.3,114.0,4.6,5.0,7,1.6,3
0.5,0.25,0.5,Illinois,43.0,43,43,43.0,49.0,49.0,52,0.0,0.0,53.2,52.0,60.7,62.0,75.0,67.0,6.7,7.5,10,1.8,3
0.5,0.25,1.0,Illinois,43.0,43,43,43.0,58.8,58.5,61,0.0,0.0,56.0,56.0,62.4,62.0,76.7,78.0,5.8,6.0,8,2.0,3
1.0,0.1,0.5,Illinois,43.0,43,43,43.0,58.6,58.5,61,0.0,0.0,61.9,62.0,70.0,70.0,106.8,107.0,6.7,7.5,10,2.2,4
0.5,0.1,1.0,Illinois,43.0,43,43,43.0,56.2,56.0,59,0.0,0.0,66.3,64.5,72.3,75.0,110.2,107.0,6.8,7.0,9,2.2,4
0.5,0.1,0.5,Illinois,43.0,43,43,43.0,45.6,45.5,49,0.0,0.0,63.7,62.0,69.8,67.0,100.3,97.5,4.6,5.0,7,2.2,5
2.0,0.01,1.0,New Mexico,43.0,42,52,42.0,11.5,11.5,14,0.2,2.0,58.3,53.0,91.7,97.5,28.0,28.0,17.1,16.5,22,3.1,5
0.5,0.05,2.0,Illinois,43.0,43,43,43.0,57.1,57.0,62,0.0,0.0,67.2,62.0,75.8,75.0,145.9,151.5,7.8,7.5,10,3.5,6
0.5,0.1,2.0,Illinois,43.0,43,43,43.0,61.5,61.5,63,0.0,0.0,61.3,62.0,69.2,67.0,119.3,107.0,8.1,7.0,13,3.5,4
2.0,0.1,0.5,Illinois,43.0,43,43,43.0,63.9,64.0,66,0.0,0.0,66.0,63.0,72.9,74.0,110.0,96.5,7.8,7.5,11,3.8,6
1.0,0.05,1.0,Illinois,43.0,43,43,43.0,58.8,59.0,63,0.0,0.0,66.5,64.5,76.2,75.0,110.6,92.0,10.8,10.0,16,3.9,6
2.0,0.25,1.0,Illinois,43.0,43,43,43.0,67.2,67.0,69,0.0,0.0,54.4,52.0,63.2,62.0,74.1,78.0,12.1,12.0,16,4.0,7
0.5,0.25,2.0,Illinois,43.0,43,43,43.0,64.2,64.5,67,0.0,0.0,56.6,59.0,63.5,64.5,74.0,75.0,10.0,10.0,13,4.0,6
1.0,0.1,1.0,Illinois,43.0,43,43,43.0,61.3,61.0,64,0.0,0.0,61.1,62.0,70.1,69.0,123.5,88.0,8.5,8.0,12,4.1,6
2.0,0.05,1.0,Illinois,43.0,43,43,43.0,60.4,60.5,63,0.0,0.0,70.5,72.0,81.9,79.0,127.8,96.0,9.3,9.0,14,4.4,6
2.0,0.25,2.0,Illinois,43.0,43,43,43.0,66.9,67.0,68,0.0,0.0,53.4,48.0,62.5,61.0,88.9,85.0,11.0,11.0,13,4.4,6
2.0,0.01,1.0,Illinois,43.0,43,43,43.0,47.4,47.0,53,0.0,0.0,90.6,95.5,102.7,105.0,141.5,138.0,10.5,11.5,14,4.5,9
2.0,0.1,2.0,Illinois,43.0,43,43,43.0,64.7,64.0,67,0.0,0.0,60.6,62.0,69.1,67.0,120.4,107.0,9.5,9.5,13,4.5,6
1.0,0.25,1.0,Illinois,43.0,43,43,43.0,64.1,64.0,66,0.0,0.0,56.4,58.0,63.0,62.0,80.6,78.0,11.0,10.5,16,4.6,6
1.0,0.05,2.0,Illinois,43.0,43,43,43.0,60.9,61.5,65,0.0,0.0,66.0,67.0,75.1,75.0,119.7,121.0,8.6,9.0,11,4.7,7
2.0,0.25,0.5,Illinois,43.0,43,43,43.0,64.2,64.0,67,0.0,0.0,49.4,48.0,61.3,62.0,77.1,78.0,8.9,9.0,12,4.7,6
1.0,0.25,2.0,Illinois,43.0,43,43,43.0,65.9,66.5,69,0.0,0.0,54.0,56.0,62.4,62.0,73.4,66.0,9.9,10.0,14,4.8,6
2.0,0.05,2.0,Illinois,43.0,43,43,43.0,60.4,60.0,64,0.0,0.0,70.5,71.0,79.0,75.5,122.8,107.0,9.5,9.5,14,4.9,7
1.0,0.1,2.0,Illinois,43.0,43,43,43.0,63.2,63.0,66,0.0,0.0,58.9,62.0,69.5,69.0,105.3,97.5,7.9,8.5,10,5.0,7
2.0,0.01,0.5,Illinois,43.0,43,43,43.0,45.6,46.0,50,0.0,0.0,89.1,92.0,98.7,99.0,166.4,180.0,8.7,9.0,13,5.0,9
2.0,0.05,0.5,Illinois,43.0,43,43,43.0,58.7,58.0,63,0.0,0.0,70.5,70.0,79.8,75.0,131.5,125.0,8.7,8.5,12,5.1,6
2.0,0.1,1.0,Illinois,43.0,43,43,43.0,63.2,63.0,67,0.0,0.0,64.8,62.0,73.3,75.0,113.3,106.0,8.6,8.5,12,5.1,9
2.0,0.01,2.0,Illinois,43.0,43,43,43.0,47.0,46.0,53,0.0,0.0,89.2,92.0,100.5,104.0,161.3,157.0,9.4,11.0,13,5.3,9
1.0,0.01,2.0,Illinois,43.0,43,43,43.0,45.6,46.0,48,0.0,0.0,93.8,99.0,108.0,109.0,162.3,170.5,9.5,10.5,14,5.7,9
0.5,0.25,1.0,Florida,43.0,39,59,39.0,13.6,14.0,16,0.0,0.0,56.4,59.0,61.6,61.0,58.6,61.0,20.1,20.0,23,19.6,24
1.0,0.25,1.0,Florida,43.0,39,59,39.0,13.7,14.0,15,0.0,0.0,55.9,59.0,61.4,61.0,58.6,61.0,31.1,31.0,37,20.9,23
0.5,0.1,0.5,California,43.0,43,43,43.0,7.3,7.0,9,1.2,6.0,46.2,43.0,61.3,59.0,28.0,28.0,70.5,69.5,78,22.7,26
1.0,0.05,1.0,California,43.0,35,47,43.0,6.9,6.5,9,4.0,12.0,59.6,43.0,77.9,76.0,28.0,28.0,78.7,79.0,86,26.5,29
1.0,0.1,2.0,California,43.0,43,43,43.0,7.2,7.5,9,2.7,7.0,49.4,43.0,66.4,59.0,28.0,28.0,77.3,77.0,82,26.6,29
1.0,0.1,1.0,California,43.0,43,43,43.0,7.4,7.0,11,2.2,8.0,49.5,43.0,66.9,59.0,28.0,28.0,79.4,79.0,91,26.9,29
2.0,0.1,2.0,Iowa,43.1,35,44,44.0,25.6,25.5,28,0.1,1.0,51.7,53.0,54.3,54.0,28.0,28.0,101.7,100.5,114,62.0,64
0.5,0.25,1.0,Arkansas,43.2,39,45,45.0,9.6,9.5,11,0.0,0.0,65.3,52.5,95.8,91.0,55.0,55.0,9.9,10.0,11,0.3,1
1.0,0.25,0.5,Arkansas,43.2,39,45,45.0,10.3,10.0,12,0.0,0.0,61.5,55.0,87.8,96.0,55.0,55.0,10.8,11.0,13,0.3,1
2.0,0.25,0.5,Arkansas,43.2,39,45,45.0,15.3,15.5,17,0.0,0.0,66.6,55.0,98.1,96.0,55.0,55.0,13.8,13.0,17,0.9,2
1.0,0.25,1.0,Idaho,43.2,42,50,42.0,10.4,10.0,12,0.0,0.0,47.5,48.0,49.2,50.5,28.0,28.0,62.3,62.5,70,14.3,16
2.0,0.25,1.0,South Dakota,43.3,37,48,43.5,50.5,50.5,52,0.0,0.0,48.1,46.0,49.0,49.0,32.5,28.0,23.4,23.5,26,2.0,3
1.0,0.05,0.5,California,43.4,43,47,43.0,6.9,7.5,8,3.5,14.0,55.7,43.0,80.2,67.5,28.0,28.0,73.8,74.5,85,25.9,28
2.0,0.05,1.0,California,43.4,43,47,43.0,7.5,8.0,9,4.3,10.0,59.0,56.5,74.2,76.0,28.0,28.0,78.5,78.0,84,26.3,29
1.0,0.05,2.0,California,43.4,43,47,43.0,7.0,7.0,9,3.7,10.0,57.8,51.0,77.7,76.0,28.0,28.0,79.2,79.0,85,26.7,28
0.5,0.05,2.0,California,43.4,35,47,43.0,6.1,6.0,8,5.9,12.0,66.9,76.0,92.6,93.0,28.0,28.0,79.3,77.5,86,27.2,29
2.0,0.25,0.5,Wyoming,43.5,40,45,45.0,14.0,14.0,14,0.0,0.0,46.9,48.0,49.2,48.0,65.1,75.0,2.8,2.5,5,0.0,0
0.5,0.25,1.0,Idaho,43.6,42,50,42.0,10.3,10.0,11,0.0,0.0,48.8,50.0,49.6,51.0,28.0,28.0,59.9,59.5,68,14.1,15
0.5,0.05,1.0,Iowa,43.6,40,44,44.0,28.1,27.0,33,0.1,1.0,52.4,53.0,54.2,54.5,31.5,28.0,74.4,73.5,84,52.7,56
1.0,0.1,1.0,Iowa,43.6,40,44,44.0,26.0,26.5,32,0.1,1.0,51.4,53.0,53.0,54.0,28.0,28.0,101.4,101.5,112,60.2,67
2.0,0.01,0.5,Kansas,43.7,30,55,46.0,36.0,36.0,42,0.0,0.0,55.9,55.0,61.2,65.0,32.7,28.0,23.5,24.0,29,26.8,33
2.0,0.01,2.0,Minnesota,43.7,37,69,37.0,37.0,37.0,43,0.1,1.0,57.9,57.0,62.0,60.0,36.6,28.0,67.5,68.5,72,33.2,42
0.5,0.25,0.5,Arkansas,43.8,39,45,45.0,5.1,5.0,7,0.0,0.0,76.6,91.0,126.4,132.5,55.0,55.0,8.8,9.0,11,0.0,0
1.0,0.1,1.0,Wisconsin,43.8,33,45,45.0,41.9,43.0,44,0.0,0.0,48.7,50.0,53.1,54.0,28.0,28.0,85.1,86.5,98,22.3,27
2.0,0.25,0.5,Pennsylvania,43.9,37,66,37.0,40.5,39.5,51,2.0,5.0,56.4,54.0,62.3,66.0,56.9,47.0,55.2,60.0,72,17.6,24
ALL,ALL,ALL,Illinois,43.983333333333334,43,111,43.0,54.88055555555555,58.0,69,0.0,0.0,69.34444444444445,62.0,78.66666666666667,75.0,118.63888888888889,107.0,8.113888888888889,8.0,16,3.5555555555555554,9
2.0,0.25,1.0,Nebraska,44.0,42,47,42.0,46.4,46.0,48,0.0,0.0,51.6,52.0,55.2,56.5,87.125,63.0,2.1,2.5,4,9.9,11
1.0,0.25,0.5,Idaho,44.0,42,50,42.0,10.5,10.5,12,0.0,0.0,48.1,50.0,49.4,51.0,28.0,28.0,58.8,58.5,67,14.4,16
2.0,0.25,0.5,Florida,44.0,39,59,39.0,13.9,14.0,16,0.0,0.0,55.7,56.5,59.9,59.5,59.8,61.0,31.3,30.5,38,21.1,24
0.5,0.1,0.5,Iowa,44.0,44,44,44.0,26.5,26.0,31,0.0,0.0,52.4,53.0,54.7,54.0,30.2,28.0,76.0,75.0,82,53.9,57
0.5,0.1,1.0,Iowa,44.0,44,44,44.0,28.5,29.0,31,0.0,0.0,53.0,53.0,54.3,54.0,30.2,28.0,81.3,80.0,88,54.4,59
1.0,0.1,0.5,Iowa,44.0,44,44,44.0,27.2,28.0,30,0.0,0.0,52.4,53.0,54.3,54.0,30.2,28.0,92.5,92.5,103,56.8,60
1.0,0.05,2.0,Iowa,44.0,44,44,44.0,26.2,25.5,35,0.0,0.0,54.9,55.0,56.5,57.0,28.0,28.0,90.5,90.0,98,59.9,64
0.5,0.1,2.0,Iowa,44.0,35,53,44.0,24.7,25.0,28,0.4,3.0,51.9,53.0,54.3,54.0,28.0,28.0,97.3,98.0,106,60.2,63
2.0,0.1,0.5,Iowa,44.0,44,44,44.0,25.8,26.5,29,0.0,0.0,53.2,53.0,54.4,54.0,28.0,28.0,102.3,100.5,115,60.9,66
2.0,0.1,1.0,Iowa,44.0,44,44,44.0,25.4,25.0,31,0.0,0.0,51.8,53.0,53.5,54.0,28.0,28.0,106.0,104.5,122,61.8,66
0.5,0.05,0.5,California,44.2,43,47,43.0,5.8,5.5,8,5.8,12.0,64.4,59.0,90.7,86.5,28.0,28.0,66.4,67.0,70,22.8,26
1.0,0.25,2.0,Arkansas,44.4,39,45,45.0,15.4,15.0,17,0.0,0.0,77.9,86.0,107.7,96.0,55.0,55.0,14.0,13.5,16,1.1,2
2.0,0.1,1.0,Arkansas,44.4,39,45,45.0,14.9,14.5,16,0.0,0.0,85.9,96.0,143.7,163.0,55.0,55.0,14.9,15.0,17,1.3,3
2.0,0.25,1.0,Arkansas,44.4,39,45,45.0,15.3,15.5,17,0.0,0.0,67.4,55.0,92.7,96.0,55.0,55.0,15.5,15.0,18,1.4,3
2.0,0.25,2.0,Arkansas,44.4,39,45,45.0,15.7,16.0,17,0.0,0.0,61.2,55.0,88.6,96.0,55.0,55.0,15.0,15.0,17,2.0,3
2.0,0.1,2.0,Arkansas,44.4,39,45,45.0,14.1,14.0,16,0.0,0.0,96.3,96.0,139.2,163.0,52.3,55.0,14.7,15.0,17,2.3,3
2.0,0.25,0.5,Idaho,44.4,42,50,42.0,10.5,11.0,13,0.0,0.0,47.2,47.0,48.5,50.0,28.0,28.0,59.8,60.0,66,14.3,18
2.0,0.01,2.0,Kansas,44.4,30,55,46.0,36.9,37.0,43,0.0,0.0,53.2,55.0,61.2,62.5,28.0,28.0,29.7,29.5,36,30.2,37
1.0,0.25,0.5,Wyoming,44.5,40,45,45.0,10.9,11.0,11,0.0,0.0,47.3,48.0,48.8,48.0,71.33333333333333,75.0,1.3333333333333333,1.0,2,0.0,0
2.0,0.25,1.0,Wyoming,44.5,40,45,45.0,14.0,14.0,14,0.0,0.0,47.5,48.0,49.4,48.0,71.7,75.0,3.2,3.0,4,0.0,0
0.5,0.25,0.5,Wyoming,44.5,40,45,45.0,11.0,11.0,11,0.0,0.0,47.3,48.0,49.6,48.0,71.7,75.0,1.1,1.0,2,0.0,0
0.5,0.1,2.0,Wyoming,44.5,40,45,45.0,12.3,12.0,13,0.0,0.0,47.7,48.0,52.2,52.0,71.7,75.0,1.6,1.5,3,0.0,0
0.5,0.25,2.0,Nebraska,44.5,42,47,44.5,39.0,39.0,42,0.0,0.0,50.5,48.0,55.5,56.0,81.4,61.0,3.3,3.5,5,5.1,6
0.5,0.01,1.0,Kansas,44.5,37,46,46.0,29.3,29.0,33,0.0,0.0,52.0,55.0,61.4,64.0,31.2,28.0,12.4,12.5,16,20.2,25
1.0,0.25,0.5,Florida,44.5,39,59,39.0,13.4,13.5,15,0.0,0.0,56.4,59.0,61.5,61.0,58.6,61.0,22.6,23.0,26,20.5,22
0.5,0.01,2.0,Kansas,44.6,30,67,46.0,32.9,32.0,36,0.0,0.0,53.3,55.0,61.9,65.0,41.0,28.0,14.1,13.5,22,23.0,27
1.0,0.1,2.0,South Dakota,44.7,43,48,43.5,48.6,49.0,50,0.0,0.0,47.8,46.0,48.6,46.5,44.0,48.0,22.3,21.5,27,3.3,6
1.0,0.25,2.0,Idaho,44.8,42,50,42.0,10.1,10.0,12,0.0,0.0,49.6,50.0,50.6,51.0,28.0,28.0,59.7,59.0,70,15.1,16
1.0,0.01,0.5,Illinois,44.9,43,62,43.0,35.7,35.0,41,0.0,0.0,93.5,93.5,108.5,104.0,172.9,167.5,6.2,6.5,8,3.0,5
2.0,0.05,0.5,Iowa,44.9,44,53,44.0,26.8,26.5,32,0.3,3.0,54.3,54.0,55.6,55.0,28.0,28.0,91.8,91.0,104,59.2,63
0.5,0.25,1.0,Wyoming,45.0,45,45,45.0,10.9,11.0,11,0.0,0.0,47.6,48.0,50.4,50.0,75.0,75.0,1.0,1.0,1,0.0,0
1.0,0.05,2.0,Wyoming,45.0,45,45,45.0,13.3,14.0,14,0.0,0.0,48.0,48.0,53.0,53.0,78.8,75.0,2.8,2.5,4,0.0,0
1.0,0.05,0.5,Wyoming,45.0,45,45,45.0,9.9,10.0,11,0.0,0.0,48.0,48.0,53.4,54.0,98.44444444444444,95.0,1.5555555555555556,1.0,3,0.0,0
1.0,0.25,2.0,Wyoming,45.0,45,45,45.0,14.0,14.0,14,0.0,0.0,48.0,48.0,51.0,52.0,75.0,75.0,2.5,2.5,3,0.0,0
0.5,0.05,1.0,Wyoming,45.0,45,45,45.0,8.9,9.0,10,0.0,0.0,48.0,48.0,54.4,54.0,90.5,75.0,1.5,1.5,2,0.0,0
2.0,0.05,1.0,Wyoming,45.0,45,45,45.0,13.4,14.0,14,0.0,0.0,48.0,48.0,53.8,54.0,120.6,95.0,2.6,3.0,4,0.0,0
0.5,0.25,2.0,Wyoming,45.0,45,45,45.0,13.0,13.0,13,0.0,0.0,47.8,48.0,50.6,52.0,75.0,75.0,1.3,1.0,2,0.0,0
1.0,0.05,1.0,Wyoming,45.0,45,45,45.0,12.8,13.0,14,0.0,0.0,48.0,48.0,53.2,54.0,95.5,95.0,2.1,2.0,3,0.0,0
0.5,0.05,0.5,Wyoming,45.0,45,45,45.0,8.9,9.0,10,0.0,0.0,48.0,48.0,53.4,54.0,85.0,85.0,1.375,1.0,2,0.0,0
1.0,0.25,1.0,Wyoming,45.0,45,45,45.0,13.0,13.0,13,0.0,0.0,47.6,48.0,50.4,52.0,75.0,75.0,2.0,2.0,3,0.0,0
0.5,0.05,2.0,Wyoming,45.0,45,45,45.0,12.2,12.0,14,0.0,0.0,48.0,48.0,53.6,54.0,96.11111111111111,95.0,1.8888888888888888,2.0,4,0.0,0
2.0,0.25,2.0,Wyoming,45.0,45,45,45.0,13.9,14.0,14,0.0,0.0,47.6,48.0,50.4,52.0,75.0,75.0,3.3,3.0,5,0.0,0
2.0,0.05,0.5,Wyoming,45.0,45,45,45.0,13.4,13.0,14,0.0,0.0,48.0,48.0,53.8,54.0,91.6,75.0,3.3,3.5,5,0.0,0
2.0,0.05,2.0,Wyoming,45.0,45,45,45.0,13.1,13.0,14,0.0,0.0,48.0,48.0,55.5,54.0,99.4,95.0,2.9,3.0,4,0.0,0
2.0,0.1,1.0,Wyoming,45.0,45,45,45.0,13.9,14.0,14,0.0,0.0,47.8,48.0,51.6,52.0,77.0,75.0,2.3,2.0,4,0.0,0
1.0,0.1,0.5,Wyoming,45.0,45,45,45.0,10.5,10.5,11,0.0,0.0,48.0,48.0,52.6,52.0,75.0,75.0,1.375,1.0,2,0.0,0
0.5,0.1,1.0,Arkansas,45.0,45,45,45.0,7.9,8.0,10,0.0,0.0,92.9,96.0,145.1,169.0,55.0,55.0,9.0,9.5,10,0.0,0
0.5,0.1,1.0,Wyoming,45.0,45,45,45.0,10.6,11.0,11,0.0,0.0,48.0,48.0,53.0,53.0,75.0,75.0,1.4444444444444444,1.0,2,0.0,0
1.0,0.1,2.0,Wyoming,45.0,45,45,45.0,13.8,14.0,14,0.0,0.0,48.0,48.0,52.2,52.0,84.3,75.0,2.3,2.0,5,0.0,0
2.0,0.1,2.0,Wyoming,45.0,45,45,45.0,13.9,14.0,14,0.0,0.0,48.0,48.0,51.6,52.0,87.77777777777777,75.0,2.3333333333333335,3.0,3,0.0,0
2.0,0.1,0.5,Wyoming,45.0,45,45,45.0,13.6,14.0,14,0.0,0.0,48.0,48.0,52.8,52.0,77.6,75.0,2.8,3.0,4,0.0,0
1.0,0.1,1.0,Arkansas,45.0,45,45,45.0,15.3,15.5,17,0.0,0.0,106.5,96.0,158.4,169.0,55.0,55.0,12.4,12.5,15,0.0,0
1.0,0.1,1.0,Wyoming,45.0,45,45,45.0,13.5,13.5,14,0.0,0.0,48.0,48.0,52.0,52.0,98.0,75.0,2.111111111111111,2.0,3,0.0,0
0.5,0.1,0.5,Arkansas,45.0,45,45,45.0,4.8,5.0,6,0.0,0.0,102.4,96.0,156.0,169.0,55.4,55.0,7.4,7.0,9,0.0,0
0.5,0.1,0.5,Wyoming,45.0,45,45,45.0,10.0,10.0,11,0.0,0.0,48.0,48.0,52.4,52.0,75.0,75.0,1.125,1.0,2,0.0,0
0.5,0.1,2.0,Arkansas,45.0,45,45,45.0,13.7,14.0,15,0.0,0.0,90.0,96.0,131.2,133.0,55.0,55.0,12.1,12.5,14,0.1,1
2.0,0.05,0.5,Arkansas,45.0,45,45,45.0,14.3,14.5,16,0.0,0.0,135.3,163.0,178.7,177.0,55.4,55.0,12.6,12.0,16,0.2,1
2.0,0.1,0.5,Arkansas,45.0,45,45,45.0,15.4,15.5,17,0.0,0.0,103.8,96.0,148.5,169.0,55.0,55.0,13.8,13.0,18,0.4,2
0.5,0.25,2.0,Arkansas,45.0,45,45,45.0,13.7,14.0,15,0.0,0.0,69.9,66.5,90.1,96.0,55.0,55.0,11.7,12.0,13,0.6,1
1.0,0.1,2.0,Arkansas,45.0,45,45,45.0,14.7,14.5,17,0.0,0.0,89.6,86.0,134.9,144.5,52.3,55.0,14.2,14.5,17,1.3,2
1.0,0.25,2.0,Nebraska,45.0,42,47,47.0,45.7,46.0,48,0.0,0.0,51.7,52.0,57.2,56.5,89.6,62.0,3.4,3.5,6,7.0,9
0.5,0.25,0.5,Idaho,45.2,42,50,42.0,8.9,9.0,11,0.0,0.0,48.0,50.0,49.0,51.0,28.0,28.0,58.3,57.5,69,14.6,16
2.0,0.25,2.0,Idaho,45.2,42,50,42.0,11.4,11.5,13,0.0,0.0,49.0,50.0,49.8,51.0,28.0,28.0,61.9,60.0,74,14.7,16
0.5,0.05,1.0,Wisconsin,45.3,33,50,45.0,37.7,38.0,41,0.0,0.0,51.1,50.0,54.3,55.0,31.4,28.0,74.4,73.5,79,24.1,29
2.0,0.05,2.0,California,45.3,43,58,43.0,6.2,6.5,8,6.6,12.0,68.3,76.0,83.3,85.0,28.0,28.0,75.5,74.0,86,27.2,29
1.0,0.05,1.0,Iowa,45.3,44,57,44.0,26.6,25.0,31,0.0,0.0,54.7,53.5,56.8,57.0,28.0,28.0,91.4,90.0,110,59.1,62
0.5,0.25,0.5,Nebraska,45.4,42,56,44.5,26.7,27.0,30,0.0,0.0,52.6,54.0,56.8,56.5,64.14285714285714,63.0,1.0,1.0,2,4.4,6
ALL,ALL,ALL,California,45.47222222222222,35,102,43.0,6.816666666666666,7.0,11,4.6722222222222225,24.0,63.891666666666666,59.0,85.35195530726257,76.0,28.0,28.0,75.91388888888889,77.0,102,26.022222222222222,31
2.0,0.1,1.0,South Dakota,45.5,37,54,48.0,48.6,49.0,50,0.0,0.0,51.1,51.5,53.6,54.0,54.5,53.0,22.1,23.5,26,3.3,6
0.5,0.25,2.0,Idaho,45.6,42,50,44.0,10.1,10.0,11,0.0,0.0,48.9,50.0,50.4,51.0,28.0,28.0,62.2,62.5,65,14.9,17
2.0,0.1,2.0,Wisconsin,45.7,37,50,45.0,41.8,41.5,44,0.0,0.0,50.7,50.0,54.3,55.0,31.0,28.0,80.5,80.0,92,22.4,25
0.5,0.1,2.0,Wisconsin,45.8,37,56,45.0,39.9,40.0,45,0.0,0.0,50.6,50.0,54.1,54.0,28.0,28.0,83.0,82.0,91,23.0,27
1.0,0.05,0.5,Iowa,45.8,44,53,44.0,27.8,28.0,33,0.5,3.0,54.9,55.0,56.5,57.0,30.2,28.0,82.2,82.5,94,55.7,62
1.0,0.25,1.0,Nebraska,45.9,42,56,47.0,42.6,43.0,44,0.0,0.0,51.5,48.0,57.4,56.0,91.44444444444444,63.0,3.2,3.0,5,5.6,8
2.0,0.25,2.0,Nebraska,45.9,42,56,47.0,48.6,48.5,52,0.0,0.0,52.2,52.0,55.9,56.5,121.1,81.5,2.5,2.0,5,8.5,10
2.0,0.25,0.5,Nebraska,46.0,42,47,47.0,44.5,44.5,46,0.0,0.0,54.2,56.0,56.4,57.0,129.375,75.0,1.8,2.0,4,6.0,8
2.0,0.1,1.0,Idaho,46.0,42,50,46.0,10.2,10.0,12,0.0,0.0,48.4,50.5,50.5,51.5,28.0,28.0,58.7,58.0,64,14.6,16
2.0,0.25,2.0,Florida,46.0,39,59,39.0,13.9,13.5,17,0.0,0.0,56.4,59.0,61.0,61.0,58.6,61.0,33.4,33.5,39,21.1,23
2.0,0.1,1.0,Wisconsin,46.0,45,50,45.0,41.3,40.5,46,0.0,0.0,51.1,50.0,54.1,54.0,28.0,28.0,77.4,75.0,86,22.9,27
1.0,0.01,2.0,Kansas,46.2,30,55,46.0,37.4,36.5,46,0.0,0.0,55.9,55.0,63.6,65.0,28.0,28.0,24.7,24.0,33,27.6,36
0.5,0.05,0.5,Iowa,46.2,44,57,44.0,25.3,25.5,27,0.3,3.0,54.3,54.0,56.0,57.0,32.9,28.0,69.3,65.0,95,53.1,57
0.5,0.05,2.0,Iowa,46.2,44,57,44.0,26.6,27.0,32,0.0,0.0,54.2,53.5,57.7,57.0,28.0,28.0,85.1,85.5,92,57.8,65
ALL,ALL,ALL,Iowa,46.25555555555555,35,79,44.0,26.761111111111113,26.0,36,0.6027777777777777,15.0,54.09166666666667,53.0,58.62222222222222,55.0,29.258333333333333,28.0,92.00833333333334,92.0,133,56.55277777777778,69
2.0,0.01,1.0,Kansas,46.3,30,65,46.0,37.4,38.5,41,0.0,0.0,53.5,55.0,60.0,62.5,32.8,28.0,27.0,26.0,38,28.1,34
2.0,0.25,1.0,Idaho,46.4,42,50,48.0,10.2,10.0,11,0.0,0.0,48.7,50.5,49.8,51.5,28.0,28.0,59.5,60.0,67,14.9,17
1.0,0.01,1.0,New Mexico,46.5,38,81,42.0,10.8,10.5,13,0.2,1.0,59.6,58.5,90.4,92.5,28.0,28.0,16.1,15.5,27,2.7,5
1.0,0.25,2.0,Florida,46.5,39,59,39.0,14.0,14.0,17,0.0,0.0,59.1,59.0,62.2,61.0,61.0,61.0,33.8,34.0,37,21.0,23
0.5,0.1,1.0,Wisconsin,46.5,45,50,45.0,39.8,40.0,44,0.0,0.0,50.9,50.0,53.8,54.0,34.2,28.0,80.5,81.5,88,22.3,28
1.0,0.1,1.0,South Dakota,46.7,43,48,48.0,45.0,45.5,47,0.0,0.0,51.8,54.0,53.0,54.0,35.5,28.0,18.7,18.0,23,2.9,4
0.5,0.1,2.0,South Dakota,46.8,40,48,48.0,43.3,44.0,47,0.0,0.0,52.3,54.0,53.1,54.0,40.0,38.0,17.8,18.0,20,2.2,4
0.5,0.25,0.5,Florida,47.0,39,59,39.0,14.1,14.5,18,0.0,0.0,55.8,59.0,62.2,61.0,58.6,61.0,16.1,16.5,19,16.4,19
1.0,0.1,0.5,Wisconsin,47.0,45,50,45.0,40.1,39.5,44,0.0,0.0,51.8,50.0,55.0,54.5,31.0,28.0,75.6,76.0,84,22.3,28
2.0,0.1,0.5,Wisconsin,47.0,45,50,45.0,41.4,42.0,45,0.0,0.0,51.6,50.0,54.8,54.5,28.0,28.0,83.0,82.5,94,22.5,26
2.0,0.05,1.0,Iowa,47.0,44,55,44.0,25.2,25.0,30,0.3,3.0,55.1,55.0,57.0,57.0,28.0,28.0,96.2,97.0,102,60.7,66
2.0,0.25,1.0,Oklahoma,47.1,37,50,50.0,43.3,43.0,46,0.5,1.0,53.3,55.5,58.2,57.5,28.0,28.0,14.1,14.5,17,9.5,12
ALL,ALL,ALL,Wyoming,47.125,40,128,45.0,11.472222222222221,12.0,14,0.0,0.0,52.55555555555556,48.0,60.422222222222224,54.0,90.67359050445104,75.0,2.1305637982195846,2.0,6,0.0,0
0.5,0.01,1.0,New Mexico,47.2,38,81,42.0,8.8,9.0,10,0.1,1.0,57.1,49.5,87.1,89.0,28.0,28.0,13.2,15.5,20,1.3,3
0.5,0.01,2.0,Wyoming,47.3,45,65,45.0,9.9,10.0,12,0.0,0.0,61.8,54.0,89.9,84.0,125.0,116.0,2.1,2.0,4,0.0,0
1.0,0.1,2.0,Ohio,47.3,37,70,37.0,57.8,58.0,62,1.0,2.0,68.7,70.5,72.3,72.0,28.0,28.0,28.9,29.0,33,16.7,20
1.0,0.01,1.0,Kansas,47.3,37,65,46.0,34.7,34.5,40,0.0,0.0,56.2,55.0,64.7,65.0,31.2,28.0,18.5,18.0,24,25.1,29
0.5,0.25,1.0,Nebraska,47.4,42,56,47.0,34.0,34.0,36,0.0,0.0,53.2,56.0,57.4,57.5,88.8,62.0,1.6,1.0,4,4.6,6
2.0,0.1,2.0,South Dakota,47.6,37,54,48.0,48.4,48.5,50,0.0,0.0,52.4,54.0,53.4,54.0,43.2,50.5,21.7,22.0,27,3.4,5
2.0,0.1,2.0,Idaho,47.6,42,50,50.0,11.1,11.0,12,0.0,0.0,50.3,51.0,51.6,52.0,28.0,28.0,59.4,59.5,63,14.5,15
2.0,0.25,0.5,Virginia,47.7,46,63,46.0,34.3,35.0,37,0.0,0.0,65.5,63.0,72.0,68.0,28.0,28.0,17.4,17.5,20,10.0,13
2.0,0.05,2.0,Iowa,47.7,44,54,44.0,24.6,24.5,29,0.7,4.0,54.4,54.0,55.9,57.0,31.1,28.0,109.5,111.5,117,62.4,67
0.5,0.01,1.0,Illinois,47.9,43,92,43.0,34.3,34.0,38,0.0,0.0,98.7,105.0,106.6,108.5,168.6,167.5,4.9,4.5,12,1.2,4
0.5,0.01,2.0,Illinois,47.9,43,92,43.0,42.1,41.5,47,0.0,0.0,96.2,97.0,105.3,108.5,154.4,152.5,6.8,6.5,10,3.5,5
1.0,0.25,0.5,Nebraska,47.9,47,56,47.0,36.5,36.5,40,0.0,0.0,54.9,56.0,58.5,57.5,122.8,64.5,2.5,2.0,5,4.6,6
0.5,0.1,0.5,South Dakota,48.0,48,48,48.0,35.1,35.0,37,0.0,0.0,54.0,54.0,54.3,54.0,38.0,28.0,11.3,12.0,14,1.9,4
1.0,0.1,0.5,South Dakota,48.0,48,48,48.0,41.8,42.0,46,0.0,0.0,54.1,54.0,54.8,55.0,43.0,53.0,15.1,15.0,19,2.4,4
2.0,0.25,2.0,Oklahoma,48.0,37,50,50.0,44.5,44.5,47,0.3,1.0,53.5,55.0,56.8,56.0,28.0,28.0,16.0,15.5,21,10.1,12
0.5,0.1,0.5,Wisconsin,48.0,45,50,50.0,39.9,40.0,42,0.0,0.0,52.0,51.0,54.7,55.0,34.1,28.0,65.7,65.5,74,21.8,25
0.5,0.05,1.0,Idaho,48.1,42,59,50.0,8.8,9.0,10,0.0,0.0,52.6,51.0,55.3,52.0,31.4,28.0,50.8,52.5,58,13.3,16
0.5,0.1,2.0,Idaho,48.1,42,50,50.0,9.0,9.0,11,0.0,0.0,50.7,51.0,51.7,52.0,28.0,28.0,56.3,56.5,61,14.6,16
2.0,0.25,2.0,Michigan,48.1,40,52,47.5,36.7,36.0,41,0.5,1.0,53.4,52.0,56.9,53.0,56.8,63.0,23.8,22.5,33,26.8,29
0.5,0.1,1.0,South Dakota,48.2,44,54,48.0,39.5,39.5,41,0.0,0.0,53.4,54.0,54.3,54.0,40.5,40.5,15.2,16.0,20,0.9,2
0.5,0.01,0.5,Minnesota,48.2,37,68,43.0,29.5,30.0,34,0.2,1.0,59.0,60.0,63.0,61.5,49.7,57.0,44.4,44.5,51,27.9,34
1.0,0.1,2.0,Nebraska,48.3,42,56,47.0,43.2,43.0,46,0.0,0.0,56.5,56.0,59.7,57.0,150.6,197.0,2.1,2.0,3,7.1,9
0.5,0.25,2.0,Florida,48.5,39,59,46.5,14.9,15.0,17,0.0,0.0,57.8,59.0,62.6,61.0,59.8,61.0,29.3,29.0,35,19.8,22
2.0,0.05,1.0,Wisconsin,48.6,45,56,50.0,39.8,40.0,43,0.0,0.0,54.3,55.0,57.7,57.0,40.4,28.0,77.3,77.0,89,24.0,27
2.0,0.25,0.5,Michigan,48.6,46,52,49.0,36.0,35.0,40,0.1,1.0,52.2,52.0,55.3,55.0,54.8,60.0,22.4,21.5,27,26.5,31
0.5,0.05,1.0,South Dakota,48.7,43,54,48.0,36.7,36.5,40,0.0,0.0,53.1,54.0,53.4,54.0,54.2,53.0,15.1,15.0,20,1.7,3
0.5,0.25,0.5,Oklahoma,48.7,37,56,50.0,18.2,18.0,21,0.2,1.0,54.4,55.0,57.7,56.0,40.0,40.0,4.8,5.0,7,2.0,3
1.0,0.05,2.0,Wisconsin,48.7,45,57,50.0,39.3,39.0,44,0.0,0.0,53.6,54.0,56.9,56.5,42.0,28.0,80.2,81.5,88,24.5,29
ALL,ALL,ALL,South Dakota,48.78055555555556,37,64,48.0,42.236111111111114,43.0,52,0.0,0.0,54.30555555555556,54.0,56.080555555555556,55.0,47.775,49.0,18.194444444444443,18.0,34,2.886111111111111,11
2.0,0.1,0.5,South Dakota,48.8,44,54,48.0,47.6,48.0,50,0.0,0.0,53.4,54.0,54.4,54.0,51.9,53.0,21.0,21.0,25,3.3,5
1.0,0.1,0.5,Idaho,48.8,42,58,50.0,9.4,9.0,11,0.0,0.0,51.5,51.0,53.5,52.0,28.0,28.0,54.1,54.0,59,13.6,16
2.0,0.05,0.5,Idaho,48.8,42,50,50.0,9.0,9.0,11,0.0,0.0,50.8,51.0,51.8,52.0,28.0,28.0,58.3,58.5,62,14.1,16
2.0,0.1,0.5,Idaho,48.8,42,50,50.0,9.4,9.5,10,0.0,0.0,50.8,51.0,51.8,52.0,28.0,28.0,57.8,58.0,63,14.1,15
0.5,0.01,0.5,Illinois,48.9,43,102,43.0,26.5,26.0,30,0.0,0.0,86.0,83.5,104.1,103.0,170.3,157.0,3.3,3.0,6,1.1,3
0.5,0.1,1.0,Idaho,48.9,42,59,50.0,8.8,9.0,10,0.1,1.0,51.8,51.0,53.5,52.0,28.0,28.0,56.0,57.0,61,14.5,15
1.0,0.25,1.0,Oklahoma,49.0,46,50,50.0,40.2,40.0,42,0.5,1.0,54.0,55.5,58.5,57.5,32.8,28.0,12.0,12.0,15,7.1,9
2.0,0.1,1.0,Florida,49.0,39,59,49.0,13.7,14.0,16,0.0,0.0,58.5,60.0,64.1,63.5,59.8,61.0,37.2,37.5,41,21.3,26
2.0,0.05,0.5,Wisconsin,49.0,45,56,50.0,41.6,41.0,47,0.0,0.0,53.4,54.0,56.5,56.0,28.0,28.0,79.2,80.0,87,22.4,25
1.0,0.05,1.0,Wisconsin,49.0,45,55,50.0,39.3,39.0,45,0.0,0.0,53.6,54.0,56.3,56.5,30.2,28.0,84.3,85.0,91,23.9,28
1.0,0.05,0.5,Arkansas,49.1,45,86,45.0,8.4,8.5,10,0.1,1.0,142.3,169.0,166.1,177.0,76.9,55.0,8.0,8.5,11,0.3,1
2.0,0.25,0.5,Oklahoma,49.1,47,50,50.0,42.4,42.5,44,0.1,1.0,54.1,55.0,56.6,56.0,40.0,40.0,13.0,13.0,16,7.5,9
2.0,0.25,0.5,Kentucky,49.2,34,63,52.0,46.9,47.0,50,0.3,1.0,59.1,60.0,64.3,64.0,28.0,28.0,25.9,25.5,31,12.7,15
1.0,0.05,1.0,South Dakota,49.3,37,57,48.0,42.6,42.0,46,0.0,0.0,54.8,54.0,56.6,55.0,46.1,40.5,19.6,19.5,26,4.0,5
1.0,0.25,0.5,Oklahoma,49.4,47,50,50.0,29.8,30.0,34,0.5,1.0,54.5,55.5,59.5,57.5,37.6,28.0,10.1,10.5,11,4.2,5
0.5,0.25,0.5,Michigan,49.4,40,52,52.0,32.4,32.5,37,0.6,1.0,55.1,57.0,59.5,61.5,60.2,65.0,18.3,18.0,25,21.7,25
0.5,0.01,0.5,Kansas,49.5,43,60,46.0,25.1,25.5,28,0.2,2.0,58.8,55.0,65.0,65.0,31.2,28.0,10.4,9.5,15,17.1,27
1.0,0.05,0.5,South Dakota,49.6,48,57,48.0,39.4,40.0,44,0.0,0.0,54.8,54.0,55.8,55.0,43.4,53.0,17.1,17.5,21,3.7,8
2.0,0.25,1.0,Michigan,49.6,40,52,52.0,36.8,36.5,41,0.6,1.0,54.4,55.0,59.0,60.5,55.6,63.0,21.9,22.0,28,26.9,30
2.0,0.05,0.5,South Dakota,49.8,48,54,48.0,45.4,45.0,48,0.0,0.0,54.2,54.0,54.7,55.0,44.6,53.0,21.5,21.5,26,4.6,7
0.5,0.1,2.0,Nebraska,49.8,47,56,47.0,37.3,38.0,39,0.0,0.0,57.9,56.0,61.4,61.0,137.2,128.0,2.8,3.0,4,5.4,7
1.0,0.01,2.0,Arizona,50.0,35,58,53.0,9.3,9.0,11,0.1,1.0,72.2,68.0,93.1,84.0,135.7,136.0,5.0,5.0,9,1.3,3
1.0,0.1,2.0,Idaho,50.0,50,50,50.0,9.6,10.0,11,0.0,0.0,51.0,51.0,52.0,52.0,28.0,28.0,57.9,58.5,64,14.6,16
0.5,0.1,0.5,Idaho,50.0,50,50,50.0,7.9,8.0,9,0.0,0.0,51.0,51.0,53.1,52.0,28.0,28.0,51.9,51.0,59,14.7,17
ALL,ALL,ALL,Wisconsin,50.05277777777778,33,94,45.0,39.0,40.0,49,0.07222222222222222,3.0,55.22222222222222,54.0,58.81666666666667,56.0,32.78888888888889,28.0,75.81388888888888,77.0,98,23.461111111111112,32
1.0,0.1,0.5,Arkansas,50.1,45,96,45.0,9.6,9.5,11,0.0,0.0,107.1,96.0,152.8,169.0,59.5,55.0,10.7,11.5,12,0.1,1
1.0,0.25,1.0,Missouri,50.1,38,53,53.0,79.7,80.5,81,0.0,0.0,55.7,56.0,57.8,59.0,28.0,28.0,16.7,17.0,22,4.7,6
2.0,0.25,1.0,Missouri,50.1,38,53,53.0,81.0,81.5,85,0.0,0.0,55.4,56.0,57.8,59.0,28.0,28.0,20.2,20.0,25,5.6,8
1.0,0.1,1.0,Idaho,50.1,46,59,50.0,9.5,9.5,11,0.1,1.0,51.9,51.0,54.7,52.0,28.0,28.0,55.9,56.0,64,14.2,16
0.5,0.05,0.5,Wisconsin,50.1,45,57,50.0,37.9,37.5,41,0.0,0.0,54.7,55.0,56.7,56.0,42.3,28.0,63.8,63.5,69,22.5,25
0.5,0.05,2.0,South Dakota,50.2,37,57,48.0,42.4,42.5,45,0.0,0.0,56.1,54.5,57.0,55.0,40.4,28.0,19.9,20.5,27,3.6,6
1.0,0.25,0.5,Indiana,50.2,41,56,50.0,62.1,62.0,65,0.0,0.0,55.5,56.0,57.3,57.0,28.0,28.0,21.7,22.0,24,11.7,14
2.0,0.01,2.0,Iowa,50.2,44,57,49.0,27.0,26.5,34,0.0,0.0,60.7,57.0,70.7,70.5,28.0,28.0,86.9,85.5,97,57.2,63
2.0,0.05,1.0,South Dakota,50.3,44,57,48.0,45.5,46.0,48,0.0,0.0,54.9,54.0,55.4,55.0,50.4,53.0,20.7,20.0,25,5.7,9
1.0,0.25,2.0,Oklahoma,50.3,47,56,50.0,44.1,44.0,46,0.4,1.0,55.8,55.5,59.2,57.5,32.8,28.0,12.2,12.0,16,8.7,12
2.0,0.25,0.5,New York,50.3,42,53,51.0,16.7,17.0,19,0.8,5.0,54.8,53.0,57.6,57.0,28.0,28.0,177.5,176.0,188,33.9,36
2.0,0.05,2.0,South Dakota,50.4,48,57,48.0,46.5,46.0,49,0.0,0.0,55.8,56.0,57.8,58.0,51.9,53.0,22.3,22.0,29,5.0,6
0.5,0.25,0.5,Pennsylvania,50.4,37,66,50.5,39.9,40.5,46,1.5,6.0,64.4,66.0,70.4,73.0,28.0,28.0,29.3,25.5,53,13.1,21
1.0,0.25,1.0,Michigan,50.4,46,52,52.0,37.0,37.0,39,0.6,1.0,54.7,58.0,60.4,64.0,59.3,64.0,22.1,20.5,29,25.0,28
0.5,0.25,2.0,Oklahoma,50.5,46,56,50.0,40.8,40.5,42,0.4,1.0,56.3,56.0,60.9,61.5,35.2,28.0,10.0,10.0,14,4.8,6
0.5,0.25,1.0,Michigan,50.5,46,52,52.0,33.5,33.5,36,0.6,1.0,55.2,58.0,60.8,65.0,61.5,67.0,19.9,20.0,25,23.1,25
1.0,0.25,2.0,Michigan,50.5,47,52,52.0,38.2,39.0,42,0.7,2.0,56.0,58.0,60.9,65.0,52.4,59.5,22.7,21.0,30,25.4,29
0.5,0.25,1.0,Oklahoma,50.6,47,56,50.0,22.9,22.5,25,0.4,1.0,56.2,56.0,61.1,64.0,44.1,40.0,6.4,6.0,9,2.2,4
2.0,0.1,2.0,Nebraska,50.6,47,56,47.0,46.6,46.5,48,0.0,0.0,58.4,56.0,62.3,63.0,131.2,64.5,1.8,1.5,3,8.3,10
2.0,0.1,2.0,Oklahoma,50.6,50,56,50.0,43.3,43.5,46,0.5,1.0,56.7,56.0,63.7,64.0,28.0,28.0,15.1,15.5,18,9.0,12
2.0,0.1,1.0,Oklahoma,50.6,47,56,50.0,41.8,42.5,44,0.6,1.0,56.4,56.0,65.0,64.0,28.0,28.0,15.3,15.0,19,9.1,12
2.0,0.25,2.0,Pennsylvania,50.6,37,66,57.0,44.0,47.0,50,1.5,8.0,62.6,66.0,69.9,71.0,71.1,84.0,38.5,29.5,66,14.2,25
2.0,0.25,1.0,Indiana,50.7,46,56,50.0,65.9,65.5,70,0.0,0.0,54.5,56.0,57.2,57.0,28.0,28.0,22.6,22.0,27,11.9,17
2.0,0.01,2.0,Wyoming,50.8,45,83,45.0,10.3,10.0,11,0.0,0.0,64.9,56.0,82.3,83.5,139.11111111111111,137.0,2.3333333333333335,2.0,4,0.0,0
1.0,0.01,2.0,Wyoming,50.9,45,84,45.0,10.9,11.0,12,0.0,0.0,59.1,51.0,69.4,65.0,111.77777777777777,95.0,3.111111111111111,3.0,6,0.0,0
2.0,0.05,1.0,Idaho,50.9,50,59,50.0,9.3,9.0,11,0.0,0.0,52.1,51.0,56.0,52.0,30.5,28.0,53.9,55.0,58,14.2,16
2.0,0.05,2.0,Wisconsin,50.9,45,62,50.0,39.1,39.5,41,0.0,0.0,57.0,56.0,59.5,58.0,36.4,28.0,77.9,77.5,88,25.0,30
2.0,0.25,0.5,Indiana,51.0,47,56,51.0,64.6,64.0,68,0.0,0.0,53.5,53.0,55.7,56.0,28.0,28.0,22.7,22.0,31,11.5,15
2.0,0.25,2.0,Indiana,51.0,46,56,50.0,65.4,66.0,71,0.0,0.0,54.2,54.5,57.4,56.5,28.0,28.0,24.3,24.0,29,13.7,19
2.0,0.25,1.0,Florida,51.0,39,59,59.0,13.7,14.0,15,0.0,0.0,56.7,61.0,62.4,66.0,58.6,61.0,35.3,34.5,40,21.3,24
0.5,0.25,2.0,Michigan,51.0,46,52,52.0,37.1,37.0,41,0.6,1.0,55.5,58.0,61.0,65.0,31.9,28.0,20.0,20.5,23,24.5,27
0.5,0.01,1.0,Minnesota,51.0,37,60,55.0,32.3,32.0,35,0.1,1.0,60.5,60.0,61.6,61.5,41.5,28.0,57.7,58.0,69,29.6,35
2.0,0.25,0.5,Maryland,51.1,48,57,48.0,12.4,12.5,14,0.0,0.0,59.6,55.5,61.6,57.5,61.6,53.0,12.8,13.0,17,4.3,7
1.0,0.05,0.5,Wisconsin,51.1,45,56,50.0,38.4,38.0,42,0.0,0.0,55.9,55.5,58.3,57.0,43.8,28.0,73.8,74.0,82,24.3,28
2.0,0.01,1.0,Minnesota,51.1,37,68,57.0,37.9,37.0,44,0.1,1.0,60.3,60.5,63.3,61.5,38.5,28.0,63.6,62.0,77,31.1,35
1.0,0.25,0.5,New York,51.1,42,53,52.0,15.1,15.0,19,0.7,5.0,57.2,57.0,62.1,65.0,28.0,28.0,183.6,183.5,197,35.5,39
0.5,0.1,0.5,Oklahoma,51.2,50,56,50.0,14.6,14.5,18,0.3,1.0,57.6,56.0,64.5,64.0,49.0,52.0,3.9,4.5,6,1.9,3
0.5,0.05,0.5,South Dakota,51.3,48,57,51.0,32.2,32.0,36,0.0,0.0,56.0,55.0,57.3,56.0,55.0,53.0,9.6,9.5,16,2.3,4
1.0,0.1,2.0,Oklahoma,51.3,46,56,50.0,43.1,43.5,44,0.3,1.0,56.7,56.0,61.5,61.5,41.8,28.0,10.9,11.0,13,8.2,10
0.5,0.05,2.0,Wisconsin,51.3,45,62,50.0,37.9,38.0,42,0.0,0.0,55.9,55.5,58.3,57.0,28.0,28.0,83.0,81.5,97,24.5,28
0.5,0.25,0.5,New York,51.3,42,53,53.0,13.5,13.5,17,0.9,6.0,57.9,57.5,62.8,63.0,28.0,28.0,151.2,150.0,162,33.2,37
1.0,0.05,1.0,Nebraska,51.4,42,56,56.0,37.6,38.0,39,0.0,0.0,59.7,60.5,63.6,63.0,130.8,133.0,2.5,2.0,4,5.9,7
0.5,0.25,1.0,Indiana,51.4,47,56,50.0,60.0,59.0,66,0.0,0.0,55.3,56.0,57.6,57.0,28.0,28.0,22.2,21.5,28,11.7,17
0.5,0.1,1.0,Nebraska,51.5,47,56,51.5,31.4,31.0,35,0.0,0.0,58.5,57.0,62.6,63.0,90.71428571428571,61.0,0.9,1.0,3,5.1,7
1.0,0.25,2.0,Missouri,51.5,38,53,53.0,80.9,81.5,84,0.0,0.0,56.0,56.0,58.7,59.0,28.0,28.0,21.2,21.5,24,5.8,8
0.5,0.25,0.5,Missouri,51.6,46,53,53.0,51.3,52.0,53,0.0,0.0,56.0,56.0,58.4,59.0,28.0,28.0,10.4,10.5,13,3.8,5
1.0,0.05,2.0,South Dakota,51.6,48,54,54.0,47.0,47.0,49,0.0,0.0,54.6,55.0,55.6,55.0,43.0,28.0,23.9,24.0,30,4.4,7
1.0,0.25,0.5,Missouri,51.6,46,53,53.0,74.6,74.0,79,0.0,0.0,55.7,56.0,58.1,59.0,28.0,28.0,15.5,15.0,23,4.6,7
0.5,0.25,1.0,Missouri,51.6,46,53,53.0,68.3,68.0,72,0.0,0.0,55.7,56.0,58.4,59.0,32.4,28.0,14.5,13.5,21,5.4,9
2.0,0.25,2.0,Missouri,51.6,46,53,53.0,81.5,80.5,86,0.0,0.0,56.3,56.0,58.1,59.0,28.0,28.0,19.4,19.0,28,5.9,8
2.0,0.25,0.5,Tennessee,51.6,51,53,51.0,43.9,44.0,47,0.0,0.0,57.7,53.0,71.7,64.0,53.0,28.0,21.7,22.5,25,11.6,16
2.0,0.25,1.0,Pennsylvania,51.6,37,66,57.0,45.1,48.0,52,2.2,9.0,65.6,66.0,70.9,71.5,74.2,83.0,39.3,33.5,65,13.1,24
2.0,0.25,2.0,New York,51.6,49,53,51.0,16.1,16.0,19,0.2,1.0,55.1,53.0,60.5,61.0,28.0,28.0,179.5,180.0,194,34.9,37
0.5,0.25,2.0,New York,51.6,51,53,51.0,15.1,15.5,18,0.1,1.0,55.7,53.0,62.0,61.0,28.0,28.0,184.2,182.5,203,35.1,38
0.5,0.25,0.5,Indiana,51.7,46,56,50.0,56.9,56.5,60,0.0,0.0,54.9,56.0,57.7,57.0,28.0,28.0,17.1,18.0,20,10.5,15
2.0,0.25,0.5,Georgia,51.7,45,61,46.0,51.2,50.5,55,0.0,0.0,57.5,61.0,63.3,63.5,28.0,28.0,8.5,9.0,11,10.9,14
2.0,0.25,0.5,Washington,51.7,46,54,53.0,12.5,13.0,14,0.0,0.0,57.2,54.0,62.6,63.0,64.5,69.5,22.5,23.0,28,12.6,15
1.0,0.05,0.5,Idaho,51.7,46,62,50.0,8.0,8.0,10,0.5,5.0,53.9,51.0,59.8,52.0,33.9,28.0,50.0,51.5,55,13.7,15
1.0,0.25,0.5,Michigan,51.7,49,52,52.0,34.0,34.0,39,0.5,1.0,55.8,56.0,60.4,61.5,28.0,28.0,21.8,22.0,26,23.6,27
1.0,0.1,0.5,Oklahoma,51.8,50,56,50.0,26.6,27.0,29,0.4,1.0,58.4,56.0,64.9,64.0,32.8,28.0,9.4,10.0,11,3.7,5
0.5,0.1,2.0,Oklahoma,51.8,50,56,50.0,37.3,37.0,39,0.4,1.0,58.5,56.0,63.1,64.0,30.4,28.0,9.3,9.0,11,4.7,7
0.5,0.05,2.0,Idaho,51.8,42,59,50.0,8.4,8.0,10,0.4,3.0,54.8,51.0,64.2,57.5,31.4,28.0,51.9,51.0,60,13.9,15
1.0,0.25,1.0,New York,51.8,49,53,52.0,17.8,18.0,21,0.4,3.0,57.3,56.5,63.6,65.0,28.0,28.0,184.2,185.0,196,32.7,37
1.0,0.1,1.0,Nebraska,51.9,42,56,56.0,40.6,40.5,43,0.0,0.0,58.3,58.0,61.9,63.0,131.1,90.0,2.7,3.0,5,5.2,7
1.0,0.05,1.0,Idaho,51.9,42,59,50.0,8.9,9.0,10,0.2,1.0,54.2,51.0,58.4,52.0,28.0,28.0,54.6,55.0,67,14.0,15
1.0,0.05,2.0,Idaho,51.9,50,59,50.0,9.1,9.0,11,0.4,4.0,55.2,51.0,60.0,52.0,28.0,28.0,55.1,58.5,63,14.4,17
2.0,0.01,1.0,Wyoming,52.0,45,85,45.0,11.3,11.5,12,0.0,0.0,60.7,55.0,79.9,74.0,115.0,109.5,3.0,3.0,5,0.0,0
2.0,0.01,1.0,Arizona,52.0,35,87,53.0,9.2,10.0,11,0.2,2.0,74.5,68.0,99.9,98.5,98.1,83.0,4.7,4.5,7,1.7,4
2.0,0.1,0.5,Nebraska,52.0,42,56,56.0,42.4,42.5,44,0.0,0.0,58.7,61.0,61.9,63.0,128.875,64.5,1.8,1.5,4,6.4,8
0.5,0.25,2.0,Indiana,52.0,41,56,54.0,62.4,62.0,67,0.1,1.0,55.0,56.5,58.6,59.0,28.0,28.0,24.4,25.5,27,13.1,15
2.0,0.1,0.5,Michigan,52.0,52,52,52.0,36.4,36.0,39,1.1,2.0,58.7,58.0,65.1,65.0,47.5,47.5,23.2,24.0,26,24.6,28
2.0,0.1,2.0,Michigan,52.0,52,52,52.0,36.2,36.0,41,0.9,1.0,57.8,58.0,64.3,65.0,51.0,65.0,21.4,21.5,26,25.6,29
1.0,0.25,2.0,Indiana,52.1,41,56,52.0,64.4,64.5,69,0.1,1.0,55.8,56.0,59.1,57.0,28.0,28.0,24.5,23.0,31,14.0,17
1.0,0.01,0.5,Minnesota,52.2,37,61,54.0,33.0,34.5,40,0.4,3.0,61.3,61.5,64.3,62.5,51.2,42.5,55.7,55.5,66,30.9,42
1.0,0.25,2.0,New York,52.2,51,53,53.0,14.6,14.5,19,0.6,2.0,58.0,56.0,63.3,61.0,28.0,28.0,187.7,189.0,196,36.2,39
0.5,0.25,2.0,Missouri,52.3,46,53,53.0,78.1,77.5,83,0.0,0.0,56.0,56.0,58.4,59.0,28.0,28.0,14.9,15.0,18,4.4,5
2.0,0.1,1.0,Missouri,52.3,46,53,53.0,78.9,79.0,81,0.0,0.0,57.5,59.0,58.7,59.0,32.4,28.0,20.9,20.5,26,4.5,7
2.0,0.25,0.5,Missouri,52.3,46,53,53.0,79.4,79.0,82,0.0,0.0,56.3,56.0,58.7,59.0,28.0,28.0,15.7,16.0,18,5.7,8
0.5,0.1,2.0,Ohio,52.3,37,71,50.0,56.2,55.5,62,0.6,2.0,71.9,71.0,75.7,76.0,28.0,28.0,25.6,25.0,32,15.2,19
2.0,0.1,2.0,Ohio,52.3,37,71,50.0,57.4,56.5,62,0.9,2.0,70.5,71.0,75.3,75.0,32.7,28.0,26.3,26.5,32,16.9,20
2.0,0.05,0.5,Nebraska,52.4,47,56,56.0,39.5,40.0,43,0.0,0.0,59.7,60.5,63.9,64.0,144.4,139.5,1.9,2.0,4,6.7,8
2.0,0.1,0.5,Oklahoma,52.4,50,56,50.0,41.4,41.5,44,0.3,1.0,59.7,56.0,65.7,65.0,32.8,28.0,9.9,10.0,13,6.8,10
1.0,0.25,1.0,Indiana,52.4,50,56,52.0,63.7,64.0,67,0.0,0.0,56.0,56.0,58.1,57.0,28.0,28.0,24.2,24.0,28,12.7,14
2.0,0.25,1.0,New York,52.4,51,53,53.0,16.1,17.0,18,0.3,2.0,57.5,57.0,63.6,63.0,31.3,28.0,181.2,181.5,197,34.6,39
2.0,0.1,1.0,New York,52.4,51,53,53.0,15.5,15.0,20,0.5,1.0,60.5,63.0,70.6,65.5,28.0,28.0,173.2,172.0,189,34.7,39
0.5,0.25,1.0,New York,52.4,51,53,53.0,14.9,15.0,18,0.3,1.0,59.7,61.0,65.6,65.0,28.0,28.0,177.8,178.0,197,35.0,37
0.5,0.01,2.0,Arizona,52.6,35,76,53.0,9.6,9.5,11,0.0,0.0,78.0,82.5,97.2,106.5,142.2,115.5,4.4,4.5,8,1.1,3
0.5,0.25,0.5,Tennessee,52.6,51,53,53.0,20.8,21.0,24,0.0,0.0,69.4,70.5,82.9,77.5,100.3,98.0,5.0,5.5,7,4.2,7
0.5,0.25,2.0,Tennessee,52.6,51,53,53.0,42.3,42.5,45,0.0,0.0,73.4,76.0,92.8,86.0,47.4,28.0,16.9,16.5,22,8.6,13
1.0,0.25,2.0,Tennessee,52.6,51,53,53.0,45.8,45.0,50,0.0,0.0,71.5,74.5,84.2,77.5,54.4,28.0,26.4,26.5,33,10.5,13
2.0,0.25,2.0,Tennessee,52.6,51,53,53.0,45.7,45.5,49,0.0,0.0,67.3,65.0,75.7,70.5,42.0,28.0,28.0,28.0,30,11.0,13
0.5,0.1,0.5,New York,52.6,51,53,53.0,11.2,12.0,13,0.9,2.0,62.6,65.0,71.3,73.0,31.3,28.0,140.6,140.5,154,33.9,37
1.0,0.1,2.0,New York,52.6,51,53,53.0,14.8,14.5,18,0.4,1.0,60.4,60.0,70.1,65.0,28.0,28.0,167.8,166.0,187,35.5,38
2.0,0.05,0.5,New York,52.6,51,53,53.0,13.9,13.5,18,0.8,2.0,63.8,65.0,80.5,77.5,31.3,28.0,167.9,168.5,181,35.7,40
2.0,0.25,0.5,Massachusetts,52.8,37,86,54.0,7.6,8.0,8,0.0,0.0,76.5,71.5,81.4,73.5,164.0,192.0,2.4,2.0,3,0.7,2
0.5,0.1,2.0,Tennessee,52.8,51,53,53.0,39.2,40.0,42,0.0,0.0,93.6,84.5,119.3,128.0,77.0,98.0,18.0,19.5,21,7.6,10
1.0,0.1,2.0,Tennessee,52.8,51,53,53.0,43.9,44.0,46,0.0,0.0,80.0,76.0,98.2,86.0,40.4,28.0,27.3,27.0,31,9.5,11
1.0,0.25,1.0,Tennessee,52.8,51,53,53.0,42.0,42.0,44,0.0,0.0,69.9,70.5,81.8,82.5,54.4,28.0,19.3,20.5,22,9.9,15
2.0,0.25,2.0,Virginia,52.8,46,63,46.0,36.5,36.5,41,0.0,0.0,71.0,63.0,78.3,78.0,28.0,28.0,18.2,18.5,20,10.7,12
2.0,0.25,1.0,Tennessee,52.8,51,53,53.0,45.5,46.5,47,0.0,0.0,70.8,70.5,81.1,72.0,40.5,28.0,27.2,27.5,32,10.8,14
0.5,0.1,1.0,New York,52.8,51,53,53.0,14.0,14.5,16,1.0,2.0,63.4,65.0,73.2,75.0,28.0,28.0,163.3,162.5,181,33.6,37
2.0,0.1,2.0,New York,52.8,51,53,53.0,14.8,16.0,18,0.7,2.0,62.6,65.0,70.0,69.0,31.3,28.0,171.8,173.0,180,35.7,39
2.0,0.1,0.5,New York,52.8,51,53,53.0,14.8,14.0,18,0.8,1.0,63.0,65.0,74.5,74.0,31.3,28.0,173.7,173.5,191,35.8,38
0.5,0.1,2.0,New York,52.8,51,53,53.0,13.2,14.0,16,0.7,2.0,62.3,65.0,68.5,67.5,28.0,28.0,173.4,176.0,187,36.7,40
1.0,0.1,1.0,Oklahoma,52.9,50,56,52.5,39.2,39.0,42,0.2,1.0,60.2,56.0,67.2,66.0,37.3,28.0,9.5,9.0,12,5.7,9
1.0,0.1,0.5,Nebraska,52.9,42,56,56.0,32.7,33.0,35,0.0,0.0,59.8,61.0,62.5,63.0,126.77777777777777,89.0,1.8,2.0,4,5.9,9
0.5,0.01,1.0,Wyoming,53.0,45,85,45.0,5.6,6.0,7,0.0,0.0,67.6,66.5,82.1,74.5,115.0,108.0,1.5,1.5,2,0.0,0
0.5,0.1,1.0,Oklahoma,53.0,50,56,53.0,21.9,22.0,24,0.4,1.0,60.0,60.0,65.1,66.0,50.7,52.0,4.7,4.0,8,2.1,3
0.5,0.1,0.5,Missouri,53.0,53,53,53.0,42.5,43.0,47,0.0,0.0,58.1,59.0,59.0,59.0,45.6,28.0,8.1,8.0,12,2.7,4
1.0,0.1,1.0,Missouri,53.0,53,53,53.0,76.1,75.5,81,0.0,0.0,58.4,59.0,60.2,59.0,43.9,28.0,14.7,14.0,19,3.0,5
0.5,0.05,1.0,Missouri,53.0,53,53,53.0,53.7,53.5,60,0.0,0.0,57.2,56.0,60.5,59.0,57.9,72.0,11.5,11.5,14,3.3,7
0.5,0.05,2.0,Missouri,53.0,53,53,53.0,65.8,66.0,69,0.0,0.0,60.8,59.0,65.0,59.0,85.4,76.0,12.9,11.5,21,3.3,6
1.0,0.1,0.5,Missouri,53.0,53,53,53.0,65.8,65.0,69,0.0,0.0,57.5,57.5,59.1,59.0,45.2,28.0,13.4,12.5,20,3.3,5
0.5,0.1,1.0,Missouri,53.0,53,53,53.0,60.4,60.5,65,0.0,0.0,57.5,57.5,59.0,59.0,32.4,28.0,13.6,14.0,17,3.6,5
2.0,0.05,2.0,Missouri,53.0,53,53,53.0,76.4,76.0,82,0.0,0.0,61.7,59.0,66.8,65.5,67.8,50.0,18.4,19.0,22,3.9,6
1.0,0.05,2.0,Missouri,53.0,53,53,53.0,73.9,73.0,79,0.0,0.0,59.9,59.0,62.1,59.0,54.4,28.0,19.8,19.0,24,4.1,6
0.5,0.1,2.0,Missouri,53.0,53,53,53.0,71.6,71.0,75,0.0,0.0,57.8,59.0,60.2,59.0,45.2,28.0,14.8,15.0,19,4.2,6
2.0,0.05,1.0,Missouri,53.0,53,53,53.0,74.0,74.5,77,0.0,0.0,59.6,59.0,61.2,59.0,57.7,50.0,20.6,21.0,23,4.4,7
2.0,0.1,0.5,Missouri,53.0,53,53,53.0,75.9,76.0,78,0.0,0.0,57.8,59.0,59.0,59.0,32.4,28.0,19.3,19.0,25,4.4,6
0.5,0.05,2.0,Oklahoma,53.0,50,56,53.0,34.4,33.5,39,0.2,1.0,61.2,60.0,68.6,69.0,48.8,52.0,7.3,7.0,10,4.9,8
1.0,0.05,2.0,Oklahoma,53.0,50,56,53.0,41.1,41.5,43,0.3,1.0,60.7,60.0,68.3,69.0,32.5,28.0,10.3,10.0,15,6.4,10
0.5,0.25,1.0,Tennessee,53.0,53,53,53.0,32.0,32.0,34,0.0,0.0,72.6,76.0,85.3,79.0,87.9,98.0,11.0,11.0,13,6.6,8
1.0,0.25,0.5,Tennessee,53.0,53,53,53.0,35.8,35.5,39,0.0,0.0,73.2,76.0,82.3,79.0,90.5,98.0,15.6,14.5,24,8.8,10
2.0,0.1,0.5,Tennessee,53.0,53,53,53.0,41.8,42.0,43,0.0,0.0,95.9,84.5,122.4,128.0,49.0,28.0,23.3,23.0,28,9.6,11
2.0,0.1,1.0,Tennessee,53.0,53,53,53.0,44.0,44.5,48,0.0,0.0,100.6,95.5,126.9,128.0,35.0,28.0,27.1,27.0,32,9.9,14
2.0,0.1,2.0,Tennessee,53.0,53,53,53.0,44.1,44.0,47,0.0,0.0,101.5,104.0,119.0,128.0,28.0,28.0,27.3,28.0,35,10.2,13
2.0,0.1,2.0,Florida,53.0,39,59,59.0,14.3,14.0,16,0.0,0.0,60.4,61.0,66.1,66.0,54.4,61.0,36.6,36.0,41,20.7,23
0.5,0.1,2.0,Michigan,53.0,49,65,52.0,36.6,36.5,40,1.0,2.0,60.0,58.0,65.1,65.0,47.4,47.0,21.9,22.0,27,23.4,26
1.0,0.1,2.0,Michigan,53.1,49,65,52.0,37.3,37.0,42,0.9,2.0,60.7,58.0,65.2,65.0,58.4,67.0,22.4,22.5,24,25.1,28
0.5,0.01,0.5,Iowa,53.1,44,57,57.0,25.6,25.5,32,0.0,0.0,61.2,57.0,70.8,69.0,36.5,28.0,56.5,56.5,64,40.5,44
0.5,0.25,0.5,North Dakota,53.2,49,55,54.0,17.7,17.5,19,0.0,0.0,55.8,56.0,61.1,60.5,91.44444444444444,108.0,2.3,2.0,4,3.2,4
1.0,0.25,1.0,Utah,53.2,50,57,53.0,14.4,14.0,15,0.3,1.0,57.9,58.0,61.5,61.5,28.0,28.0,19.2,19.5,21,3.2,4
0.5,0.25,1.0,Washington,53.2,46,61,53.0,12.0,12.0,13,0.3,1.0,59.9,61.0,63.9,63.0,68.6,73.0,18.8,19.0,26,12.4,14
1.0,0.05,1.0,Missouri,53.3,53,56,53.0,71.3,72.0,75,0.0,0.0,58.9,59.0,67.1,71.0,78.6,92.0,13.0,13.5,18,2.4,4
1.0,0.1,2.0,Missouri,53.3,53,56,53.0,77.9,77.5,82,0.0,0.0,57.8,59.0,59.0,59.0,28.0,28.0,21.1,21.0,24,4.1,6
2.0,0.1,2.0,Missouri,53.3,53,56,53.0,79.6,80.5,82,0.0,0.0,57.2,56.0,59.0,59.0,36.8,28.0,21.9,22.5,30,4.4,6
1.0,0.25,1.0,Georgia,53.3,45,61,53.5,52.2,52.0,55,0.0,0.0,62.2,62.5,68.4,71.0,28.0,28.0,7.1,7.0,9,8.0,10
1.0,0.1,2.0,Pennsylvania,53.3,37,75,51.5,43.6,45.5,50,1.3,6.0,69.6,70.5,78.1,76.5,67.9,68.5,34.2,28.5,51,12.8,21
1.0,0.1,0.5,Michigan,53.3,52,65,52.0,33.6,33.5,37,0.9,2.0,60.5,58.0,65.7,65.0,28.0,28.0,24.1,23.5,28,23.0,27
1.0,0.25,1.0,North Dakota,53.4,49,55,53.0,20.6,21.0,22,0.0,0.0,55.8,55.0,61.3,60.5,101.5,108.0,2.3,2.0,3,4.4,5
2.0,0.1,1.0,Nebraska,53.4,47,56,56.0,45.3,45.5,47,0.0,0.0,58.8,57.5,61.5,61.0,184.1,241.0,1.8,1.5,4,8.0,10
1.0,0.1,0.5,New York,53.4,51,65,53.0,14.4,14.0,17,0.4,1.0,62.3,63.0,69.7,65.5,28.0,28.0,165.0,166.0,174,35.0,39
0.5,0.25,2.0,Utah,53.5,50,56,55.5,13.9,14.0,16,0.6,1.0,58.4,60.0,62.1,63.0,28.0,28.0,21.1,21.0,23,3.4,5
0.5,0.01,2.0,Minnesota,53.5,37,68,57.0,35.7,35.5,40,0.1,1.0,62.1,60.5,63.7,61.5,38.2,28.0,63.3,63.5,70,31.9,35
1.0,0.01,0.5,Wyoming,53.6,45,100,45.0,7.6,7.0,12,0.0,0.0,62.1,55.0,86.9,84.5,100.25,95.0,2.0,2.0,4,0.0,0
2.0,0.25,0.5,Maine,53.6,46,67,50.0,8.1,8.0,9,0.0,0.0,65.7,67.0,83.9,71.0,199.0,199.0,0.1,0.0,1,1.6,2
0.5,0.05,0.5,Missouri,53.6,53,59,53.0,37.7,37.5,41,0.0,0.0,59.1,59.0,65.7,65.5,80.6,76.0,5.8,6.0,8,2.5,4
0.5,0.25,0.5,Utah,53.6,50,57,55.5,10.3,10.5,12,0.5,1.0,58.3,60.0,62.1,63.0,28.0,28.0,15.9,16.0,19,2.5,3
1.0,0.05,0.5,Missouri,53.6,53,59,53.0,59.1,59.5,62,0.0,0.0,59.3,59.0,62.5,59.0,51.6,50.0,10.7,12.0,14,3.3,5
2.0,0.05,0.5,Missouri,53.6,53,59,53.0,72.0,72.0,73,0.0,0.0,58.1,59.0,60.2,59.0,52.7,50.0,16.6,16.0,20,3.9,5
2.0,0.1,1.0,Indiana,53.6,50,56,56.0,60.4,60.5,64,0.0,0.0,59.0,57.0,63.4,63.5,28.0,28.0,21.9,22.0,27,13.7,18
0.5,0.25,2.0,North Dakota,53.8,49,55,55.0,21.0,21.0,22,0.0,0.0,56.0,57.0,61.5,62.5,102.9,108.0,3.3,3.0,5,3.4,4
1.0,0.25,0.5,North Dakota,53.8,49,55,55.0,19.9,20.0,23,0.0,0.0,56.9,57.0,63.4,64.0,91.7,108.0,2.4,2.0,4,3.8,5
1.0,0.05,0.5,New York,53.8,51,65,53.0,14.0,14.0,17,0.7,1.0,65.4,65.0,75.6,75.0,28.0,28.0,158.3,160.0,168,34.4,37
0.5,0.05,2.0,New York,53.8,51,65,53.0,13.3,14.0,20,0.6,1.0,64.6,65.0,84.6,84.5,33.2,28.0,169.1,170.5,182,35.7,40
1.0,0.1,1.0,New York,53.8,51,65,53.0,13.3,13.5,17,0.8,2.0,63.0,65.0,73.6,74.0,28.0,28.0,174.4,177.5,181,36.8,41
2.0,0.01,0.5,Wyoming,53.9,45,83,49.5,10.7,10.5,13,0.0,0.0,71.1,60.5,89.8,84.0,95.44444444444444,95.0,2.0,2.0,3,0.0,0
2.0,0.25,1.0,Utah,53.9,50,57,55.0,13.5,14.0,15,0.6,1.0,58.8,60.0,62.7,63.0,28.0,28.0,20.2,20.0,23,4.5,6
2.0,0.25,1.0,Washington,53.9,46,61,53.0,12.1,12.0,13,0.2,1.0,59.5,61.0,63.2,63.0,66.2,71.0,23.5,23.5,27,12.5,14
2.0,0.05,2.0,Idaho,53.9,46,59,54.0,10.5,10.0,12,0.1,1.0,57.0,59.0,63.9,70.0,28.0,28.0,51.6,53.0,59,13.9,15
0.5,0.01,1.0,California,53.9,43,72,47.0,4.1,4.0,7,12.4,24.0,112.5,93.0,138.55555555555554,136.0,28.0,28.0,54.4,54.5,63,26.4,28
0.5,0.25,2.0,West Virginia,54.0,54,54,54.0,16.5,17.0,17,0.0,0.0,101.0,83.0,125.1,105.0,164.4,131.0,17.8,18.0,20,0.3,1
1.0,0.25,2.0,West Virginia,54.0,54,54,54.0,15.6,16.0,17,0.0,0.0,75.5,77.5,102.3,87.0,131.6,115.0,23.9,23.5,28,0.6,2
0.5,0.25,1.0,West Virginia,54.0,54,54,54.0,11.3,11.0,13,0.0,0.0,90.5,83.0,132.0,123.0,183.3,183.0,10.8,8.5,17,0.7,2
2.0,0.25,1.0,West Virginia,54.0,54,54,54.0,15.6,16.0,17,0.0,0.0,77.2,80.0,95.1,84.5,129.0,115.0,23.9,23.5,29,0.7,1
1.0,0.25,1.0,West Virginia,54.0,54,54,54.0,15.6,15.0,17,0.0,0.0,94.1,83.0,115.4,87.0,144.8,115.0,21.1,22.0,24,0.7,1
2.0,0.25,2.0,West Virginia,54.0,54,54,54.0,15.8,16.0,17,0.0,0.0,81.2,83.0,121.0,105.0,130.9,115.0,26.3,27.0,31,0.8,1
2.0,0.05,1.0,Nebraska,54.0,47,63,56.0,43.2,43.0,45,0.0,0.0,60.6,63.0,64.6,63.0,118.55555555555556,68.0,2.4,2.0,5,6.5,9
1.0,0.25,1.0,Washington,54.0,46,61,53.0,12.1,12.0,13,0.0,0.0,57.7,57.5,61.8,63.0,67.1,69.0,23.5,23.5,27,12.6,15
1.0,0.1,2.0,Indiana,54.0,50,56,56.0,60.8,60.5,65,0.0,0.0,56.2,57.0,60.5,61.0,28.0,28.0,23.1,23.0,28,13.5,17
ALL,ALL,ALL,Idaho,54.0,42,104,50.0,9.266666666666667,9.0,14,0.34444444444444444,12.0,59.74444444444445,51.0,68.04722222222222,52.0,29.36111111111111,28.0,50.55833333333333,55.0,74,13.577777777777778,18
2.0,0.01,0.5,Minnesota,54.0,37,63,60.0,37.4,37.5,41,0.1,1.0,59.5,60.5,61.6,61.5,41.7,28.0,60.4,59.0,73,31.1,36
0.5,0.05,1.0,New York,54.0,51,65,53.0,13.2,13.0,18,0.6,1.0,64.4,65.0,75.5,75.0,28.0,28.0,150.6,152.0,175,34.7,39
0.5,0.01,2.0,Iowa,54.0,44,66,57.0,28.0,28.0,35,0.8,8.0,62.1,57.0,74.8,75.0,28.0,28.0,79.8,81.0,89,49.1,57
2.0,0.01,1.0,Iowa,54.0,44,66,57.0,26.8,26.5,33,2.4,15.0,64.3,57.0,73.0,73.0,28.0,28.0,91.4,92.0,107,55.9,64
1.0,0.25,0.5,Washington,54.1,46,61,53.0,12.1,12.0,15,0.1,1.0,58.6,61.0,61.6,63.0,66.8,69.0,21.2,21.5,25,12.6,15
0.5,0.05,0.5,Idaho,54.1,50,64,50.0,7.6,8.0,9,0.2,2.0,56.2,51.0,62.4,57.5,28.0,28.0,44.1,45.5,55,13.8,16
2.0,0.01,0.5,California,54.1,43,72,52.5,5.6,6.0,7,9.2,17.0,90.8,93.0,121.1,136.0,28.0,28.0,69.2,69.0,87,26.0,28
0.5,0.05,0.5,Oklahoma,54.2,50,56,56.0,12.2,12.0,15,0.1,1.0,62.5,64.0,68.2,69.0,55.3,62.5,3.4,3.0,6,1.9,3
1.0,0.05,0.5,Oklahoma,54.2,50,56,56.0,25.0,25.0,30,0.1,1.0,62.1,64.0,66.7,69.0,53.2,52.0,7.0,6.5,11,3.1,6
2.0,0.25,0.5,North Dakota,54.2,49,55,55.0,23.4,23.5,26,0.0,0.0,56.4,57.0,61.6,61.0,104.6,108.0,3.0,3.0,4,4.0,6
1.0,0.25,2.0,Utah,54.2,50,57,56.0,13.7,14.0,15,0.6,1.0,58.7,60.0,62.5,63.0,28.0,28.0,20.4,20.0,23,4.1,6
0.5,0.1,0.5,Nebraska,54.2,47,56,56.0,22.8,22.5,26,0.0,0.0,61.0,62.0,63.0,63.0,64.5,64.5,0.6,0.0,2,4.1,5
1.0,0.05,1.0,Oklahoma,54.2,50,56,56.0,37.6,38.0,41,0.1,1.0,63.1,64.0,69.4,69.0,50.8,52.0,8.0,7.5,12,4.5,6
1.0,0.05,2.0,Nebraska,54.2,42,63,56.0,41.5,41.0,44,0.0,0.0,60.1,60.5,64.7,64.0,130.44444444444446,90.0,1.9,2.0,3,7.0,9
2.0,0.05,2.0,Oklahoma,54.2,50,56,56.0,42.3,42.0,45,0.2,1.0,63.3,64.0,70.4,69.0,28.0,28.0,13.6,13.5,16,7.5,9
2.0,0.1,2.0,Indiana,54.2,50,56,56.0,59.3,59.5,64,0.0,0.0,58.1,57.0,62.4,61.0,28.0,28.0,25.6,27.0,31,15.5,18
2.0,0.25,1.0,Maryland,54.3,48,57,57.0,13.0,13.0,16,0.0,0.0,65.0,67.0,69.8,76.0,71.3,68.0,14.3,13.5,18,3.5,7
1.0,0.01,2.0,Minnesota,54.3,37,61,60.0,38.6,38.5,46,0.0,0.0,61.2,60.0,62.5,61.0,29.6,28.0,63.6,64.0,69,31.4,36
0.5,0.05,0.5,Nebraska,54.4,47,58,56.0,20.2,20.5,21,0.0,0.0,61.4,63.0,64.8,64.0,100.0,90.0,0.7,0.5,2,3.6,5
1.0,0.25,2.0,North Dakota,54.4,53,55,55.0,22.7,22.0,24,0.0,0.0,56.4,57.0,61.9,64.0,106.8,108.0,2.5,2.0,5,4.1,5
2.0,0.25,1.0,North Dakota,54.4,53,55,55.0,23.8,24.0,25,0.0,0.0,56.4,57.0,64.2,64.0,88.4,104.0,4.6,5.0,6,4.1,5
1.0,0.1,1.0,Indiana,54.4,50,56,56.0,59.6,60.0,65,0.0,0.0,56.7,57.0,62.6,61.0,28.0,28.0,25.0,25.0,30,12.7,17
1.0,0.25,0.5,Utah,54.5,50,57,56.0,14.6,15.0,16,0.3,1.0,58.8,60.0,62.1,63.0,28.0,28.0,17.4,18.0,19,1.7,3
2.0,0.25,0.5,Vermont,54.5,50,57,57.0,12.3,12.5,13,0.0,0.0,56.4,58.0,59.0,60.0,28.0,28.0,13.1,13.0,17,1.7,3
0.5,0.25,0.5,Virginia,54.5,46,63,54.5,23.9,24.0,26,0.0,0.0,75.5,75.5,81.5,90.0,28.0,28.0,13.3,13.0,15,5.7,7
1.0,0.1,2.0,Virginia,54.5,46,63,54.5,31.9,32.5,35,0.0,0.0,75.5,75.5,83.8,89.0,28.0,28.0,18.1,17.5,22,10.1,13
2.0,0.25,1.0,Virginia,54.5,46,63,54.5,36.2,35.5,39,0.0,0.0,73.5,65.5,82.6,88.0,28.0,28.0,17.7,18.0,20,10.3,12
0.5,0.25,0.5,Washington,54.5,52,61,53.0,12.5,12.5,14,0.2,1.0,59.6,61.0,63.8,63.0,70.6,69.0,15.2,15.0,18,12.0,14
0.5,0.1,2.0,Florida,54.5,39,59,59.0,13.9,14.0,16,0.0,0.0,60.4,61.0,65.8,66.0,47.8,61.0,30.8,30.0,35,20.8,23
1.0,0.01,2.0,California,54.5,47,72,47.0,6.0,6.0,10,8.2,16.0,89.9,93.0,134.6,125.5,28.0,28.0,70.6,73.0,81,25.8,30
0.5,0.01,1.0,Arizona,54.6,35,68,53.0,8.9,9.0,10,0.0,0.0,72.8,72.0,95.4,90.0,134.4,141.0,4.2,3.5,9,0.9,2
2.0,0.25,2.0,North Dakota,54.6,53,55,55.0,24.0,24.0,25,0.0,0.0,56.6,57.0,64.1,64.0,118.8,108.0,4.7,4.5,6,4.3,5
2.0,0.25,0.5,Utah,54.6,50,56,56.0,13.5,13.5,16,0.8,1.0,59.2,60.0,62.7,63.0,28.0,28.0,20.0,19.5,23,4.5,8
1.0,0.25,2.0,Georgia,54.6,45,61,59.5,55.1,55.5,57,0.0,0.0,62.8,62.5,67.7,67.5,28.0,28.0,9.2,9.0,11,10.1,12
2.0,0.1,1.0,Michigan,54.6,52,65,52.0,37.8,38.0,40,0.7,1.0,59.6,58.0,65.3,65.0,62.4,67.0,21.9,21.0,31,24.9,28
2.0,0.25,2.0,Maryland,54.7,48,57,57.0,13.5,13.5,15,0.0,0.0,63.1,62.0,70.9,76.5,78.6,90.0,10.3,9.5,17,3.5,5
1.0,0.05,2.0,North Dakota,54.8,53,55,55.0,22.3,22.0,23,0.0,0.0,69.0,68.0,79.3,82.5,125.3,108.0,5.8,6.0,9,3.0,4
2.0,0.1,2.0,North Dakota,54.8,53,55,55.0,22.7,22.5,24,0.0,0.0,59.3,57.0,74.1,81.0,96.3,108.0,5.3,5.0,6,3.5,4
1.0,0.1,1.0,North Dakota,54.8,53,55,55.0,20.2,20.5,22,0.0,0.0,56.8,57.0,73.1,76.0,103.2,108.0,2.9,3.0,4,3.5,5
0.5,0.1,2.0,North Dakota,54.8,53,55,55.0,19.5,19.0,22,0.0,0.0,60.0,57.0,75.8,82.0,90.6,106.0,3.5,3.0,6,3.6,5
2.0,0.1,0.5,North Dakota,54.8,53,55,55.0,21.4,21.0,23,0.0,0.0,59.3,57.0,68.8,64.0,94.0,69.0,4.3,4.0,7,3.9,5
2.0,0.1,1.0,North Dakota,54.8,53,55,55.0,22.6,23.0,23,0.0,0.0,60.5,57.0,73.1,77.0,113.9,108.0,5.1,5.0,7,4.0,5
2.0,0.25,2.0,Utah,54.8,50,57,56.0,13.0,13.0,14,0.7,1.0,59.0,60.0,62.4,63.0,28.0,28.0,19.1,18.5,22,4.9,6
2.0,0.05,0.5,Oklahoma,54.8,50,56,56.0,39.8,40.0,43,0.0,0.0,63.6,64.0,69.8,69.0,41.5,28.0,9.2,9.5,11,6.1,10
2.0,0.05,1.0,Oklahoma,54.8,50,56,56.0,42.6,42.5,45,0.0,0.0,63.9,64.0,67.7,69.0,28.0,28.0,10.8,10.5,13,6.7,9
0.5,0.25,1.0,Georgia,54.8,45,61,61.0,40.8,40.5,46,0.0,0.0,62.2,64.0,68.6,72.5,28.0,28.0,4.6,4.5,6,6.8,10
ALL,ALL,ALL,Nebraska,54.86944444444445,42,128,56.0,34.96944444444444,36.0,52,0.0,0.0,62.43888888888889,61.0,67.94444444444444,63.0,150.43894389438944,189.0,1.9134078212290502,2.0,6,5.725,12
2.0,0.25,2.0,Vermont,54.9,50,57,57.0,12.5,13.0,14,0.0,0.0,57.5,58.0,59.1,60.0,28.0,28.0,14.9,15.5,18,1.5,4
0.5,0.05,1.0,Nebraska,54.9,47,63,56.0,27.7,27.5,31,0.0,0.0,61.4,63.0,64.2,63.0,137.4,90.0,0.6,0.5,2,4.2,6
1.0,0.25,1.0,Nevada,55.0,45,71,53.0,5.0,5.0,5,0.0,0.0,67.0,71.0,72.6,73.0,148.28571428571428,112.0,1.1428571428571428,1.0,2,0.0,0
0.5,0.1,0.5,North Dakota,55.0,53,57,55.0,15.4,15.5,18,0.0,0.0,63.0,60.5,75.7,80.0,95.0,108.0,1.3,1.0,2,2.5,3
0.5,0.25,1.0,North Dakota,55.0,55,55,55.0,18.6,18.5,21,0.0,0.0,57.0,57.0,66.6,64.0,103.3,108.0,1.7,2.0,2,3.0,4
1.0,0.1,2.0,North Dakota,55.0,55,55,55.0,22.4,23.0,24,0.0,0.0,58.4,57.0,77.2,82.0,118.3,108.0,3.4,3.0,6,3.0,4
0.5,0.1,1.0,North Dakota,55.0,55,55,55.0,16.9,17.0,18,0.0,0.0,60.2,57.0,71.1,68.0,103.88888888888889,108.0,2.2,2.0,5,3.4,4
0.5,0.1,1.0,Florida,55.0,39,59,59.0,12.8,13.0,16,0.0,0.0,60.6,61.0,68.8,66.0,61.0,61.0,19.4,19.0,22,19.6,23
1.0,0.05,0.5,Nebraska,55.1,47,56,56.0,32.3,32.0,35,0.0,0.0,61.2,62.0,64.4,63.0,177.88888888888889,198.0,1.6,1.0,3,4.8,8
0.5,0.05,2.0,Nebraska,55.1,42,63,56.0,33.7,33.5,38,0.0,0.0,60.4,63.0,63.4,65.0,131.7,90.0,2.2,2.0,3,5.8,7
0.5,0.25,2.0,Pennsylvania,55.1,37,66,57.0,46.0,48.5,51,1.0,4.0,66.2,66.0,72.9,75.0,76.6,85.5,37.6,32.0,57,12.4,20
0.5,0.25,0.5,Maryland,55.2,48,57,57.0,11.6,12.0,13,0.0,0.0,68.2,71.5,71.6,76.5,80.2,91.0,8.8,9.0,16,2.8,5
2.0,0.05,0.5,North Dakota,55.2,55,57,55.0,21.8,22.0,24,0.0,0.0,67.2,64.0,79.4,82.0,132.0,136.0,5.1,5.0,9,3.2,5
0.5,0.25,2.0,Maryland,55.2,48,57,57.0,12.5,12.5,15,0.0,0.0,66.4,64.5,72.7,76.5,81.5,91.0,8.9,8.5,12,3.3,5
1.0,0.05,0.5,North Dakota,55.2,55,57,55.0,16.3,16.0,19,0.0,0.0,68.5,64.0,79.1,83.0,158.88888888888889,164.0,2.5,3.0,5,3.5,5
2.0,0.05,1.0,North Dakota,55.2,53,57,55.0,21.2,21.0,23,0.0,0.0,64.4,60.5,77.6,81.0,132.4,108.0,5.0,4.5,7,3.5,5
1.0,0.1,0.5,North Dakota,55.2,55,57,55.0,17.9,17.5,20,0.0,0.0,64.2,57.0,75.4,80.0,90.6,69.0,2.7,3.0,5,3.6,5
1.0,0.25,2.0,Maryland,55.2,48,57,57.0,12.6,13.0,15,0.0,0.0,68.4,71.5,72.2,77.0,80.0,90.5,11.5,10.5,16,3.8,6
2.0,0.25,0.5,Oregon,55.2,40,61,61.0,12.4,13.0,13,0.0,0.0,59.8,62.0,72.4,73.0,126.7,109.0,6.3,6.5,10,10.5,12
0.5,0.05,1.0,Florida,55.2,39,61,59.0,14.2,14.0,16,0.1,1.0,61.1,61.0,70.2,70.0,68.4,61.0,18.3,19.0,23,17.1,19
1.0,0.1,0.5,Florida,55.2,39,61,59.0,13.9,14.0,16,0.1,1.0,61.1,61.0,67.7,66.0,62.6,61.0,21.8,21.0,26,20.1,23
0.5,0.1,0.5,Tennessee,55.3,53,76,53.0,17.3,17.0,22,0.0,0.0,106.5,121.0,124.1,128.0,113.8,98.0,4.5,4.0,8,2.0,3
0.5,0.05,1.0,Oklahoma,55.3,50,56,56.0,19.4,19.0,25,0.0,0.0,63.4,64.0,66.8,67.5,57.5,73.0,3.8,4.0,6,2.1,4
1.0,0.25,2.0,Pennsylvania,55.3,37,66,57.0,46.6,48.5,51,1.4,6.0,66.0,66.0,70.8,73.0,75.7,83.0,37.9,31.0,68,12.3,21
2.0,0.25,2.0,Washington,55.3,52,61,53.0,12.0,12.5,13,0.0,0.0,58.4,58.5,63.5,63.0,68.3,71.5,22.7,22.5,26,13.0,15
1.0,0.05,1.0,North Dakota,55.4,55,57,55.0,19.6,20.0,21,0.0,0.0,68.3,64.0,80.6,82.0,122.2,108.0,3.5,3.5,5,3.3,4
2.0,0.1,1.0,Utah,55.4,50,57,56.0,13.4,13.0,15,0.6,1.0,59.7,60.0,63.0,63.0,28.0,28.0,21.0,20.0,27,4.5,6
0.5,0.1,0.5,Indiana,55.4,50,56,56.0,52.3,51.5,57,0.0,0.0,57.3,57.0,65.8,67.0,28.0,28.0,14.6,14.0,20,10.3,12
2.0,0.25,2.0,Oregon,55.4,40,61,61.0,12.2,12.0,13,0.0,0.0,62.8,62.0,72.9,73.5,105.7,91.0,5.9,6.0,9,10.7,12
1.0,0.05,1.0,Indiana,55.4,50,56,56.0,57.2,57.5,62,0.0,0.0,62.7,61.0,68.8,71.0,28.0,28.0,19.3,19.5,23,12.7,15
0.5,0.1,2.0,Indiana,55.4,50,56,56.0,59.1,60.0,62,0.0,0.0,57.3,57.0,62.1,61.0,28.0,28.0,23.4,24.0,30,14.3,18
1.0,0.25,0.5,Vermont,55.5,51,57,57.0,12.4,12.5,14,0.0,0.0,57.6,58.0,59.2,60.0,32.1,28.0,13.9,15.0,18,1.5,3
0.5,0.25,2.0,Washington,55.5,52,61,53.5,13.2,13.0,16,0.1,1.0,62.2,63.0,64.2,63.0,69.5,70.0,23.3,23.5,26,11.2,13
2.0,0.1,2.0,Washington,55.5,53,61,53.0,12.2,12.0,14,0.1,1.0,61.8,61.0,63.9,63.0,71.0,71.0,21.9,22.0,24,12.6,17
0.5,0.1,1.0,Ohio,55.5,37,71,62.0,47.3,47.5,52,0.7,2.0,72.5,71.0,76.7,77.0,32.7,28.0,24.8,24.0,31,14.1,17
2.0,0.25,0.5,West Virginia,55.7,54,71,54.0,15.9,16.0,17,0.0,0.0,77.3,83.0,92.6,86.0,111.7,96.0,20.1,20.0,23,0.3,1
2.0,0.25,1.0,Vermont,55.7,51,57,57.0,12.8,13.0,14,0.0,0.0,57.5,58.0,59.3,60.0,40.8,28.0,14.7,17.0,19,1.2,3
0.5,0.1,0.5,Michigan,55.7,52,65,55.0,32.7,33.0,35,0.6,2.0,62.3,65.0,66.7,66.0,55.3,67.0,16.9,17.0,19,19.4,22
2.0,0.01,0.5,Iowa,55.7,44,57,57.0,27.3,27.0,35,2.2,11.0,62.2,57.0,75.8,69.5,31.2,28.0,87.7,87.0,98,53.8,58
1.0,0.25,0.5,West Virginia,55.8,54,72,54.0,12.6,13.0,13,0.0,0.0,82.5,83.0,102.0,87.0,136.2,115.0,11.2,11.0,16,0.4,1
0.5,0.25,2.0,Vermont,55.8,52,57,57.0,12.4,13.0,13,0.0,0.0,57.7,58.0,59.2,60.0,33.5,28.0,14.9,14.5,20,1.6,4
2.0,0.1,0.5,Utah,55.8,50,58,56.5,13.9,14.0,16,0.4,1.0,59.7,60.0,62.9,63.0,28.0,28.0,20.9,20.5,24,3.8,6
0.5,0.25,1.0,Utah,55.9,55,57,56.0,12.7,13.0,15,0.8,1.0,60.0,60.0,63.1,63.0,28.0,28.0,17.3,18.0,19,2.2,3
0.5,0.1,1.0,Michigan,55.9,52,65,52.0,33.0,33.0,38,0.9,2.0,62.2,61.5,67.4,67.0,55.3,67.0,19.0,18.5,24,21.7,24
1.0,0.01,2.0,Iowa,55.9,44,66,57.0,28.7,28.5,33,1.5,8.0,62.1,57.0,70.9,64.0,31.2,28.0,84.3,86.0,91,53.4,58
0.5,0.1,0.5,Utah,56.0,50,58,56.5,10.2,10.0,12,0.4,1.0,59.7,60.0,63.0,63.0,28.0,28.0,16.5,16.0,20,1.4,2
1.0,0.25,1.0,Vermont,56.0,51,57,57.0,12.3,12.5,13,0.0,0.0,57.2,58.0,59.2,60.0,32.1,28.0,15.7,16.5,19,1.7,3
0.5,0.1,2.0,Utah,56.0,50,57,57.0,13.6,13.5,15,0.3,1.0,59.6,60.0,63.4,63.0,28.0,28.0,20.5,20.5,24,2.9,4
2.0,0.1,2.0,Utah,56.0,50,58,56.0,13.5,13.0,15,0.5,1.0,59.7,60.0,63.1,63.0,28.0,28.0,20.4,20.0,25,3.9,5
2.0,0.25,1.0,Georgia,56.0,45,61,61.0,56.0,57.0,60,0.0,0.0,62.5,64.0,67.8,71.0,28.0,28.0,9.3,9.5,10,9.8,14
0.5,0.05,0.5,Indiana,56.0,56,56,56.0,49.1,48.5,53,0.0,0.0,64.6,66.0,69.9,72.0,28.0,28.0,12.8,12.5,18,10.1,12
0.5,0.05,1.0,Indiana,56.0,56,56,56.0,52.8,52.0,57,0.0,0.0,62.1,57.0,66.8,68.5,28.0,28.0,16.7,16.5,20,11.4,14
0.5,0.1,1.0,Indiana,56.0,56,56,56.0,56.2,57.0,58,0.0,0.0,57.0,57.0,62.0,61.0,28.0,28.0,18.3,17.5,23,11.9,15
1.0,0.05,2.0,Indiana,56.0,56,56,56.0,59.5,60.0,64,0.0,0.0,66.6,71.0,73.1,72.0,28.0,28.0,20.0,19.5,25,12.1,17
1.0,0.05,0.5,Indiana,56.0,56,56,56.0,54.4,55.0,58,0.0,0.0,58.2,57.0,69.6,71.0,28.0,28.0,17.2,17.0,22,12.3,15
1.0,0.1,0.5,Indiana,56.0,56,56,56.0,57.9,58.0,62,0.0,0.0,57.0,57.0,63.7,61.0,28.0,28.0,18.5,17.5,25,13.2,16
2.0,0.1,0.5,Indiana,56.0,56,56,56.0,60.1,60.0,63,0.0,0.0,59.2,57.0,65.6,63.5,28.0,28.0,22.0,21.0,30,13.6,16
2.0,0.05,0.5,Indiana,56.0,56,56,56.0,57.1,57.0,62,0.0,0.0,64.5,63.5,70.6,71.0,28.0,28.0,19.7,19.5,25,13.8,19
1.0,0.05,2.0,New York,56.0,51,75,53.0,13.6,14.0,17,0.6,1.0,65.7,65.0,82.4,79.0,33.0,28.0,165.3,164.0,183,36.0,40
0.5,0.25,0.5,Vermont,56.1,50,57,57.0,11.2,11.0,13,0.0,0.0,57.6,58.0,66.2,68.0,28.0,28.0,14.9,15.5,20,2.3,4
0.5,0.25,1.0,Vermont,56.1,52,57,57.0,11.3,11.0,13,0.0,0.0,57.7,58.0,65.9,70.0,34.4,28.0,17.1,18.0,22,2.7,4
1.0,0.25,1.0,Maryland,56.1,48,57,57.0,13.1,13.0,14,0.0,0.0,69.9,76.0,75.9,77.0,85.5,90.0,10.3,8.5,18,2.7,5
1.0,0.25,0.5,Maryland,56.1,48,57,57.0,12.7,13.0,15,0.0,0.0,70.3,76.0,74.5,77.0,84.9,91.0,8.7,8.5,13,2.9,5
1.0,0.1,2.0,Maryland,56.2,52,57,57.0,12.7,13.0,14,0.0,0.0,65.2,62.0,73.0,77.0,83.1,91.0,9.5,9.5,13,2.2,4
0.5,0.25,0.5,Georgia,56.2,45,61,61.0,25.3,25.0,28,0.0,0.0,63.1,64.0,67.6,72.0,35.1,28.0,3.7,4.0,6,6.9,12
1.0,0.25,2.0,Virginia,56.2,46,63,63.0,35.7,36.0,38,0.0,0.0,74.0,68.0,82.9,88.0,28.0,28.0,18.3,18.0,24,10.4,13
0.5,0.01,0.5,Arizona,56.3,35,110,53.0,8.4,8.5,10,0.0,0.0,77.4,62.5,91.1,84.0,97.22222222222223,90.0,2.7777777777777777,3.0,5,1.0,2
0.5,0.05,0.5,North Dakota,56.3,55,64,55.0,14.2,14.0,16,0.0,0.0,62.6,57.0,81.1,82.0,119.83333333333333,108.0,0.9,1.0,2,2.3,3
1.0,0.1,2.0,Utah,56.3,55,58,56.0,13.9,14.0,15,0.7,1.0,60.0,60.0,63.1,63.0,28.0,28.0,21.4,21.5,26,4.0,5
1.0,0.25,0.5,Georgia,56.3,45,61,61.0,39.6,39.5,46,0.0,0.0,61.0,64.0,66.9,71.0,28.0,28.0,6.1,6.0,8,9.5,12
2.0,0.25,2.0,Georgia,56.3,45,61,61.0,56.7,57.0,60,0.0,0.0,60.0,64.0,65.9,71.0,28.0,28.0,11.3,11.5,13,10.7,13
2.0,0.05,1.0,New York,56.3,51,92,53.0,14.4,13.5,21,0.6,1.0,64.7,65.0,79.9,77.5,28.0,28.0,165.2,161.0,186,35.1,38
1.0,0.1,1.0,Utah,56.5,50,63,57.0,13.4,13.5,14,0.3,1.0,60.1,60.0,64.8,63.0,28.0,28.0,19.9,20.0,23,3.4,4
2.0,0.05,2.0,Nebraska,56.5,47,63,56.0,44.1,44.0,47,0.0,0.0,61.9,63.0,65.5,64.0,168.88888888888889,195.0,2.5,2.5,5,7.8,10
1.0,0.01,0.5,South Dakota,56.6,55,57,57.0,32.8,33.0,37,0.0,0.0,64.3,62.5,67.6,66.0,72.9,78.0,13.9,14.5,18,2.8,5
2.0,0.05,0.5,Utah,56.6,56,58,56.5,13.1,13.0,16,0.5,1.0,60.3,60.0,63.7,64.0,28.0,28.0,20.0,21.0,23,4.0,6
2.0,0.25,2.0,Kentucky,56.6,34,67,58.0,51.8,52.5,55,0.1,1.0,64.8,65.0,69.0,67.0,28.0,28.0,26.1,26.0,31,12.8,16
2.0,0.1,1.0,Ohio,56.6,37,71,66.5,58.0,57.5,62,0.3,2.0,68.2,71.0,73.2,76.5,37.4,28.0,26.4,27.0,31,16.5,20
0.5,0.05,1.0,Arkansas,56.7,45,162,45.0,7.5,7.0,10,0.0,0.0,109.5,96.0,164.7,173.0,66.2,55.0,7.9,8.0,11,0.0,0
1.0,0.05,2.0,Arkansas,56.7,45,162,45.0,13.2,13.0,15,0.0,0.0,139.7,169.0,166.0,177.0,60.4,55.0,11.4,12.0,16,1.6,3
2.0,0.01,0.5,Arizona,56.7,35,68,55.5,9.2,9.0,11,0.1,1.0,78.1,77.0,102.8,97.5,142.4,109.0,3.8,3.5,7,1.6,3
2.0,0.05,1.0,Arkansas,56.7,45,162,45.0,14.0,14.0,15,0.0,0.0,163.3,169.0,187.4,177.0,60.8,55.0,11.7,12.0,17,1.7,3
0.5,0.01,2.0,South Dakota,56.7,48,63,57.0,36.9,37.5,41,0.0,0.0,62.4,64.0,63.9,64.5,47.4,28.0,14.2,14.0,17,2.7,5
1.0,0.25,2.0,Vermont,56.8,55,57,57.0,12.7,13.0,14,0.0,0.0,57.9,58.0,59.2,60.0,40.8,28.0,15.9,15.5,21,1.3,4
2.0,0.1,1.0,Vermont,56.8,55,57,57.0,11.0,11.0,13,0.0,0.0,61.8,58.0,68.5,68.0,32.1,28.0,16.0,15.5,20,3.0,5
1.0,0.01,1.0,South Dakota,56.8,48,64,57.0,36.9,37.0,40,0.0,0.0,64.1,63.0,67.0,64.0,71.6,69.5,18.9,19.0,24,4.6,6
2.0,0.01,2.0,Oklahoma,56.8,56,64,56.0,31.9,32.5,35,0.0,0.0,115.4,95.0,136.9,127.5,33.9,28.0,6.5,6.5,14,5.0,8
1.0,0.25,0.5,Oregon,56.8,40,61,61.0,9.6,9.0,11,0.0,0.0,61.9,62.0,72.6,70.0,101.9,91.0,5.2,5.5,8,10.3,11
0.5,0.25,0.5,West Virginia,56.9,54,83,54.0,9.1,9.0,11,0.0,0.0,79.2,83.0,103.1,87.0,141.3,115.0,2.4,3.0,4,0.1,1
0.5,0.1,0.5,West Virginia,56.9,54,83,54.0,6.3,6.5,8,0.0,0.0,106.5,83.0,136.4,123.0,148.0,126.5,2.6666666666666665,2.5,5,0.1,1
1.0,0.05,2.0,Utah,56.9,50,63,57.0,13.3,13.0,15,0.1,1.0,63.9,60.0,68.4,64.0,28.0,28.0,19.7,21.0,24,3.9,6
0.5,0.25,0.5,Oregon,56.9,52,61,57.5,9.0,8.0,11,0.0,0.0,60.8,61.5,68.9,67.5,103.4,91.0,5.3,6.0,7,8.8,10
1.0,0.05,1.0,Maryland,57.0,57,57,57.0,13.5,13.5,15,0.0,0.0,81.5,77.0,91.5,93.5,109.8,96.0,5.4,5.0,11,1.3,3
1.0,0.05,0.5,Maryland,57.0,57,57,57.0,12.1,12.0,14,0.0,0.0,77.3,77.0,86.7,81.5,100.0,97.0,4.7,4.5,8,1.4,4
2.0,0.05,0.5,Maryland,57.0,57,57,57.0,13.1,13.0,14,0.0,0.0,80.1,77.0,86.4,85.0,95.1,91.0,7.1,8.0,10,1.4,2
0.5,0.1,1.0,Maryland,57.0,57,57,57.0,12.7,13.0,15,0.0,0.0,74.6,77.0,80.1,80.0,91.3,91.0,6.8,7.0,10,1.4,3
0.5,0.1,2.0,Maryland,57.0,57,57,57.0,14.1,14.0,16,0.0,0.0,73.8,77.0,78.5,80.0,87.1,90.5,7.2,7.0,11,1.5,3
2.0,0.1,1.0,Maryland,57.0,57,57,57.0,13.5,13.0,16,0.0,0.0,75.6,77.0,79.8,80.0,90.2,91.0,10.1,10.0,13,1.6,3
0.5,0.01,0.5,South Dakota,57.0,57,57,57.0,27.1,27.5,32,0.0,0.0,64.3,63.0,67.5,64.5,83.8,80.0,9.4,9.5,12,1.7,5
0.5,0.1,0.5,Maryland,57.0,57,57,57.0,11.7,12.0,14,0.0,0.0,75.7,77.0,79.7,80.0,88.2,91.0,7.0,7.0,11,1.7,3
1.0,0.1,0.5,Maryland,57.0,57,57,57.0,12.8,13.0,14,0.0,0.0,74.8,76.0,81.3,77.0,92.2,91.0,7.2,7.0,13,1.8,3
2.0,0.1,0.5,Maryland,57.0,57,57,57.0,14.0,14.0,16,0.0,0.0,77.0,77.0,80.0,80.0,92.8,91.0,7.5,7.0,10,2.1,4
1.0,0.1,1.0,Maryland,57.0,57,57,57.0,12.7,13.0,15,0.0,0.0,76.1,77.0,82.2,80.0,90.7,91.0,9.4,9.0,13,2.3,4
0.5,0.25,1.0,Maryland,57.0,57,57,57.0,11.8,11.5,14,0.0,0.0,68.3,64.5,77.3,77.0,90.9,90.5,8.4,8.5,13,2.7,4
2.0,0.1,2.0,Maryland,57.0,57,57,57.0,13.6,13.0,16,0.0,0.0,76.1,77.0,81.0,80.0,92.2,91.0,9.3,10.0,13,2.7,5
2.0,0.1,0.5,Vermont,57.0,57,57,57.0,11.3,11.0,13,0.0,0.0,58.6,58.0,67.8,68.0,47.2,28.0,17.2,17.0,20,2.7,4
1.0,0.1,2.0,Vermont,57.0,57,57,57.0,11.2,11.0,13,0.0,0.0,58.0,58.0,66.0,60.0,47.2,28.0,16.0,16.5,19,2.8,4
2.0,0.1,2.0,Vermont,57.0,57,57,57.0,11.0,11.0,13,0.0,0.0,58.6,58.0,65.0,63.0,57.7,48.5,14.5,14.0,18,3.0,5
0.5,0.1,2.0,Vermont,57.0,57,57,57.0,10.3,10.0,12,0.0,0.0,58.0,58.0,64.4,60.0,62.3,76.0,15.6,15.5,19,3.6,6
0.5,0.1,0.5,Vermont,57.0,57,57,57.0,9.3,9.5,11,0.0,0.0,58.0,58.0,68.4,68.0,28.0,28.0,16.5,16.5,20,3.8,6
2.0,0.1,1.0,Washington,57.0,52,61,57.5,12.0,12.0,13,0.0,0.0,61.4,63.0,65.5,66.0,72.5,73.0,22.4,22.0,28,12.7,15
0.5,0.05,2.0,Indiana,57.0,56,66,56.0,56.9,56.5,62,0.0,0.0,63.6,61.0,69.5,71.0,28.0,28.0,18.5,19.0,22,12.8,17
0.5,0.05,2.0,Florida,57.0,39,59,59.0,13.8,14.0,15,0.0,0.0,61.0,61.0,70.9,70.0,53.5,61.0,31.6,31.5,36,20.6,22
1.0,0.05,1.0,Florida,57.0,39,59,59.0,14.0,14.0,16,0.0,0.0,60.8,61.0,71.6,74.5,63.8,61.0,31.9,31.0,38,21.0,23
1.0,0.1,0.5,Vermont,57.1,57,58,57.0,10.9,11.0,12,0.0,0.0,58.2,58.0,61.9,60.0,55.1,48.5,16.5,17.0,19,2.9,5
1.0,0.1,1.0,Vermont,57.1,57,58,57.0,10.6,11.0,13,0.0,0.0,58.6,58.0,62.0,60.0,66.4,92.0,16.2,16.0,20,3.2,5
0.5,0.1,1.0,Vermont,57.1,57,58,57.0,10.2,10.0,13,0.0,0.0,59.4,58.0,69.4,69.5,70.2,87.5,17.6,16.5,22,3.5,5
1.0,0.25,1.0,Pennsylvania,57.1,37,66,57.0,46.9,47.0,51,0.8,4.0,67.8,66.0,74.4,75.0,79.5,84.0,31.8,29.0,61,11.1,21
2.0,0.05,2.0,Indiana,57.1,50,72,56.0,60.6,61.5,64,0.0,0.0,62.8,59.0,72.0,71.5,28.0,28.0,22.6,21.0,30,12.0,16
ALL,ALL,ALL,Florida,57.12777777777778,39,119,59.0,12.813888888888888,13.0,18,0.12777777777777777,3.0,66.20833333333333,61.0,76.5111111111111,66.0,62.40555555555556,61.0,28.302777777777777,30.0,49,20.133333333333333,26
2.0,0.25,0.5,Delaware,57.2,50,61,61.0,3.0,3.0,3,0.0,0.0,86.5,66.5,163.5,137.0,,,0.0,0.0,0,0.0,0
2.0,0.01,0.5,South Dakota,57.2,48,64,57.0,40.5,41.0,44,0.0,0.0,61.5,60.5,64.6,64.5,62.5,73.0,17.0,17.0,20,4.8,7
1.0,0.1,2.0,Washington,57.2,53,61,57.5,12.2,12.5,13,0.3,1.0,62.4,63.0,67.0,66.0,65.6,71.5,23.6,23.5,26,11.8,14
1.0,0.25,0.5,Pennsylvania,57.2,37,66,61.5,44.1,44.0,51,0.8,5.0,67.8,68.5,71.7,75.0,28.0,28.0,32.5,30.0,61,12.7,25
1.0,0.05,0.5,Michigan,57.2,52,65,52.0,34.5,35.0,38,0.9,2.0,65.9,65.0,70.0,70.0,35.8,28.0,22.5,22.5,26,20.7,24
0.5,0.25,0.5,Maine,57.3,46,67,58.5,5.0,5.0,6,0.0,0.0,73.6,67.0,87.8,81.0,121.0,121.0,0.5,0.5,1,0.3,2
1.0,0.1,0.5,West Virginia,57.3,54,87,54.0,12.5,13.0,14,0.0,0.0,103.1,85.0,154.6,165.0,160.1,122.0,15.0,15.5,21,0.9,2
0.5,0.1,1.0,Utah,57.3,56,63,57.0,12.5,12.0,15,0.4,1.0,61.8,60.0,64.9,63.0,28.0,28.0,17.4,16.5,20,1.6,3
0.5,0.05,1.0,Vermont,57.3,57,58,57.0,10.4,10.5,12,0.0,0.0,65.9,63.0,74.4,77.0,80.5,92.0,16.0,17.0,18,2.8,4
2.0,0.05,1.0,Utah,57.3,50,63,58.0,13.6,14.0,15,0.1,1.0,61.6,60.0,65.0,64.0,28.0,28.0,19.6,20.0,26,3.2,4
1.0,0.1,0.5,Utah,57.4,56,63,57.0,13.5,14.0,15,0.3,1.0,61.8,60.0,64.8,63.0,28.0,28.0,17.2,17.0,20,1.9,3
0.5,0.01,1.0,South Dakota,57.4,57,61,57.0,30.7,30.5,35,0.0,0.0,63.2,63.5,65.1,65.0,73.7,75.0,12.9,12.5,20,2.4,5
2.0,0.01,1.0,South Dakota,57.4,55,63,57.0,39.7,39.0,45,0.0,0.0,62.8,63.0,65.7,65.0,60.5,68.0,19.1,17.5,32,6.4,11
0.5,0.1,0.5,Ohio,57.4,37,71,63.0,39.9,41.0,44,0.4,2.0,71.5,71.0,74.4,75.5,32.7,28.0,16.7,16.5,22,13.4,20
2.0,0.05,0.5,Florida,57.4,39,61,59.0,13.5,13.5,16,0.2,1.0,61.8,61.0,69.3,66.0,66.7,61.0,36.8,35.5,42,21.3,23
0.5,0.01,1.0,Iowa,57.4,57,59,57.0,29.5,30.0,36,2.4,12.0,63.5,57.0,83.3,86.0,28.0,28.0,63.7,61.5,77,44.6,51
0.5,0.05,1.0,North Dakota,57.5,55,78,55.0,15.5,16.0,17,0.0,0.0,62.3,57.0,79.5,82.0,102.66666666666667,108.0,2.1,2.0,4,2.5,4
0.5,0.05,2.0,North Dakota,57.7,55,78,55.0,18.4,18.5,20,0.0,0.0,68.8,64.0,81.2,82.5,148.3,123.0,3.6,4.0,6,2.8,4
2.0,0.01,2.0,South Dakota,57.7,57,64,57.0,40.8,41.0,43,0.0,0.0,64.0,63.5,69.4,69.0,54.9,28.0,21.3,19.5,29,6.0,9
0.5,0.05,1.0,Ohio,57.7,37,76,70.0,47.4,46.5,56,0.6,2.0,73.1,71.0,81.1,79.5,55.0,51.5,21.5,20.0,30,12.6,17
1.0,0.01,2.0,South Dakota,57.8,55,63,57.0,40.3,39.5,45,0.0,0.0,63.8,64.0,66.7,65.0,72.1,74.5,20.6,19.0,34,5.1,7
1.0,0.25,1.0,Oregon,57.8,52,61,61.0,12.2,12.0,13,0.0,0.0,61.6,62.0,70.4,71.5,107.3,91.0,5.6,5.5,7,9.9,10
0.5,0.25,1.0,Oregon,57.8,52,61,61.0,9.4,9.0,12,0.0,0.0,64.2,62.0,72.4,73.0,101.6,91.0,4.5,4.5,7,10.0,11
2.0,0.25,1.0,Oregon,57.8,52,61,61.0,11.5,11.0,13,0.0,0.0,61.6,62.0,69.8,71.5,98.3,91.0,5.8,5.0,10,11.1,12
2.0,0.1,0.5,Washington,57.8,53,61,61.0,11.7,12.0,13,0.2,1.0,62.2,63.0,65.5,66.0,72.7,73.0,22.7,23.0,26,12.5,15
2.0,0.05,0.5,Vermont,57.9,57,66,57.0,10.4,10.0,14,0.0,0.0,66.1,63.0,77.4,77.0,47.2,28.0,16.7,17.0,20,3.3,6
1.0,0.25,0.5,Virginia,57.9,46,63,63.0,29.0,29.0,32,0.0,0.0,80.5,88.0,86.4,92.0,28.0,28.0,18.2,17.5,21,7.7,10
0.5,0.25,1.0,Virginia,57.9,46,63,63.0,28.4,28.0,31,0.0,0.0,76.2,76.5,85.6,88.0,28.0,28.0,16.4,16.5,20,8.8,11
1.0,0.25,1.0,Virginia,57.9,46,63,63.0,32.1,31.5,36,0.0,0.0,76.5,78.0,85.8,89.0,28.0,28.0,17.6,17.5,20,10.1,12
0.5,0.25,2.0,Virginia,57.9,46,63,63.0,31.8,31.0,36,0.0,0.0,78.5,88.0,83.6,90.0,28.0,28.0,18.2,18.0,21,10.3,13
0.5,0.01,2.0,California,57.9,43,90,58.0,4.8,4.5,8,10.3,21.0,97.9,93.0,137.8,140.0,28.0,28.0,74.2,75.5,84,26.3,29
ALL,ALL,ALL,Oklahoma,57.90277777777778,37,236,56.0,31.144444444444446,33.0,47,0.23055555555555557,1.0,73.98611111111111,64.0,87.66111111111111,66.0,54.27556818181818,28.0,8.20281690140845,8.0,21,4.763888888888889,12
1.0,0.1,2.0,Florida,58.0,54,59,59.0,13.0,13.0,15,0.0,0.0,60.5,61.0,66.6,66.0,61.0,61.0,36.9,37.5,46,22.0,24
0.5,0.25,0.5,Delaware,58.1,50,61,61.0,2.1,2.5,3,0.0,0.0,77.0,65.0,132.0,141.0,,,0.0,0.0,0,0.0,0
2.0,0.25,0.5,Nevada,58.1,45,68,60.5,5.0,5.0,5,0.0,0.0,64.1,71.0,66.7,73.0,112.22222222222223,112.0,1.0,1.0,1,0.0,0
1.0,0.25,2.0,Washington,58.1,53,61,61.0,12.1,12.0,13,0.0,0.0,62.1,63.0,64.7,66.0,65.5,71.0,23.1,23.5,26,13.4,15
1.0,0.01,0.5,Iowa,58.1,57,66,57.0,26.8,25.5,34,2.6,10.0,66.7,61.5,78.5,77.0,28.0,28.0,69.4,68.5,83,47.8,54
0.5,0.25,1.0,Pennsylvania,58.2,51,66,57.0,46.0,46.5,48,0.3,1.0,66.9,66.0,74.2,75.0,28.0,28.0,28.0,28.0,34,9.4,14
1.0,0.25,2.0,Oregon,58.2,40,61,61.0,11.5,11.5,13,0.0,0.0,62.1,62.0,72.1,71.5,98.4,91.0,5.1,5.0,8,11.2,12
2.0,0.1,0.5,Ohio,58.2,37,71,63.5,57.2,57.0,62,0.4,2.0,70.5,71.0,75.0,76.0,42.1,28.0,28.0,26.5,36,16.1,19
1.0,0.1,1.0,Ohio,58.2,37,71,63.0,57.2,57.5,60,0.3,1.0,70.2,71.0,75.1,77.0,46.8,28.0,25.2,24.5,34,16.6,20
0.5,0.1,1.0,Washington,58.3,53,66,61.0,12.1,12.5,15,0.2,1.0,62.9,63.0,65.7,64.5,63.2,73.0,18.0,18.0,21,11.2,13
1.0,0.1,0.5,Washington,58.3,53,66,61.0,11.6,12.0,15,0.2,1.0,63.2,63.0,66.0,66.0,72.0,73.0,21.2,21.0,24,11.6,14
ALL,ALL,ALL,Missouri,58.31666666666667,38,134,53.0,63.50277777777778,69.0,86,0.0,0.0,67.55,59.0,72.3861111111111,59.0,59.88268156424581,28.0,13.754189944134078,14.0,30,3.577777777777778,9
1.0,0.05,0.5,Utah,58.4,56,63,57.0,13.1,13.0,14,0.2,1.0,63.9,60.0,66.7,64.0,28.0,28.0,15.3,17.0,19,1.4,3
2.0,0.1,1.0,Oregon,58.5,52,61,61.0,12.1,12.0,14,0.0,0.0,65.8,62.0,98.3,88.0,119.8,125.5,6.4,6.0,10,10.0,11
2.0,0.05,1.0,Michigan,58.5,52,65,58.5,37.8,37.5,42,0.4,2.0,63.8,65.5,68.2,69.0,39.7,28.0,23.3,23.5,29,22.9,26
1.0,0.1,1.0,Michigan,58.5,52,65,58.5,36.3,36.5,41,0.5,2.0,62.6,65.5,66.0,66.0,42.9,28.0,23.7,23.0,27,24.3,27
1.0,0.05,0.5,Vermont,58.6,57,68,57.0,9.8,10.0,12,0.0,0.0,64.5,58.0,76.2,77.0,81.0,92.0,15.4,15.0,23,3.6,6
0.5,0.1,2.0,Washington,58.6,53,61,61.0,12.0,12.0,14,0.0,0.0,61.7,63.0,64.8,66.0,66.9,71.0,23.4,22.5,29,12.1,14
2.0,0.05,1.0,Indiana,58.6,56,71,56.0,57.8,57.5,61,0.0,0.0,66.5,69.0,70.8,71.5,28.0,28.0,21.3,20.5,28,13.4,16
ALL,ALL,ALL,Michigan,58.69722222222222,40,110,52.0,34.88055555555555,35.0,44,0.6277777777777778,10.0,67.73055555555555,65.0,75.075,67.0,53.4,63.0,20.41111111111111,21.0,33,22.06111111111111,31
1.0,0.25,1.0,Kentucky,58.7,34,67,66.0,48.6,48.5,50,0.1,1.0,66.3,67.5,70.5,74.0,28.0,28.0,23.8,23.5,28,9.0,12
2.0,0.25,1.0,Kentucky,58.7,45,67,58.0,51.3,51.0,53,0.0,0.0,67.7,66.0,70.8,70.5,28.0,28.0,24.3,23.0,30,12.3,14
2.0,0.05,2.0,Florida,58.7,54,61,59.0,13.7,13.5,17,0.1,1.0,61.5,61.0,70.3,72.5,49.4,61.0,39.3,39.5,43,21.1,23
0.5,0.05,1.0,Utah,58.8,56,63,59.0,11.9,12.0,14,0.4,1.0,63.2,61.5,67.5,64.0,28.0,28.0,15.5,16.0,19,1.5,3
0.5,0.05,2.0,Utah,58.8,56,63,57.5,13.5,13.0,15,0.2,1.0,62.6,60.0,67.8,63.0,28.0,28.0,17.5,18.0,22,2.2,4
2.0,0.05,2.0,Vermont,58.8,57,68,58.0,10.1,10.5,12,0.0,0.0,65.7,61.0,72.8,72.0,64.7,80.5,17.1,17.0,25,3.5,5
2.0,0.05,0.5,Washington,58.8,53,63,61.0,11.7,12.0,13,0.2,1.0,64.4,63.0,67.7,66.0,64.7,73.0,22.4,23.0,26,11.7,15
2.0,0.25,1.0,Nevada,58.9,45,68,60.5,5.0,5.0,5,0.0,0.0,66.2,71.0,70.7,73.0,112.22222222222223,112.0,1.4444444444444444,1.0,2,0.0,0
2.0,0.25,2.0,Nevada,58.9,45,68,60.5,5.0,5.0,5,0.0,0.0,66.9,71.0,69.0,73.0,112.0,112.0,1.3333333333333333,1.0,2,0.0,0
1.0,0.05,1.0,Utah,58.9,55,63,58.0,12.9,13.0,14,0.2,1.0,64.0,60.0,68.4,64.0,28.0,28.0,19.6,20.5,24,3.1,4
1.0,0.25,0.5,Delaware,59.0,50,61,61.0,3.0,3.0,3,0.0,0.0,81.0,69.0,220.1,196.0,302.0,302.0,1.0,1.0,1,0.0,0
0.5,0.25,0.5,Kentucky,59.0,34,67,65.0,29.9,30.0,33,0.1,1.0,65.8,66.5,69.1,70.5,28.0,28.0,9.1,9.0,12,5.5,9
0.5,0.1,0.5,Florida,59.0,59,59,59.0,13.2,13.5,15,0.0,0.0,61.0,61.0,67.9,66.0,61.0,61.0,16.0,16.0,19,15.9,18
1.0,0.1,1.0,Florida,59.0,59,59,59.0,14.3,14.0,16,0.0,0.0,61.0,61.0,70.1,68.5,61.0,61.0,30.7,30.0,36,20.5,22
2.0,0.1,0.5,Florida,59.0,59,59,59.0,13.9,13.5,16,0.0,0.0,61.0,61.0,69.9,71.5,61.0,61.0,35.3,35.5,40,21.1,23
1.0,0.05,1.0,New York,59.0,53,65,59.0,14.6,15.0,21,0.7,1.0,72.4,67.0,89.4,91.0,28.0,28.0,160.9,161.5,171,34.7,39
0.5,0.05,0.5,Utah,59.1,56,63,57.5,9.5,10.0,11,0.4,1.0,65.8,60.0,70.0,64.0,28.0,28.0,13.6,13.5,16,1.4,2
0.5,0.05,2.0,Michigan,59.1,52,65,61.5,35.3,34.5,39,0.5,2.0,66.2,67.5,69.6,70.5,43.6,28.0,22.4,22.5,26,23.7,26
0.5,0.1,1.0,Tennessee,59.2,53,115,53.0,25.8,26.5,28,0.0,0.0,115.1,127.5,126.9,128.5,110.8,98.0,9.5,9.0,13,7.9,10
1.0,0.1,1.0,Washington,59.2,53,66,61.0,11.6,11.5,15,0.2,1.0,63.9,63.0,66.8,66.0,68.1,73.0,22.6,22.0,26,12.3,16
0.5,0.05,0.5,Florida,59.2,59,61,59.0,12.4,11.5,16,0.1,1.0,61.5,61.0,72.3,75.5,61.7,61.0,15.2,15.0,19,15.3,19
1.0,0.05,2.0,Florida,59.2,59,61,59.0,13.6,14.0,16,0.1,1.0,62.0,61.0,73.0,74.0,63.0,61.0,36.8,36.5,45,21.4,24
1.0,0.05,1.0,Vermont,59.3,57,68,57.0,9.7,10.0,11,0.0,0.0,67.8,67.0,78.2,77.0,65.3,80.5,18.0,18.0,24,4.1,6
2.0,0.1,1.0,Georgia,59.4,45,61,61.0,56.0,56.0,59,0.0,0.0,68.4,71.0,72.5,74.0,28.0,28.0,8.6,8.0,13,7.3,9
0.5,0.25,2.0,Georgia,59.4,45,61,61.0,45.1,45.0,49,0.0,0.0,62.7,64.0,67.7,71.0,37.4,28.0,6.6,6.5,9,10.1,14
0.5,0.25,2.0,Oregon,59.4,52,61,61.0,11.3,11.0,13,0.0,0.0,61.8,62.0,77.7,80.5,116.5,107.5,4.1,4.0,6,10.4,11
0.5,0.1,0.5,Washington,59.4,53,61,61.0,11.7,12.0,14,0.0,0.0,62.6,63.0,65.4,66.0,67.0,71.5,14.2,14.5,17,10.6,13
1.0,0.05,0.5,Florida,59.4,59,61,59.0,13.5,13.5,15,0.2,1.0,62.8,61.0,72.3,75.5,66.6,61.0,21.6,22.5,25,19.8,22
2.0,0.05,1.0,Florida,59.4,59,61,59.0,13.3,13.5,15,0.2,1.0,63.1,61.0,74.5,74.0,66.6,61.0,37.2,36.0,44,21.7,24
1.0,0.01,1.0,Iowa,59.4,57,79,57.0,26.0,26.0,30,2.9,13.0,65.1,61.5,77.6,81.0,28.0,28.0,79.8,81.5,93,53.4,59
1.0,0.01,1.0,Wyoming,59.5,45,100,51.0,9.8,10.0,11,0.0,0.0,79.0,83.5,96.9,92.5,121.33333333333333,121.0,2.0,2.0,3,0.0,0
0.5,0.05,0.5,Vermont,59.5,57,68,57.5,9.3,9.0,11,0.0,0.0,69.8,68.0,75.4,77.0,61.2,60.0,17.4,17.5,23,3.2,5
2.0,0.05,1.0,Vermont,59.5,57,68,57.0,10.0,10.0,12,0.0,0.0,67.5,67.0,74.7,77.0,78.9,92.0,16.5,16.0,22,4.0,5
0.5,0.1,2.0,Georgia,59.5,46,61,61.0,47.1,46.5,52,0.0,0.0,70.2,71.0,75.9,74.0,63.2,28.0,6.4,6.5,8,5.7,7
2.0,0.01,1.0,California,59.5,47,90,55.0,5.6,5.5,8,8.7,23.0,96.1,87.5,133.9,114.5,28.0,28.0,67.5,67.5,75,26.3,29
0.5,0.05,2.0,Vermont,59.6,57,68,57.0,9.9,10.0,11,0.0,0.0,66.8,67.0,81.2,77.0,71.5,92.0,16.6,17.0,22,3.7,5
0.5,0.1,0.5,Oregon,59.6,54,61,61.0,7.4,7.0,9,0.0,0.0,69.0,62.0,82.8,88.0,123.9,127.5,3.5,3.5,6,9.2,10
0.5,0.05,0.5,New York,59.6,53,95,53.0,11.8,11.0,18,0.7,2.0,73.6,65.0,84.2,78.0,28.0,28.0,128.4,130.0,146,31.8,35
1.0,0.1,0.5,Oregon,59.8,40,70,61.0,9.7,9.5,11,0.0,0.0,73.7,62.0,96.3,88.0,111.2,121.0,5.3,5.5,9,10.0,11
1.0,0.05,1.0,Michigan,59.8,52,65,65.0,36.2,36.0,41,0.4,2.0,65.9,69.0,71.6,71.0,35.8,28.0,23.1,22.0,29,23.0,28
1.0,0.01,1.0,California,59.8,47,102,55.0,4.4,4.5,7,12.6,24.0,111.2,94.0,139.55555555555554,136.0,28.0,28.0,72.6,73.5,83,26.9,31
1.0,0.25,2.0,Delaware,60.1,52,61,61.0,3.0,3.0,3,0.0,0.0,76.2,69.0,175.9,110.0,,,0.0,0.0,0,0.0,0
2.0,0.25,1.0,Delaware,60.1,52,61,61.0,3.0,3.0,3,0.0,0.0,81.6,70.0,195.6,157.0,,,0.0,0.0,0,0.0,0
2.0,0.25,2.0,Delaware,60.1,52,61,61.0,3.0,3.0,3,0.0,0.0,88.6,69.0,222.8,212.0,,,0.0,0.0,0,0.0,0
1.0,0.1,0.5,Ohio,60.1,37,71,63.5,53.4,53.5,56,0.2,1.0,70.6,71.0,74.7,76.0,42.1,28.0,22.8,23.0,27,14.5,17
1.0,0.01,1.0,Minnesota,60.1,50,80,60.0,38.3,38.0,41,0.2,1.0,63.6,60.5,64.5,61.5,44.4,28.0,58.2,59.0,64,30.0,33
2.0,0.01,2.0,Arizona,60.2,35,104,53.0,10.0,10.0,11,0.0,0.0,84.6,85.0,97.1,97.0,102.2,99.5,5.1,5.0,9,0.8,1
0.5,0.25,1.0,Nevada,60.4,45,71,62.0,5.0,5.0,5,0.0,0.0,67.6,72.0,78.3,82.5,112.0,112.0,1.4,1.0,2,0.0,0
1.0,0.25,0.5,Nevada,60.4,45,71,62.0,5.0,5.0,5,0.0,0.0,67.3,72.0,78.3,82.5,112.0,112.0,1.25,1.0,2,0.0,0
2.0,0.05,2.0,North Dakota,60.4,55,82,55.0,22.8,23.0,24,0.0,0.0,75.0,80.5,87.1,87.0,130.1,108.0,5.6,5.0,8,2.8,5
1.0,0.05,2.0,Vermont,60.4,57,68,57.0,10.7,10.5,12,0.0,0.0,68.0,68.0,78.2,77.0,75.2,92.0,16.7,16.5,20,3.0,5
1.0,0.05,2.0,Michigan,60.4,52,65,65.0,37.7,37.0,43,0.3,1.0,66.3,67.5,69.9,70.5,43.6,28.0,23.3,22.0,33,22.8,27
1.0,0.1,0.5,Georgia,60.5,46,71,61.0,38.4,37.0,42,0.0,0.0,70.0,71.0,75.8,74.0,43.2,28.0,5.4,5.5,9,7.3,12
1.0,0.1,0.5,Tennessee,60.5,53,128,53.0,30.9,31.0,34,0.0,0.0,107.6,115.0,126.3,128.0,84.0,98.0,13.8,13.5,18,8.1,11
1.0,0.1,2.0,Georgia,60.7,58,61,61.0,54.7,54.0,60,0.0,0.0,70.7,71.0,75.2,74.0,28.0,28.0,7.6,8.0,10,7.8,11
2.0,0.05,0.5,Tennessee,60.7,53,130,53.0,38.7,39.0,41,0.0,0.0,125.3,128.0,137.6,139.5,42.0,28.0,22.2,22.0,28,9.4,12
2.0,0.25,2.0,Massachusetts,60.8,37,88,71.0,7.6,8.0,8,0.0,0.0,79.9,73.5,90.2,97.0,132.2,122.0,2.9,3.0,4,0.7,2
1.0,0.01,0.5,Arizona,60.8,35,113,58.0,8.3,8.0,10,0.0,0.0,97.8,95.0,116.0,113.0,123.6,109.0,4.9,4.5,8,1.5,3
1.0,0.01,1.0,Illinois,60.8,43,111,43.0,43.8,43.0,50,0.0,0.0,98.1,96.0,107.4,108.0,135.9,141.0,9.7,10.0,15,3.5,5
1.0,0.25,2.0,Kentucky,60.8,52,67,65.0,50.9,50.5,54,0.0,0.0,68.5,70.5,72.4,75.5,28.0,28.0,24.8,25.0,28,12.1,14
0.5,0.01,0.5,Wisconsin,60.9,45,79,60.0,28.8,29.5,33,0.3,3.0,67.2,67.0,73.0,69.0,36.5,28.0,48.9,46.5,61,27.1,30
1.0,0.25,1.0,Delaware,61.0,61,61,61.0,3.0,3.0,3,0.0,0.0,124.0,105.0,248.5,298.5,,,0.0,0.0,0,0.0,0
2.0,0.1,1.0,Delaware,61.0,61,61,61.0,3.0,3.0,3,0.0,0.0,189.9,205.0,322.5,346.0,,,0.0,0.0,0,0.0,0
2.0,0.1,2.0,Delaware,61.0,61,61,61.0,3.0,3.0,3,0.0,0.0,164.8,205.0,346.0,346.0,,,0.0,0.0,0,0.0,0
0.5,0.1,2.0,Delaware,61.0,61,61,61.0,3.0,3.0,3,0.0,0.0,140.5,157.0,295.0,346.0,,,0.0,0.0,0,0.0,0
0.5,0.1,0.5,Georgia,61.0,61,61,61.0,22.1,22.0,25,0.0,0.0,69.5,71.0,74.4,74.0,28.0,28.0,3.2,3.0,5,5.9,8
0.5,0.1,1.0,Georgia,61.0,61,61,61.0,36.5,36.0,43,0.0,0.0,69.8,71.0,76.8,74.0,40.4,28.0,3.4,3.0,6,6.0,9
1.0,0.1,1.0,Georgia,61.0,61,61,61.0,48.5,48.5,52,0.0,0.0,69.5,71.0,75.0,74.0,66.3,28.0,5.3,5.0,8,6.7,9
2.0,0.1,0.5,Georgia,61.0,61,61,61.0,53.2,53.5,56,0.0,0.0,69.9,71.0,74.4,74.0,34.7,28.0,7.8,7.0,11,7.6,10
2.0,0.1,2.0,Georgia,61.0,61,61,61.0,55.4,56.0,58,0.0,0.0,69.6,71.0,73.7,74.0,28.0,28.0,9.9,10.0,13,8.2,10
2.0,0.05,0.5,Oregon,61.0,61,61,61.0,11.3,11.0,14,0.0,0.0,80.0,81.0,119.5,123.0,129.2,127.5,5.4,5.0,8,9.8,11
0.5,0.1,2.0,Oregon,61.0,61,61,61.0,11.1,11.0,13,0.0,0.0,69.8,62.0,88.4,88.0,127.2,127.0,5.8,6.0,8,9.9,11
2.0,0.1,2.0,Oregon,61.0,61,61,61.0,12.1,12.0,14,0.0,0.0,71.7,62.0,96.7,88.0,125.2,128.0,6.4,6.0,9,10.0,12
2.0,0.1,0.5,Oregon,61.0,61,61,61.0,11.5,12.0,13,0.0,0.0,71.2,73.0,86.5,88.0,113.0,127.0,5.3,5.0,9,10.8,12
1.0,0.1,2.0,Oregon,61.0,61,61,61.0,11.6,11.0,14,0.0,0.0,68.5,62.0,89.7,88.0,116.4,127.0,6.6,7.0,8,10.9,12
ALL,ALL,ALL,Indiana,61.077777777777776,41,98,56.0,55.90277777777778,57.0,71,0.011111111111111112,2.0,67.05555555555556,57.0,72.03611111111111,66.0,37.541666666666664,28.0,18.725,19.0,31,11.658333333333333,19
2.0,0.25,2.0,Maine,61.1,46,67,67.0,8.3,8.0,9,0.0,0.0,69.4,67.0,77.4,79.0,173.0,199.0,0.3,0.0,1,1.4,2
2.0,0.25,1.0,Maine,61.1,46,67,67.0,8.1,8.0,9,0.0,0.0,69.1,69.0,88.2,83.0,121.0,121.0,0.2,0.0,1,1.5,2
2.0,0.05,1.0,Washington,61.1,53,70,61.0,11.9,11.5,15,0.1,1.0,66.5,63.0,73.9,75.5,75.9,73.0,21.2,20.5,27,12.0,15
0.5,0.05,1.0,Michigan,61.1,52,65,65.0,31.9,31.5,34,0.3,1.0,66.6,69.5,70.7,70.5,51.4,67.0,18.4,18.0,23,21.7,25
2.0,0.05,0.5,Michigan,61.1,52,65,65.0,38.5,38.5,43,0.4,2.0,67.6,69.0,73.8,71.0,47.5,47.5,19.9,20.0,22,21.7,25
1.0,0.25,2.0,Nevada,61.2,45,71,62.0,5.0,5.0,5,0.0,0.0,69.8,72.0,80.4,82.5,112.25,112.0,1.0,1.0,1,0.0,0
0.5,0.25,2.0,Nevada,61.2,45,71,62.0,5.0,5.0,5,0.0,0.0,70.1,72.0,82.5,82.5,112.0,112.0,1.4285714285714286,1.0,2,0.0,0
0.5,0.05,1.0,Washington,61.2,53,66,61.0,9.9,9.5,12,0.0,0.0,65.0,63.0,72.1,74.0,74.2,73.0,17.2,17.5,21,11.6,14
ALL,ALL,ALL,North Dakota,61.272222222222226,49,109,55.0,18.569444444444443,19.0,26,0.005555555555555556,1.0,68.8638888888889,57.0,80.18055555555556,82.0,122.91594202898551,108.0,3.477777777777778,3.0,10,2.9722222222222223,6
2.0,0.05,1.0,Maryland,61.3,57,100,57.0,13.3,13.5,14,0.0,0.0,82.0,77.0,88.7,80.0,95.3,95.0,7.5,7.5,11,1.3,3
2.0,0.1,2.0,Virginia,61.3,46,63,63.0,32.9,33.0,35,0.0,0.0,85.5,88.0,91.6,92.0,28.0,28.0,17.8,17.5,21,10.8,12
1.0,0.05,0.5,Washington,61.3,53,73,61.0,9.4,9.0,12,0.1,1.0,66.0,63.0,72.0,71.5,69.4,73.0,20.5,20.5,24,11.9,14
0.5,0.25,0.5,Nevada,61.4,45,71,71.0,5.0,5.0,5,0.0,0.0,65.6,73.0,78.1,92.0,112.0,112.0,1.1,1.0,2,0.0,0
0.5,0.25,2.0,Maine,61.5,46,67,67.0,7.9,8.0,8,0.0,0.0,72.7,69.0,81.4,84.0,147.0,121.0,0.3,0.0,1,1.0,1
1.0,0.25,2.0,Maine,61.5,46,67,67.0,8.1,8.0,9,0.0,0.0,71.6,69.0,78.9,83.5,121.0,121.0,0.1,0.0,1,1.5,2
1.0,0.1,1.0,Oregon,61.5,54,73,61.0,11.0,11.0,13,0.0,0.0,70.6,67.5,83.4,88.0,114.9,127.5,6.6,6.5,10,9.6,11
0.5,0.05,0.5,Michigan,61.7,52,65,65.0,30.8,31.0,35,0.2,2.0,67.4,69.0,72.9,70.5,47.5,47.5,15.3,15.5,19,18.5,22
2.0,0.1,0.5,Delaware,61.8,61,69,61.0,3.0,3.0,3,0.0,0.0,220.3,206.5,317.6,346.0,,,0.0,0.0,0,0.0,0
0.5,0.1,0.5,Delaware,61.888888888888886,61,69,61.0,1.2222222222222223,1.0,2,0.0,0.0,138.5,138.5,,,,,0.0,0.0,0,0.0,0
2.0,0.25,0.5,New Jersey,61.9,46,119,48.0,8.2,8.0,9,0.0,0.0,73.3,69.0,91.1,81.0,95.5,73.0,2.5,2.5,3,0.6,1
1.0,0.25,0.5,Kentucky,61.9,52,67,64.0,39.4,39.0,44,0.0,0.0,68.3,67.0,72.3,74.0,37.2,28.0,16.9,16.5,24,7.7,10
0.5,0.05,1.0,Maryland,62.0,57,87,57.0,12.5,12.0,15,0.0,0.0,80.2,77.0,87.6,85.0,91.5,91.0,6.7,8.0,9,1.1,2
0.5,0.05,0.5,Georgia,62.0,61,71,61.0,19.3,19.5,23,0.0,0.0,72.6,72.5,78.5,78.5,91.625,68.0,1.6,1.0,6,3.9,5
1.0,0.05,2.0,Georgia,62.0,61,71,61.0,52.4,53.0,54,0.0,0.0,71.9,71.0,76.7,74.0,34.7,28.0,6.9,6.5,10,6.2,9
1.0,0.01,2.0,Wisconsin,62.0,45,79,67.0,34.8,34.0,42,0.3,2.0,69.6,67.5,75.5,71.0,28.0,28.0,69.5,71.0,76,26.7,31
2.0,0.05,2.0,Michigan,62.1,49,65,65.0,38.2,38.0,41,0.2,2.0,68.5,69.5,71.2,70.5,43.6,28.0,22.9,22.5,27,21.9,24
ALL,ALL,ALL,Ohio,62.16388888888889,37,119,64.0,50.55,53.0,68,0.5083333333333333,2.0,76.4,71.0,81.7388888888889,77.0,54.7,28.0,21.09722222222222,22.0,36,14.144444444444444,24
2.0,0.05,2.0,Utah,62.2,56,80,63.0,13.5,13.0,16,0.1,1.0,69.9,71.0,73.7,79.0,28.0,28.0,17.4,16.0,22,3.8,5
2.0,0.1,2.0,Pennsylvania,62.2,37,75,66.0,48.0,48.0,50,0.2,1.0,71.6,73.0,78.5,77.5,92.9,92.0,28.2,28.0,32,9.3,11
2.0,0.05,0.5,Ohio,62.2,37,71,70.0,57.1,56.0,62,0.3,2.0,72.8,71.0,78.0,77.0,63.1,75.0,20.9,21.0,27,13.0,19
1.0,0.05,1.0,Georgia,62.3,61,74,61.0,48.1,48.5,51,0.0,0.0,72.1,72.5,79.8,83.0,69.8,28.0,6.6,6.5,10,6.3,8
1.0,0.25,0.5,Maine,62.5,46,67,67.0,8.0,8.0,9,0.0,0.0,73.3,71.0,99.2,84.0,,,0.0,0.0,0,0.6,1
0.5,0.25,2.0,Kentucky,62.7,52,67,67.0,46.3,47.0,50,0.0,0.0,70.0,73.5,73.9,74.0,28.0,28.0,20.8,21.0,25,9.1,13
2.0,0.01,2.0,California,62.7,47,93,63.0,5.1,4.5,8,8.4,22.0,101.1,93.0,149.0,125.5,28.0,28.0,67.7,65.5,84,26.7,29
ALL,ALL,ALL,Utah,62.75555555555555,50,154,57.0,12.225,13.0,16,0.32222222222222224,1.0,69.86944444444444,60.0,76.82777777777778,63.0,38.81111111111111,28.0,16.819444444444443,18.0,27,2.8944444444444444,8
0.5,0.25,1.0,Maine,62.8,46,67,67.0,8.2,8.0,9,0.0,0.0,72.0,71.0,79.4,84.0,121.0,121.0,0.16666666666666666,0.0,1,0.5,1
1.0,0.25,1.0,Maine,62.8,46,67,67.0,8.1,8.0,9,0.0,0.0,73.3,71.0,107.2,84.0,121.0,121.0,0.2,0.0,1,1.0,1
2.0,0.1,1.0,Maine,62.8,46,67,67.0,8.0,8.0,9,0.0,0.0,77.6,84.0,157.6,185.0,199.0,199.0,0.1,0.0,1,1.1,2
0.5,0.25,1.0,Kentucky,62.8,52,67,65.0,36.5,36.5,40,0.0,0.0,69.5,70.5,72.4,74.0,28.0,28.0,15.3,15.5,18,6.8,9
0.5,0.05,2.0,Washington,62.9,53,73,61.0,10.7,11.0,12,0.0,0.0,68.6,64.5,75.4,78.0,57.3,69.5,23.1,22.5,27,11.8,14
0.5,0.1,0.5,Virginia,63.0,63,63,63.0,19.0,19.0,25,0.0,0.0,88.0,88.0,92.0,92.0,28.0,28.0,10.9,10.0,15,3.8,5
1.0,0.05,0.5,Georgia,63.0,61,71,61.0,36.8,35.5,42,0.0,0.0,73.9,74.0,81.3,83.0,57.6,28.0,4.5,4.5,7,4.3,7
2.0,0.05,2.0,Georgia,63.0,61,71,61.0,53.5,53.5,58,0.0,0.0,71.8,72.5,79.7,79.0,61.4,28.0,7.1,7.0,9,6.7,10
0.5,0.1,1.0,Virginia,63.0,63,63,63.0,24.5,24.0,28,0.0,0.0,88.0,88.0,92.3,92.0,34.3,28.0,14.7,14.0,19,7.6,11
2.0,0.1,1.0,Virginia,63.0,63,63,63.0,32.9,33.0,34,0.0,0.0,88.0,88.0,92.0,92.0,28.0,28.0,17.7,17.0,22,9.4,12
2.0,0.05,1.0,Oregon,63.0,54,88,61.0,11.7,12.0,13,0.0,0.0,74.4,73.0,128.1,132.5,93.1,104.0,6.2,6.0,8,9.8,12
0.5,0.1,1.0,Oregon,63.0,54,88,61.0,8.2,8.0,10,0.0,0.0,75.5,73.5,95.2,88.0,130.4,127.0,4.3,4.0,7,9.9,12
1.0,0.05,2.0,Virginia,63.0,63,63,63.0,27.7,28.0,29,0.0,0.0,88.0,88.0,93.4,92.0,34.3,28.0,17.9,19.0,21,10.8,13
0.5,0.01,0.5,California,63.0,47,93,47.0,4.7,4.0,8,6.8,16.0,93.9,93.0,113.3,104.0,28.0,28.0,47.6,49.0,64,20.8,22
1.0,0.05,2.0,Washington,63.1,61,73,61.0,11.6,11.0,14,0.6,3.0,68.5,64.5,74.7,75.5,66.0,73.0,23.3,24.5,27,11.9,14
1.0,0.05,2.0,Ohio,63.1,37,76,71.0,58.4,58.5,63,0.3,1.0,75.5,76.5,80.8,79.0,52.3,51.5,21.8,21.5,27,13.8,21
0.5,0.01,2.0,Wisconsin,63.1,50,79,67.0,33.4,32.5,39,0.6,3.0,69.8,70.0,75.0,74.5,45.3,28.0,67.2,68.0,74,26.0,29
0.5,0.05,2.0,Georgia,63.2,61,83,61.0,45.6,45.5,49,0.0,0.0,73.5,71.0,78.8,74.5,151.6,151.5,3.5,3.0,6,4.3,6
2.0,0.1,1.0,Nevada,63.4,45,68,68.0,5.0,5.0,5,0.0,0.0,66.0,71.0,68.8,73.0,112.0,112.0,1.0,1.0,1,0.0,0
0.5,0.25,1.0,Massachusetts,63.4,37,88,72.0,7.5,7.5,8,0.0,0.0,87.7,90.5,93.5,92.0,145.3,157.0,1.6,1.5,3,0.6,1
0.5,0.05,1.0,Oregon,63.5,54,88,61.0,8.0,8.0,10,0.0,0.0,72.7,62.0,108.0,97.5,112.7,127.0,4.6,4.5,7,9.2,11
1.0,0.05,1.0,Washington,63.5,53,78,61.0,12.1,12.0,14,0.1,1.0,67.6,63.0,71.6,72.0,74.7,73.0,23.4,22.5,28,11.1,13
2.0,0.01,1.0,Wisconsin,63.5,50,72,67.0,36.8,37.0,43,0.1,1.0,67.6,67.0,75.1,68.5,32.1,28.0,67.3,67.5,81,24.7,32
1.0,0.1,2.0,Maine,63.6,50,67,67.0,7.8,8.0,9,0.0,0.0,77.6,84.0,153.9,185.0,121.0,121.0,0.3,0.0,2,1.0,1
1.0,0.05,0.5,Oregon,63.6,61,74,61.0,9.5,9.5,11,0.0,0.0,90.9,88.0,129.0,123.0,161.7,128.0,3.0,3.0,7,8.6,10
0.5,0.05,0.5,Washington,63.7,61,73,61.0,10.0,10.0,13,0.0,0.0,69.9,68.0,73.1,72.0,75.7,73.0,13.4,13.0,18,11.0,14
1.0,0.1,1.0,Virginia,63.8,46,88,63.0,29.6,29.0,33,0.0,0.0,88.4,88.0,92.1,92.0,28.0,28.0,17.7,17.5,22,8.6,11
0.5,0.1,2.0,Virginia,63.8,46,88,63.0,29.2,29.0,33,0.0,0.0,85.9,88.0,89.9,92.0,28.0,28.0,18.1,18.5,21,9.6,11
0.5,0.01,0.5,Wyoming,64.0,45,128,55.0,4.2,4.0,6,0.0,0.0,74.6,74.0,93.7,84.5,114.77777777777777,121.0,1.7777777777777777,2.0,3,0.0,0
0.5,0.05,1.0,Tennessee,64.0,53,128,53.0,25.3,25.0,29,0.2,2.0,124.8,128.0,137.1,135.0,103.6,98.0,10.0,10.0,14,6.5,9
0.5,0.1,2.0,Pennsylvania,64.0,37,75,66.0,45.2,46.5,52,1.2,7.0,74.0,75.0,77.3,78.0,90.1,96.0,31.0,30.0,48,11.3,23
0.5,0.1,2.0,Kentucky,64.1,52,67,67.0,42.4,42.0,48,0.0,0.0,73.1,74.0,78.4,81.0,56.2,28.0,20.0,20.5,23,10.1,16
0.5,0.01,2.0,Missouri,64.2,53,81,53.0,43.5,43.5,48,0.0,0.0,90.3,94.0,103.1,108.0,78.8,70.0,8.3,9.0,12,1.6,3
2.0,0.01,2.0,Florida,64.2,61,77,63.0,10.3,10.5,13,0.2,1.0,78.9,77.0,103.9,110.0,57.0,28.0,37.6,35.0,49,23.6,26
2.0,0.01,2.0,Wisconsin,64.2,50,79,59.5,37.0,37.0,41,0.1,1.0,71.9,70.5,76.7,76.0,52.5,47.0,66.5,68.5,80,25.1,29
0.5,0.05,2.0,Maryland,64.3,57,84,57.0,13.1,13.0,16,0.0,0.0,81.0,83.0,93.2,100.0,96.0,91.0,5.0,4.5,8,1.5,3
1.0,0.05,2.0,Maryland,64.3,57,100,57.0,13.0,12.5,15,0.0,0.0,83.4,78.5,90.5,85.0,96.5,93.0,8.3,8.0,11,1.7,4
2.0,0.05,1.0,Georgia,64.3,61,74,61.0,51.7,52.0,56,0.0,0.0,75.8,74.0,84.9,83.0,28.0,28.0,7.9,8.0,12,6.4,8
2.0,0.01,0.5,Wisconsin,64.3,50,67,67.0,37.1,37.0,45,0.0,0.0,68.3,68.0,72.0,70.0,28.0,28.0,68.3,70.5,75,24.0,29
0.5,0.01,2.0,Nebraska,64.4,56,83,63.0,25.6,24.0,33,0.0,0.0,73.1,69.0,86.0,85.0,233.66666666666666,199.0,1.7,1.5,3,4.9,9
1.0,0.1,2.0,Kentucky,64.4,53,67,66.0,47.1,46.5,50,0.0,0.0,71.3,74.0,76.5,81.0,42.2,28.0,23.5,23.0,29,12.4,16
1.0,0.25,2.0,Massachusetts,64.6,37,86,71.0,7.9,8.0,8,0.0,0.0,82.5,80.5,89.4,92.0,131.3,122.0,2.9,3.0,4,0.3,2
0.5,0.05,1.0,Georgia,64.6,46,83,61.0,32.9,33.0,37,0.0,0.0,74.1,74.0,82.6,83.0,108.5,124.0,3.0,2.0,7,3.9,6
2.0,0.05,0.5,Georgia,64.6,61,74,61.0,50.1,50.0,55,0.0,0.0,71.9,71.0,79.2,74.5,56.8,28.0,6.3,6.0,10,5.9,9
1.0,0.01,1.0,Arizona,64.9,53,110,53.5,9.0,9.0,10,0.0,0.0,80.4,80.0,100.4,104.0,135.8,141.0,3.9,4.0,7,1.6,3
1.0,0.05,0.5,Ohio,64.9,37,89,71.0,51.5,51.5,57,0.3,2.0,77.0,77.0,80.5,78.5,46.8,28.0,22.1,22.0,28,11.5,17
1.0,0.25,2.0,Connecticut,65.0,52,88,52.0,7.4,7.5,8,0.2,1.0,87.0,87.0,95.6,94.0,80.8,66.0,11.2,11.5,14,0.6,2
1.0,0.05,2.0,Oregon,65.0,61,81,61.0,12.0,12.0,13,0.0,0.0,91.5,88.0,118.1,107.0,133.7,128.0,6.4,6.0,9,9.3,10
1.0,0.01,2.0,Idaho,65.3,59,91,62.0,7.7,8.0,13,2.5,12.0,86.5,70.5,124.8,128.0,32.0,28.0,39.9,41.0,47,13.3,16
1.0,0.1,0.5,Virginia,65.5,63,88,63.0,27.0,27.5,29,0.0,0.0,88.4,88.0,92.9,92.0,34.3,28.0,17.2,17.5,20,8.3,10
1.0,0.1,0.5,Kentucky,65.5,52,67,67.0,36.2,36.5,42,0.0,0.0,76.2,77.5,80.6,83.0,51.2,28.0,16.7,17.0,22,9.3,11
1.0,0.01,0.5,California,65.5,47,93,63.0,4.8,5.0,6,6.7,10.0,91.1,93.0,132.0,114.5,28.0,28.0,56.0,56.0,65,26.4,28
2.0,0.05,2.0,Ohio,65.6,37,76,70.5,58.1,59.0,62,0.2,2.0,74.7,75.0,79.2,78.0,48.1,28.0,23.4,24.0,29,13.8,19
2.0,0.05,2.0,New York,65.6,53,98,59.0,14.0,14.5,18,0.5,1.0,77.4,67.0,92.4,94.5,50.7,28.0,155.4,152.5,173,35.6,41
2.0,0.05,1.0,Ohio,65.7,37,77,70.0,59.4,59.0,68,0.1,1.0,73.4,71.0,77.6,78.0,56.1,51.5,21.7,22.0,29,13.1,17
0.5,0.25,1.0,Connecticut,65.8,52,88,52.0,7.4,7.0,8,0.2,1.0,89.1,86.0,97.8,99.0,81.4,66.0,10.9,10.5,13,0.6,1
2.0,0.01,0.5,Nebraska,65.8,63,69,65.0,28.9,28.5,33,0.0,0.0,74.6,72.0,84.0,86.0,251.75,241.0,1.8,2.0,4,6.1,8
ALL,ALL,ALL,Washington,65.80833333333334,46,116,61.0,11.01388888888889,12.0,16,0.21944444444444444,5.0,72.04722222222222,63.0,78.37777777777778,66.0,67.58611111111111,73.0,20.75,21.0,30,11.672222222222222,17
2.0,0.25,1.0,Massachusetts,65.9,37,86,71.0,7.5,7.5,8,0.0,0.0,83.9,86.0,92.8,96.0,136.1,122.0,2.9,3.0,4,0.7,2
1.0,0.01,0.5,Nebraska,66.0,63,75,63.0,22.0,21.5,26,0.0,0.0,81.5,79.0,94.0,90.0,224.125,231.0,1.4,1.0,4,3.3,5
1.0,0.01,2.0,Nebraska,66.0,63,75,63.0,32.6,33.0,37,0.0,0.0,78.4,79.0,92.4,88.0,253.42857142857142,247.0,1.6,1.5,3,4.8,7
0.5,0.01,1.0,Wisconsin,66.0,62,67,67.0,30.3,30.0,34,0.2,2.0,69.9,68.5,76.2,74.0,41.1,28.0,59.8,59.5,70,28.2,32
0.5,0.05,1.0,Virginia,66.3,46,88,63.0,20.0,20.5,24,0.0,0.0,89.1,88.0,94.4,92.0,34.3,28.0,13.8,14.0,16,7.8,10
2.0,0.01,2.0,Nebraska,66.4,56,91,63.0,33.6,33.5,37,0.0,0.0,77.7,72.0,89.2,89.0,285.0,241.0,2.6,2.5,4,6.9,12
0.5,0.05,0.5,Maryland,66.5,57,109,57.0,9.6,9.0,12,0.0,0.0,85.8,80.0,99.4,86.5,103.0,95.0,5.1,4.5,11,1.6,2
2.0,0.1,1.0,Pennsylvania,66.7,37,75,66.0,47.6,47.5,52,0.3,1.0,75.1,76.0,81.1,78.0,92.5,93.0,31.0,31.5,36,9.3,13
1.0,0.1,1.0,Tennessee,66.7,53,128,53.0,38.6,38.5,43,0.0,0.0,96.4,76.0,120.6,128.0,88.6,98.0,18.2,18.5,21,9.8,15
2.0,0.05,2.0,Washington,66.7,53,73,69.5,10.7,10.0,13,0.1,1.0,72.4,78.0,77.2,80.0,75.0,73.0,21.1,21.0,25,13.1,15
1.0,0.05,1.0,Oregon,66.8,61,107,61.0,11.9,11.5,14,0.0,0.0,86.5,77.0,115.3,89.0,117.6,128.0,6.6,6.5,11,8.3,11
0.5,0.05,0.5,Ohio,66.8,61,71,67.0,38.4,38.0,42,0.0,0.0,72.8,73.5,78.2,77.0,73.0,75.0,14.0,13.5,20,10.4,15
2.0,0.01,0.5,Idaho,66.8,46,91,70.0,8.8,8.5,13,1.5,9.0,83.9,90.5,100.1,102.0,28.0,28.0,37.5,39.0,44,12.5,15
2.0,0.1,0.5,Pennsylvania,66.9,66,75,66.0,47.2,47.0,53,0.6,1.0,75.3,75.0,78.6,78.0,93.1,93.5,28.7,27.5,36,9.2,13
0.5,0.1,0.5,Pennsylvania,66.9,66,75,66.0,40.6,41.0,44,0.7,1.0,75.9,75.0,80.1,78.0,28.0,28.0,22.7,23.0,28,9.2,12
1.0,0.1,1.0,Pennsylvania,66.9,66,75,66.0,46.3,46.5,49,0.5,1.0,76.0,75.0,80.7,78.0,78.6,88.5,27.5,27.5,32,10.2,15
0.5,0.1,0.5,Maine,67.0,67,67,67.0,3.1,3.0,4,0.0,0.0,84.0,84.0,182.11111111111111,188.0,121.0,121.0,0.25,0.0,1,0.6,2
1.0,0.1,0.5,Maine,67.0,67,67,67.0,7.0,7.0,8,0.0,0.0,78.4,84.0,133.6,86.0,160.0,160.0,0.2857142857142857,0.0,1,0.7,1
0.5,0.1,1.0,Maine,67.0,67,67,67.0,6.1,6.0,8,0.0,0.0,80.9,84.0,183.1,203.0,199.0,199.0,0.14285714285714285,0.0,1,0.9,2
1.0,0.1,1.0,Maine,67.0,67,67,67.0,7.7,8.0,8,0.0,0.0,82.3,84.0,173.4,188.0,199.0,199.0,0.1,0.0,1,1.0,1
0.5,0.05,0.5,Maine,67.0,67,67,67.0,3.3,3.0,5,0.0,0.0,84.0,84.0,232.5,239.0,,,0.0,0.0,0,1.1,2
2.0,0.1,0.5,Maine,67.0,67,67,67.0,8.0,8.0,9,0.0,0.0,94.4,84.0,211.5,188.0,,,0.0,0.0,0,1.1,2
2.0,0.1,2.0,Maine,67.0,67,67,67.0,7.8,8.0,9,0.0,0.0,81.4,84.0,148.4,141.5,199.0,199.0,0.1,0.0,1,1.5,2
0.5,0.1,1.0,Kentucky,67.0,67,67,67.0,35.7,36.0,41,0.0,0.0,76.3,74.0,81.6,81.0,57.3,28.0,13.1,13.5,16,6.3,8
0.5,0.05,1.0,Kentucky,67.0,67,67,67.0,32.4,33.5,35,0.0,0.0,79.0,81.0,83.8,83.0,64.6,61.0,12.8,13.5,17,7.2,10
ALL,ALL,ALL,Vermont,67.00555555555556,50,203,57.0,10.61111111111111,11.0,14,0.20277777777777778,5.0,80.84166666666667,58.0,96.84444444444445,77.0,69.42339832869081,69.0,14.019444444444444,15.0,25,2.886111111111111,8
ALL,ALL,ALL,New York,67.06388888888888,42,132,53.0,14.269444444444444,14.0,21,0.49444444444444446,6.0,77.52222222222223,65.0,86.54166666666667,75.0,29.883333333333333,28.0,156.90277777777777,162.0,203,33.90833333333333,41
1.0,0.1,1.0,Kentucky,67.3,63,74,67.0,44.2,43.5,48,0.0,0.0,74.6,74.0,79.2,81.0,57.5,28.0,18.7,18.0,23,10.2,13
2.0,0.1,1.0,Kentucky,67.3,65,74,67.0,47.5,47.0,52,0.0,0.0,73.3,74.0,80.8,81.0,41.6,28.0,23.0,23.5,26,11.4,14
2.0,0.25,2.0,Connecticut,67.4,52,88,59.0,7.5,7.5,8,0.1,1.0,88.4,88.0,96.0,94.0,84.4,82.0,10.9,12.0,13,0.5,1
1.0,0.01,1.0,Nebraska,67.4,63,83,63.0,28.2,28.5,34,0.0,0.0,74.4,72.0,87.3,89.0,222.875,231.0,1.6,1.5,4,5.7,8
1.0,0.05,1.0,Ohio,67.4,37,71,71.0,56.4,55.5,60,0.1,1.0,75.8,77.0,81.3,80.0,56.9,75.0,21.3,20.5,28,14.2,20
2.0,0.01,1.0,Florida,67.6,59,77,63.0,10.6,10.0,13,0.7,3.0,90.1,79.0,102.2,96.0,64.2,64.5,34.7,34.0,43,22.6,26
0.5,0.1,0.5,Kentucky,67.7,67,74,67.0,24.7,24.5,28,0.0,0.0,75.4,74.0,81.2,81.0,60.5,53.5,7.6,8.0,11,5.2,8
2.0,0.1,0.5,Kentucky,67.7,67,74,67.0,44.0,43.5,48,0.0,0.0,75.4,74.0,82.2,81.0,51.2,28.0,21.0,20.5,27,11.6,13
0.5,0.05,2.0,Ohio,67.7,37,79,71.0,56.1,56.5,61,0.2,2.0,76.8,77.0,79.8,79.0,42.1,28.0,22.1,22.0,29,12.1,19
0.5,0.1,1.0,Pennsylvania,67.8,57,75,66.0,44.5,44.5,47,0.5,1.0,75.3,75.0,79.3,78.0,28.0,28.0,30.0,30.0,36,9.8,12
2.0,0.01,0.5,Michigan,67.8,65,93,65.0,36.1,36.5,40,0.1,1.0,88.6,90.0,102.3,109.5,72.2,67.0,18.6,19.0,26,17.7,25
ALL,ALL,ALL,Georgia,67.84722222222223,45,161,61.0,40.55555555555556,43.0,60,0.008333333333333333,1.0,80.20833333333333,71.0,90.04444444444445,74.0,81.11904761904762,28.0,5.325714285714286,5.0,13,5.858333333333333,14
0.5,0.25,2.0,Massachusetts,67.9,37,88,72.0,7.3,7.0,8,0.0,0.0,83.6,87.0,96.8,96.0,156.2,192.0,1.9,2.0,3,0.8,2
1.0,0.1,0.5,Nevada,68.0,53,73,71.0,5.0,5.0,5,0.0,0.0,78.9,73.0,97.1,98.0,117.625,112.0,1.25,1.0,3,0.0,0
2.0,0.1,2.0,Nevada,68.0,68,68,68.0,5.0,5.0,5,0.0,0.0,71.4,71.0,79.2,73.0,112.0,112.0,1.125,1.0,2,0.0,0
2.0,0.1,0.5,Nevada,68.0,68,68,68.0,5.0,5.0,5,0.0,0.0,71.2,71.0,74.9,73.0,112.0,112.0,1.1428571428571428,1.0,2,0.0,0
0.5,0.05,2.0,Virginia,68.0,63,88,63.0,25.2,25.0,29,0.0,0.0,89.6,88.0,95.3,93.5,53.2,28.0,16.2,16.5,21,9.1,12
2.0,0.05,0.5,Virginia,68.0,63,88,63.0,27.0,28.0,30,0.0,0.0,88.8,88.0,93.4,92.0,34.3,28.0,16.5,16.0,21,9.7,13
1.0,0.05,1.0,Virginia,68.0,63,88,63.0,25.0,25.0,27,0.0,0.0,88.8,88.0,96.6,95.0,53.2,28.0,15.5,16.5,20,10.5,13
2.0,0.1,2.0,Kentucky,68.0,63,74,67.0,48.4,47.5,53,0.0,0.0,75.6,74.0,80.3,81.0,47.0,28.0,23.6,23.5,29,13.0,16
0.5,0.01,0.5,Florida,68.0,61,77,63.0,9.5,9.0,14,0.4,3.0,83.4,77.0,103.7,106.5,86.5,89.0,9.5,9.5,14,13.1,17
1.0,0.01,1.0,Florida,68.0,61,77,63.0,9.4,9.0,12,0.9,2.0,86.8,79.0,104.2,112.0,47.1,28.0,26.1,26.0,34,21.5,24
ALL,ALL,ALL,Virginia,68.01388888888889,46,88,63.0,25.197222222222223,27.0,41,0.011111111111111112,1.0,92.80555555555556,88.0,102.69444444444444,92.0,56.88055555555555,28.0,14.569444444444445,16.0,24,7.758333333333334,13
2.0,0.05,0.5,Pennsylvania,68.1,57,78,66.0,47.2,47.0,49,0.1,1.0,78.2,76.5,87.7,87.5,62.6,60.0,28.5,27.0,37,8.6,12
0.5,0.05,2.0,Oregon,68.2,61,107,61.0,11.2,11.5,13,0.0,0.0,88.3,72.0,123.7,142.0,136.5,121.0,5.4,5.5,8,8.3,11
0.5,0.01,1.0,Florida,68.2,59,77,63.0,9.8,10.0,12,0.3,3.0,84.2,79.0,110.1,117.0,81.4,93.0,14.3,14.0,20,16.8,19
1.0,0.01,2.0,Michigan,68.3,65,93,65.0,33.2,32.5,36,1.4,8.0,89.6,93.5,105.6,107.5,76.3,67.0,19.5,21.5,24,20.8,24
1.0,0.05,1.0,Arkansas,68.4,45,162,45.0,13.7,14.0,15,0.0,0.0,154.4,169.0,175.4,177.0,83.4,55.0,9.8,10.0,13,0.7,2
1.0,0.1,2.0,West Virginia,68.4,54,165,54.0,14.9,15.5,16,0.0,0.0,112.1,105.5,149.1,165.0,190.6,205.5,23.2,23.0,28,0.9,2
0.5,0.1,2.0,West Virginia,68.4,54,165,54.0,15.2,15.0,16,0.0,0.0,116.4,85.0,162.5,174.5,188.3,191.0,18.7,19.0,24,0.9,2
1.0,0.05,0.5,Kentucky,68.4,67,74,67.0,33.5,32.5,39,0.0,0.0,78.6,81.0,83.4,83.0,64.4,61.0,15.4,15.0,21,8.6,11
1.0,0.01,1.0,Michigan,68.4,65,93,65.0,33.6,33.5,43,2.0,7.0,93.2,93.0,103.9,102.5,72.3,67.0,16.9,16.5,22,19.8,24
2.0,0.05,2.0,Virginia,68.5,63,88,63.0,29.4,29.0,32,0.0,0.0,89.8,88.0,93.7,92.0,43.3,28.0,19.6,20.5,24,10.5,13
2.0,0.05,1.0,Nevada,68.6,68,71,68.0,5.0,5.0,5,0.0,0.0,76.0,73.0,94.2,92.0,134.5,134.5,1.25,1.0,2,0.0,0
2.0,0.05,1.0,Maine,68.6,67,83,67.0,7.6,8.0,8,0.0,0.0,111.2,84.0,233.5,252.0,121.0,121.0,0.1111111111111111,0.0,1,0.9,1
0.5,0.05,1.0,Maine,68.7,67,84,67.0,5.1,5.0,6,0.0,0.0,112.4,84.0,259.9,259.5,,,0.0,0.0,0,0.6,2
1.0,0.05,1.0,Maine,68.7,67,84,67.0,7.3,7.0,8,0.0,0.0,111.2,84.0,232.6,245.5,,,0.0,0.0,0,0.8,1
2.0,0.05,0.5,Maine,68.7,67,84,67.0,7.3,7.0,8,0.0,0.0,135.2,84.0,209.2,245.5,199.0,199.0,0.1111111111111111,0.0,1,1.0,2
0.5,0.1,2.0,Maine,68.7,67,84,67.0,7.7,8.0,8,0.0,0.0,79.8,83.0,124.8,84.0,121.0,121.0,0.1,0.0,1,1.0,1
1.0,0.05,1.0,Kentucky,68.7,67,77,67.0,41.6,41.5,45,0.1,1.0,80.8,81.0,84.3,85.0,84.4,94.0,17.9,17.5,23,10.5,15
0.5,0.05,0.5,Oregon,68.8,54,88,61.0,6.5,6.0,9,0.0,0.0,84.8,84.5,110.3,97.5,141.5,128.0,4.1,4.0,7,8.5,10
2.0,0.01,0.5,Florida,68.8,59,117,63.0,10.4,10.0,15,0.1,1.0,82.0,77.0,103.1,103.0,75.4,93.0,29.7,29.5,35,21.9,25
1.0,0.01,1.0,Wisconsin,68.8,62,93,67.0,35.1,35.5,39,0.0,0.0,71.7,67.5,74.3,69.0,34.4,28.0,72.9,74.0,83,24.8,29
0.5,0.25,0.5,Massachusetts,69.0,37,88,79.0,7.5,8.0,8,0.0,0.0,86.3,95.0,93.3,98.0,134.4,122.0,1.5,1.5,3,0.2,1
0.5,0.25,0.5,North Carolina,69.0,69,69,69.0,15.2,15.0,18,0.8,1.0,79.5,78.0,98.8,101.0,77.7,76.5,3.4,3.5,5,1.0,1
2.0,0.25,1.0,North Carolina,69.0,69,69,69.0,33.3,33.0,35,0.8,1.0,77.2,78.0,92.7,96.5,78.8,80.0,6.8,8.0,9,1.5,2
1.0,0.01,0.5,Wisconsin,69.0,45,94,67.0,33.6,34.5,38,0.2,2.0,75.7,75.5,82.5,84.0,34.0,28.0,60.8,58.5,74,24.2,30
1.0,0.05,2.0,Kentucky,69.1,67,81,67.0,45.0,45.0,48,0.0,0.0,79.5,81.0,83.3,83.0,62.4,61.0,19.3,19.5,22,10.4,12
1.0,0.01,2.0,Florida,69.1,59,77,71.5,10.7,11.0,13,0.4,2.0,82.7,79.0,96.5,81.0,59.7,58.5,36.7,36.0,44,22.8,26
2.0,0.25,1.0,Connecticut,69.4,52,86,71.0,7.4,7.0,8,0.2,1.0,89.6,88.0,94.8,94.0,87.0,96.0,10.9,11.0,14,0.6,1
2.0,0.01,0.5,Missouri,69.4,53,94,72.5,52.3,52.5,60,0.0,0.0,90.9,86.5,106.9,104.5,118.3,134.0,9.4,9.0,15,2.5,5
0.5,0.01,1.0,Nebraska,69.4,63,89,67.0,17.7,17.5,20,0.0,0.0,78.3,75.0,85.0,86.0,220.5,221.0,0.6,0.0,3,3.5,6
0.5,0.01,2.0,Michigan,69.8,58,93,65.0,33.7,34.5,39,0.2,2.0,84.2,86.0,98.2,101.0,42.7,28.0,19.9,20.0,27,18.2,25
2.0,0.25,0.5,North Carolina,69.9,69,78,69.0,32.0,32.0,34,0.9,1.0,80.3,78.0,98.2,101.0,86.9,80.0,5.8,6.0,10,1.5,2
2.0,0.01,1.0,Idaho,70.0,59,103,62.0,8.3,8.5,11,0.8,7.0,78.2,70.5,131.2,105.0,32.7,28.0,38.3,38.0,47,12.2,16
1.0,0.01,2.0,Oklahoma,70.1,50,163,56.0,27.0,27.0,32,0.0,0.0,102.5,81.5,146.0,134.0,118.3,73.0,4.1,4.0,6,3.6,6
0.5,0.01,2.0,Idaho,70.1,59,101,70.0,9.7,10.0,14,0.3,1.0,84.3,86.5,100.4,103.0,31.4,28.0,33.1,33.5,45,10.2,13
0.5,0.01,0.5,Michigan,70.1,52,93,65.0,24.4,24.5,32,0.4,3.0,83.4,75.5,101.2,102.5,70.0,67.0,11.8,12.0,18,13.9,17
2.0,0.01,1.0,Michigan,70.1,65,110,65.0,33.4,33.5,42,1.1,10.0,88.5,89.5,106.8,110.0,77.9,67.0,20.5,22.0,27,20.6,26
0.5,0.01,2.0,Oklahoma,70.3,56,134,69.0,21.2,21.5,27,0.3,1.0,122.2,134.0,170.8,180.5,57.6,28.0,3.7,4.0,7,2.1,4
1.0,0.05,0.5,Maine,70.4,67,84,67.0,6.5,6.5,8,0.0,0.0,122.8,84.0,251.0,267.0,,,0.0,0.0,0,0.4,1
1.0,0.05,2.0,Maine,70.4,67,84,67.0,7.6,8.0,8,0.0,0.0,108.1,84.0,246.2,252.0,,,0.0,0.0,0,0.9,2
0.5,0.05,2.0,Maine,70.4,67,84,67.0,7.1,7.0,8,0.0,0.0,117.6,84.0,221.6,236.5,,,0.0,0.0,0,1.1,2
2.0,0.05,2.0,Maine,70.4,67,84,67.0,7.6,8.0,8,0.0,0.0,118.6,84.0,232.8,252.0,,,0.0,0.0,0,1.1,2
0.5,0.25,1.0,North Carolina,70.4,69,78,69.0,21.0,21.0,22,0.8,1.0,80.3,78.0,101.8,101.0,85.7,73.0,4.7,5.0,7,1.7,2
1.0,0.25,0.5,North Carolina,70.4,69,78,69.0,25.5,25.5,28,0.7,1.0,86.4,78.0,104.0,101.0,88.4,76.5,5.3,5.0,7,1.9,3
0.5,0.05,0.5,Virginia,70.5,63,88,63.0,15.2,15.0,18,0.0,0.0,90.0,88.0,95.6,93.5,66.2,28.0,9.4,9.5,13,3.2,6
2.0,0.05,1.0,Virginia,70.5,63,88,63.0,28.1,28.0,35,0.0,0.0,90.0,88.0,97.0,92.0,40.6,28.0,17.6,18.5,21,10.8,13
0.5,0.05,2.0,Kentucky,70.5,67,81,67.0,39.0,38.0,43,0.0,0.0,80.6,81.0,84.0,84.0,66.5,86.5,16.1,16.0,20,11.0,16
2.0,0.05,2.0,Maryland,70.7,57,108,57.0,13.1,13.0,15,0.0,0.0,87.5,86.5,99.6,100.0,99.4,95.0,7.6,8.0,11,1.5,2
1.0,0.25,2.0,North Carolina,70.8,69,78,69.0,33.3,33.0,35,0.7,1.0,83.0,78.0,99.3,101.0,96.9,81.5,6.8,6.5,10,1.2,2
1.0,0.25,1.0,North Carolina,70.8,69,78,69.0,30.2,30.0,33,0.8,1.0,81.7,78.0,101.8,101.0,87.1,73.0,6.9,6.5,11,1.8,2
1.0,0.01,1.0,Idaho,70.8,59,103,66.0,9.1,8.0,14,0.4,2.0,79.9,70.5,100.4,97.5,33.1,28.0,35.8,34.5,45,11.3,15
1.0,0.1,1.0,West Virginia,70.9,54,165,54.0,15.0,15.0,16,0.0,0.0,130.8,123.0,166.6,165.0,193.4,188.5,21.5,21.5,25,0.8,2
0.5,0.05,0.5,Kentucky,70.9,67,83,67.0,21.3,21.0,25,0.0,0.0,81.0,81.0,84.6,85.0,55.4,28.0,7.5,7.5,11,6.1,11
1.0,0.05,0.5,Pennsylvania,70.9,57,94,66.0,44.2,43.5,48,0.2,1.0,81.0,78.0,86.4,87.0,28.0,28.0,27.1,26.0,34,9.1,12
ALL,ALL,ALL,Maryland,70.97222222222223,48,140,57.0,12.094444444444445,12.0,16,0.013888888888888888,2.0,90.44722222222222,77.0,104.21944444444445,80.0,106.812324929972,91.0,7.495821727019498,7.0,18,1.8722222222222222,7
0.5,0.25,0.5,Alabama,71.0,71,71,71.0,3.1,3.0,4,0.0,0.0,89.0,89.0,206.0,167.0,,,0.0,0.0,0,0.0,0
1.0,0.25,1.0,Alabama,71.0,71,71,71.0,19.3,20.0,21,0.0,0.0,89.0,89.0,187.4,167.0,381.0,381.0,1.0,1.0,1,0.0,0
2.0,0.1,2.0,Alabama,71.0,71,71,71.0,21.5,21.0,23,0.0,0.0,89.0,89.0,195.5,192.0,381.0,381.0,1.1666666666666667,1.0,2,0.0,0
0.5,0.1,0.5,Nevada,71.0,71,71,71.0,5.0,5.0,5,0.0,0.0,73.0,73.0,95.5,92.0,121.0,112.0,1.6,1.0,3,0.0,0
1.0,0.25,0.5,Mississippi,71.0,71,71,71.0,9.3,9.5,11,0.0,0.0,97.1,98.0,142.4,155.0,196.0,196.0,0.7777777777777778,1.0,1,0.7,1
0.5,0.25,2.0,Mississippi,71.0,71,71,71.0,10.4,10.5,12,0.0,0.0,105.7,98.0,146.6,155.0,204.8,196.0,3.0,3.0,4,2.8,3
2.0,0.25,0.5,Mississippi,71.0,71,71,71.0,11.4,11.0,12,0.0,0.0,99.8,98.0,143.6,155.0,207.0,207.0,2.5,2.5,4,2.8,4
2.0,0.25,1.0,Mississippi,71.0,71,71,71.0,11.6,12.0,12,0.0,0.0,92.7,87.0,142.4,155.0,211.4,218.0,1.8,2.0,3,3.4,4
2.0,0.25,2.0,Mississippi,71.0,71,71,71.0,14.0,14.0,15,0.0,0.0,94.9,98.0,142.4,155.0,202.6,196.0,2.4,2.0,4,3.9,4
2.0,0.01,1.0,Nebraska,71.1,56,91,67.0,32.6,33.0,35,0.0,0.0,77.5,75.0,86.0,83.0,282.44444444444446,213.0,2.6,3.0,5,5.5,8
1.0,0.1,2.0,Nevada,71.2,71,73,71.0,5.0,5.0,5,0.0,0.0,74.9,73.0,98.9,96.5,118.42857142857143,112.0,1.1428571428571428,1.0,2,0.0,0
1.0,0.1,1.0,Nevada,71.2,71,73,71.0,5.0,5.0,5,0.0,0.0,74.9,73.0,96.8,92.0,175.5,112.0,1.625,2.0,2,0.0,0
2.0,0.25,1.0,New Jersey,71.2,46,114,70.0,8.5,8.5,9,0.0,0.0,94.2,107.0,124.5,123.0,151.8,185.0,2.1,2.0,4,0.5,1
2.0,0.05,0.5,Kentucky,71.2,67,81,70.5,41.2,41.5,47,0.0,0.0,80.7,83.0,84.6,85.0,63.1,61.0,18.5,19.0,23,11.1,14
0.5,0.01,1.0,Idaho,71.2,59,102,70.0,7.1,7.5,10,1.4,8.0,86.7,90.5,115.5,110.5,35.1,28.0,26.5,24.5,45,11.3,14
2.0,0.05,2.0,Kentucky,71.2,67,81,67.0,43.9,44.0,45,0.0,0.0,78.7,81.0,81.9,83.0,41.2,28.0,22.3,22.0,29,13.3,15
ALL,ALL,ALL,Kentucky,71.23611111111111,34,200,67.0,37.794444444444444,39.0,55,0.019444444444444445,1.0,81.91111111111111,74.0,90.46111111111111,83.0,78.3983286908078,28.0,15.958333333333334,16.0,31,9.061111111111112,18
1.0,0.25,1.0,Massachusetts,71.3,37,88,80.5,7.7,8.0,8,0.0,0.0,90.4,91.5,95.4,96.0,128.3,122.0,2.7,2.5,4,0.6,2
2.0,0.25,2.0,North Carolina,71.3,69,78,69.0,34.4,35.0,36,0.7,1.0,84.5,78.0,101.1,101.0,100.5,83.0,6.4,7.0,8,1.0,3
0.5,0.1,1.0,Nevada,71.4,71,73,71.0,4.9,5.0,5,0.0,0.0,76.8,73.0,99.2,98.0,118.42857142857143,112.0,1.2857142857142858,1.0,2,0.0,0
0.5,0.1,2.0,Nevada,71.4,71,73,71.0,5.0,5.0,5,0.0,0.0,76.8,73.0,97.7,96.5,117.625,112.0,1.125,1.0,2,0.0,0
0.5,0.05,1.0,Pennsylvania,71.5,57,91,70.5,43.6,43.0,48,0.3,1.0,81.4,78.5,87.0,86.5,34.1,28.0,27.9,29.0,32,8.5,12
1.0,0.25,0.5,Connecticut,71.6,52,88,81.0,7.4,7.5,8,0.3,1.0,91.0,88.0,98.6,100.0,91.4,100.0,10.1,10.5,13,0.6,2
2.0,0.05,1.0,Kentucky,71.6,67,85,67.0,43.8,44.0,49,0.0,0.0,78.7,79.5,83.8,83.0,59.5,53.5,20.0,20.0,23,12.6,18
0.5,0.01,2.0,Florida,71.8,59,119,63.0,10.5,10.0,14,0.2,1.0,89.2,77.0,108.1,106.5,67.7,60.5,25.8,26.0,31,20.2,25
2.0,0.25,2.0,New Jersey,72.0,46,95,81.0,8.6,9.0,9,0.0,0.0,98.2,104.5,109.6,123.0,133.7,125.0,2.5,2.0,4,0.3,1
2.0,0.05,2.0,Nevada,72.1,68,104,68.0,5.0,5.0,5,0.0,0.0,92.0,92.0,105.5,116.0,130.0,112.0,1.4,1.0,2,0.0,0
2.0,0.25,0.5,Connecticut,72.2,52,88,76.0,7.7,8.0,8,0.1,1.0,88.0,87.0,93.3,94.0,91.4,97.0,9.8,10.0,11,0.3,1
1.0,0.01,2.0,Utah,72.4,63,93,70.5,10.8,10.5,13,0.0,0.0,84.1,80.0,104.1,94.0,35.2,28.0,15.8,14.0,23,3.1,4
1.0,0.1,0.5,Pennsylvania,72.4,66,94,70.5,46.4,47.0,50,0.3,1.0,77.9,77.5,81.3,79.0,28.0,28.0,27.0,27.5,34,9.2,13
0.5,0.25,2.0,North Carolina,72.6,69,78,69.0,29.5,30.0,31,0.5,1.0,86.8,78.0,104.9,105.0,106.9,81.5,6.2,6.0,9,1.8,3
1.0,0.05,2.0,Tennessee,72.6,53,144,53.0,41.0,41.0,46,0.0,0.0,121.3,137.0,142.1,145.0,54.8,28.0,25.9,25.5,31,9.3,14
1.0,0.01,2.0,Missouri,72.7,53,123,62.0,53.8,54.0,61,0.0,0.0,96.5,95.0,109.8,113.0,112.3,134.0,9.0,8.5,13,2.7,6
0.5,0.25,1.0,Alabama,72.8,71,89,71.0,8.2,8.0,11,0.0,0.0,96.8,89.0,190.4,167.0,201.0,201.0,1.0,1.0,1,0.0,0
1.0,0.25,0.5,Alabama,72.8,71,89,71.0,11.4,11.0,13,0.0,0.0,96.8,89.0,183.1,167.0,,,0.0,0.0,0,0.0,0
1.0,0.25,2.0,Alabama,72.8,71,89,71.0,21.9,21.5,24,0.0,0.0,89.0,89.0,179.7,167.0,381.0,381.0,1.0,1.0,1,0.0,0
2.0,0.25,1.0,Alabama,72.8,71,89,71.0,22.8,22.5,25,0.0,0.0,96.8,89.0,177.9,167.0,363.0,381.0,1.1,1.0,2,0.0,0
0.5,0.25,2.0,Alabama,72.8,71,89,71.0,19.1,19.0,21,0.0,0.0,96.8,89.0,187.4,176.0,201.0,201.0,1.0,1.0,1,0.0,0
2.0,0.25,2.0,Alabama,72.8,71,89,71.0,23.6,24.0,25,0.0,0.0,101.9,89.0,183.4,176.0,381.0,381.0,1.1,1.0,2,0.0,0
2.0,0.25,0.5,Alabama,72.8,71,89,71.0,21.2,21.0,23,0.0,0.0,100.0,89.0,178.7,167.0,381.0,381.0,1.0,1.0,1,0.0,0
1.0,0.1,0.5,Alabama,72.8,71,89,71.0,9.4,9.5,12,0.0,0.0,96.8,89.0,209.8,219.0,,,0.0,0.0,0,0.0,0
0.5,0.01,1.0,Michigan,72.8,65,94,65.0,31.3,31.5,35,0.2,1.0,95.4,97.0,106.0,107.5,64.5,67.0,14.1,15.0,17,15.5,23
ALL,ALL,ALL,Pennsylvania,72.91111111111111,37,132,66.0,43.41111111111111,44.0,53,0.5388888888888889,9.0,82.69444444444444,78.0,88.98333333333333,84.0,56.56666666666667,28.0,28.93888888888889,27.0,72,9.580555555555556,25
2.0,0.05,0.5,Nevada,73.0,68,115,68.0,5.0,5.0,5,0.0,0.0,76.3,71.0,85.0,73.0,131.28571428571428,112.0,1.0,1.0,1,0.0,0
2.0,0.25,0.5,Montana,73.0,47,88,86.0,16.9,16.0,20,0.0,0.0,77.1,88.5,95.5,96.0,91.9,99.0,2.7,2.5,4,3.1,4
1.0,0.05,0.5,Virginia,73.0,63,88,63.0,22.2,23.0,26,0.0,0.0,90.4,88.0,95.8,95.0,53.2,28.0,15.0,15.5,22,8.5,12
2.0,0.1,0.5,Virginia,73.0,63,88,63.0,30.5,30.5,34,0.0,0.0,89.3,88.0,93.3,92.0,28.0,28.0,16.8,16.5,21,10.2,13
2.0,0.01,2.0,Michigan,73.0,65,106,65.0,35.5,34.5,44,0.5,4.0,86.0,93.0,106.1,109.5,81.8,81.5,19.8,20.0,23,18.7,25
1.0,0.01,0.5,Florida,73.2,59,115,70.0,9.9,9.0,14,0.3,3.0,95.9,88.5,116.4,117.0,86.1,95.0,18.1,18.0,24,19.3,21
1.0,0.05,1.0,Nevada,73.3,71,92,71.0,5.0,5.0,5,0.0,0.0,84.2,73.0,103.9,102.5,261.0,304.5,1.0,1.0,1,0.0,0
0.5,0.01,0.5,Idaho,73.3,59,104,66.0,7.8,8.0,11,1.2,7.0,87.4,90.5,105.3,105.0,28.0,28.0,23.9,22.0,34,10.6,15
2.0,0.1,2.0,Connecticut,73.4,52,88,87.0,7.6,8.0,8,0.1,1.0,93.9,94.5,105.1,101.0,103.6,104.0,9.2,10.0,12,0.4,1
0.5,0.05,2.0,Arkansas,73.5,45,162,45.0,11.7,11.0,13,0.0,0.0,123.5,96.0,164.1,169.0,86.5,55.0,8.9,9.5,12,0.7,3
2.0,0.05,2.0,Oregon,73.5,61,107,67.0,11.3,11.0,13,0.0,0.0,105.3,98.5,142.2,154.0,135.6,127.5,6.6,7.0,8,9.7,12
2.0,0.01,1.0,Missouri,73.6,53,94,77.5,55.6,55.5,60,0.0,0.0,97.3,93.0,110.0,122.5,122.5,134.0,9.7,10.0,12,3.1,5
0.5,0.01,0.5,Missouri,73.7,53,134,62.0,20.4,21.5,23,0.0,0.0,99.0,100.5,110.8,109.5,104.125,112.0,2.625,2.5,5,0.3,2
1.0,0.25,1.0,Mississippi,73.7,71,98,71.0,11.0,11.0,12,0.0,0.0,112.5,98.0,152.9,155.0,209.2,218.0,2.4,2.5,4,3.0,4
1.0,0.25,2.0,Mississippi,73.7,71,98,71.0,11.2,11.0,13,0.0,0.0,118.2,107.0,149.0,155.0,207.0,207.0,3.1,3.0,4,3.1,4
1.0,0.25,0.5,Massachusetts,73.9,37,105,72.0,7.7,8.0,8,0.0,0.0,86.6,86.0,92.9,88.0,123.5,102.5,2.2,2.0,3,0.3,1
1.0,0.01,0.5,Oklahoma,73.9,56,182,56.0,16.7,16.5,21,0.1,1.0,119.9,103.0,149.6,145.5,143.3,99.0,3.1,2.0,7,1.2,2
1.0,0.01,0.5,Michigan,73.9,65,99,65.0,32.0,32.0,39,0.8,5.0,94.5,96.0,109.7,110.0,67.5,67.0,15.2,15.5,21,16.6,23
1.0,0.01,0.5,Idaho,74.1,59,103,70.0,9.1,9.5,14,1.8,12.0,97.0,102.0,116.3,108.5,34.1,28.0,26.2,26.5,37,9.5,16
2.0,0.05,1.0,Tennessee,74.1,53,128,53.0,40.7,41.0,42,0.0,0.0,110.2,127.5,136.0,135.0,28.0,28.0,26.6,26.5,32,10.4,13
0.5,0.01,0.5,Nebraska,74.2,56,128,69.0,11.6,12.0,14,0.0,0.0,85.6,84.0,95.9,89.0,194.0,219.5,0.75,0.5,2,1.9,4
0.5,0.05,1.0,Nevada,74.5,71,104,71.0,4.9,5.0,5,0.0,0.0,85.4,73.0,108.3,104.0,163.16666666666666,134.5,1.0,1.0,1,0.0,0
0.5,0.25,2.0,Delaware,74.5,52,205,61.0,3.0,3.0,3,0.0,0.0,160.6,205.0,327.0,346.0,,,0.0,0.0,0,0.0,0
2.0,0.1,0.5,Alabama,74.6,71,89,71.0,16.9,17.0,19,0.0,0.0,109.8,89.0,205.4,218.0,382.55555555555554,381.0,1.1111111111111112,1.0,2,0.0,0
0.5,0.1,0.5,Alabama,74.6,71,89,71.0,2.7,3.0,4,0.0,0.0,97.66666666666667,89.0,199.0,176.0,,,0.0,0.0,0,0.0,0
0.5,0.05,2.0,Nevada,75.3,71,104,73.0,5.0,5.0,5,0.0,0.0,95.8,104.0,112.7,116.0,216.0,157.0,1.0,1.0,1,0.0,0
1.0,0.1,2.0,Delaware,75.3,52,205,61.0,3.0,3.0,3,0.0,0.0,196.2,205.0,291.4,346.0,,,0.0,0.0,0,0.0,0
0.5,0.25,0.5,Montana,75.3,47,88,88.0,12.7,12.0,16,0.0,0.0,77.2,89.0,95.0,103.0,95.2,99.0,2.1,2.0,3,1.0,2
2.0,0.01,0.5,Oklahoma,75.3,56,134,69.0,25.7,26.0,33,0.1,1.0,117.1,104.5,158.0,177.0,119.4,73.0,4.2,4.5,6,2.9,4
1.0,0.1,1.0,Delaware,75.4,61,205,61.0,3.0,3.0,3,0.0,0.0,212.2,205.0,336.5,346.0,,,0.0,0.0,0,0.0,0
0.5,0.25,0.5,New Jersey,75.4,46,119,79.5,4.4,4.0,7,0.0,0.0,97.2,95.0,122.0,119.0,157.1,185.5,1.3,1.0,2,0.7,1
0.5,0.25,0.5,Connecticut,75.4,52,88,86.0,6.1,6.0,7,0.0,0.0,89.3,92.0,95.8,94.0,97.8,96.0,9.1,9.0,11,0.8,2
0.5,0.1,0.5,North Carolina,75.4,69,101,69.0,12.8,13.0,16,0.8,1.0,96.4,101.0,111.4,120.0,93.2,73.0,3.7,4.0,5,0.8,1
0.5,0.05,2.0,Pennsylvania,75.4,66,80,78.0,45.6,45.0,49,0.1,1.0,85.3,87.0,88.0,89.5,61.1,56.0,29.2,27.0,38,9.2,12
0.5,0.25,1.0,Mississippi,75.5,71,116,71.0,8.7,8.5,10,0.0,0.0,128.5,147.5,153.5,156.5,,,0.0,0.0,0,0.0,0
0.5,0.25,1.0,Delaware,75.7,61,208,61.0,2.9,3.0,3,0.0,0.0,143.1,110.0,236.44444444444446,208.0,302.0,302.0,1.0,1.0,1,0.0,0
0.5,0.05,0.5,Arkansas,75.7,45,177,45.0,4.6,5.0,6,0.0,0.0,158.1,169.0,195.11111111111111,177.0,77.44444444444444,55.0,5.333333333333333,6.0,9,0.0,0
0.5,0.1,1.0,Delaware,75.7,61,208,61.0,2.9,3.0,3,0.0,0.0,214.7,208.0,348.3333333333333,346.0,248.0,248.0,1.0,1.0,1,0.0,0
1.0,0.1,2.0,Massachusetts,75.7,37,105,79.0,7.9,8.0,8,0.0,0.0,95.2,105.0,102.9,111.5,201.6,192.0,1.9,2.0,3,0.3,1
2.0,0.05,1.0,Pennsylvania,75.7,66,94,78.0,46.7,47.0,51,0.2,1.0,85.1,87.0,89.3,90.5,79.1,96.0,27.3,28.0,31,8.6,16
2.0,0.25,2.0,Montana,75.9,47,88,84.0,17.7,18.0,19,0.0,0.0,80.7,88.0,88.4,89.0,61.1,28.0,5.1,5.5,7,2.9,5
2.0,0.05,2.0,Pennsylvania,76.2,37,94,78.0,47.5,49.0,50,0.4,3.0,85.7,91.0,89.5,92.5,70.5,85.5,27.9,25.5,41,8.1,17
2.0,0.05,0.5,Alabama,76.4,71,89,71.0,16.6,17.0,19,0.0,0.0,122.5,89.0,200.1,208.5,291.0,291.0,1.5,1.5,2,0.0,0
0.5,0.1,1.0,Mississippi,76.4,71,98,71.0,6.9,7.0,8,0.0,0.0,152.9,155.0,178.1,158.0,,,0.0,0.0,0,0.0,0
1.0,0.1,2.0,Alabama,76.4,71,89,71.0,19.7,19.5,22,0.0,0.0,117.4,89.0,190.7,192.5,321.0,381.0,1.3333333333333333,1.0,2,0.0,0
1.0,0.1,1.0,Alabama,76.4,71,89,71.0,17.7,18.0,19,0.0,0.0,117.6,89.0,198.2,218.0,394.2,381.0,1.0,1.0,1,0.0,0
0.5,0.01,1.0,Oklahoma,76.4,56,226,56.0,12.2,12.0,17,0.0,0.0,115.3,82.0,147.2,136.0,127.75,74.0,1.5555555555555556,2.0,3,0.8,2
1.0,0.01,1.0,Indiana,76.4,56,98,77.5,50.5,50.5,56,0.0,0.0,84.0,83.0,96.4,96.0,74.1,68.5,11.0,11.0,15,7.5,10
1.0,0.25,1.0,Connecticut,76.6,52,88,86.0,7.3,7.0,8,0.1,1.0,90.8,93.0,100.0,99.5,91.6,97.0,10.6,10.5,14,0.7,2
1.0,0.25,1.0,Montana,76.6,47,88,84.0,16.8,17.0,18,0.1,1.0,82.3,88.0,92.1,89.0,35.1,28.0,3.7,4.0,5,3.0,4
1.0,0.05,0.5,Nevada,76.8,71,104,71.0,4.9,5.0,5,0.0,0.0,89.5,82.5,105.5,104.0,112.0,112.0,1.4,1.0,2,0.0,0
1.0,0.1,0.5,Connecticut,76.8,52,88,87.0,7.6,8.0,8,0.0,0.0,95.2,94.0,110.1,101.0,105.2,110.0,8.9,8.0,14,0.4,1
1.0,0.05,2.0,Pennsylvania,76.8,66,94,75.0,47.3,46.0,52,0.1,1.0,82.6,79.0,88.7,89.0,67.6,85.5,26.6,25.0,33,8.4,11
0.5,0.01,1.0,Missouri,76.9,53,110,74.0,31.8,32.5,36,0.0,0.0,93.2,81.0,101.9,100.5,106.2,128.0,4.3,4.0,10,0.9,2
0.5,0.05,0.5,Nevada,77.0,71,104,71.0,5.0,5.0,5,0.0,0.0,89.2,92.0,108.6,110.0,127.0,112.0,1.0,1.0,1,0.0,0
1.0,0.01,2.0,Indiana,77.0,56,94,81.0,50.7,50.0,56,0.0,0.0,92.4,92.5,95.0,94.0,37.9,28.0,15.4,15.5,20,10.4,13
0.5,0.05,0.5,Pennsylvania,77.5,66,94,76.5,37.8,37.5,44,0.0,0.0,84.6,87.0,89.6,91.0,28.0,28.0,20.3,20.0,24,9.9,13
0.5,0.1,1.0,North Carolina,77.6,69,101,78.0,18.2,18.5,21,0.3,1.0,103.9,105.0,120.8,120.0,129.8,127.5,3.4,3.5,6,1.2,2
2.0,0.01,0.5,North Dakota,77.6,55,109,78.0,16.0,16.0,19,0.0,0.0,89.2,85.0,99.8,99.0,150.0,170.5,5.5,6.0,8,1.9,3
1.0,0.05,1.0,Pennsylvania,77.6,66,94,78.0,45.4,45.5,49,0.3,1.0,84.7,85.0,91.2,92.5,63.1,58.0,29.5,29.0,35,9.4,15
0.5,0.25,1.0,Montana,77.8,47,88,84.0,14.3,14.0,16,0.0,0.0,80.7,88.0,92.2,89.0,42.2,28.0,3.4,4.0,5,2.0,3
1.0,0.01,0.5,North Dakota,78.0,64,87,78.0,10.7,10.5,13,0.0,0.0,92.1,87.0,108.4,109.0,215.85714285714286,232.0,2.0,1.5,5,1.2,2
1.0,0.05,0.5,Tennessee,78.1,53,144,53.0,27.3,27.0,30,0.0,0.0,122.5,135.0,137.0,144.0,122.9,98.0,13.8,14.0,18,8.0,10
0.5,0.01,0.5,North Dakota,78.2,57,87,78.0,8.1,8.0,10,0.0,0.0,90.2,85.0,101.3,108.0,176.55555555555554,164.0,1.2,1.0,3,1.1,3
1.0,0.05,2.0,Nevada,78.3,71,115,73.0,5.0,5.0,5,0.0,0.0,93.7,99.0,111.1,115.5,123.25,112.0,1.25,1.0,2,0.0,0
2.0,0.01,1.0,Utah,78.3,63,103,80.0,10.4,11.0,13,0.0,0.0,93.2,85.5,103.9,99.0,36.6,28.0,11.9,11.5,15,2.7,4
2.0,0.01,0.5,Indiana,78.4,56,94,72.0,50.7,50.0,54,0.0,0.0,91.7,94.0,95.4,96.5,56.0,28.0,12.8,13.0,17,8.5,11
2.0,0.01,2.0,Missouri,78.5,53,123,62.0,58.1,58.5,62,0.0,0.0,96.6,102.0,105.8,116.0,98.3,134.0,10.0,10.0,14,3.5,5
2.0,0.01,1.0,Indiana,78.5,56,98,88.5,51.6,51.0,55,0.0,0.0,89.7,91.0,96.0,94.0,53.9,28.0,16.3,14.5,22,10.3,13
2.0,0.01,2.0,Idaho,78.6,59,103,70.0,9.1,9.5,13,0.5,3.0,86.9,90.5,105.2,104.0,31.4,28.0,38.2,35.5,51,11.9,15
2.0,0.01,1.0,Kentucky,78.8,67,87,86.0,31.8,31.0,36,0.0,0.0,90.2,88.0,95.7,91.0,138.8,116.0,11.8,11.0,16,8.2,11
2.0,0.1,1.0,Montana,78.9,47,88,86.0,16.9,17.0,18,0.1,1.0,84.3,88.5,95.9,96.0,38.6,28.0,6.1,6.0,8,1.9,4
1.0,0.25,0.5,Montana,78.9,47,88,86.0,14.7,15.0,16,0.1,1.0,84.7,88.5,95.5,96.0,42.2,28.0,3.0,3.0,4,2.2,4
2.0,0.25,1.0,Montana,79.0,47,88,88.0,17.1,17.0,18,0.0,0.0,81.0,89.0,97.4,103.0,56.8,28.0,5.4,5.0,8,2.8,4
1.0,0.01,0.5,Missouri,79.3,53,109,81.0,35.3,35.0,45,0.0,0.0,104.5,110.5,113.0,116.0,119.2,128.0,5.7,5.5,10,1.3,3
ALL,ALL,ALL,Oregon,79.41666666666667,40,182,61.0,10.052777777777777,10.0,14,0.0,0.0,97.65,73.0,120.10555555555555,88.0,141.08498583569406,127.0,5.055555555555555,5.0,11,8.947222222222223,12
0.5,0.01,1.0,North Dakota,79.5,57,100,78.0,10.7,10.5,13,0.0,0.0,87.0,87.0,102.3,108.5,158.1,165.5,2.6,2.5,4,1.6,3
0.5,0.01,2.0,North Dakota,79.6,57,100,78.0,14.7,14.5,17,0.0,0.0,92.6,87.0,105.0,109.0,138.25,138.0,2.2,2.0,4,1.4,2
1.0,0.01,2.0,Washington,79.7,66,93,80.0,10.2,10.5,13,0.3,2.0,89.4,87.0,98.6,103.5,50.5,28.0,20.1,20.0,25,11.6,16
0.5,0.05,1.0,Alabama,80.0,71,89,80.0,6.8,6.5,9,0.0,0.0,148.1,128.0,242.6,239.0,,,0.0,0.0,0,0.0,0
0.5,0.25,0.5,Mississippi,80.0,71,116,71.0,5.4,5.0,7,0.0,0.0,115.1,98.0,155.9,155.0,,,0.0,0.0,0,0.0,0
0.5,0.1,1.0,Alabama,80.0,71,89,80.0,6.5,6.0,9,0.0,0.0,140.4,128.0,231.9,239.0,,,0.0,0.0,0,0.0,0
0.5,0.1,2.0,Alabama,80.0,71,89,80.0,17.0,17.0,19,0.0,0.0,136.7,128.0,209.4,218.0,433.0,433.0,1.0,1.0,1,0.0,0
1.0,0.1,2.0,Connecticut,80.0,52,88,86.0,7.5,7.5,8,0.0,0.0,95.2,97.0,103.4,101.0,114.2,110.0,7.9,7.0,13,0.5,1
1.0,0.01,1.0,North Dakota,80.1,57,87,83.0,15.0,15.5,17,0.1,1.0,91.7,87.0,105.1,108.0,140.5,177.0,3.5,3.0,5,1.9,4
2.0,0.05,2.0,Arkansas,80.1,45,162,45.0,12.8,13.0,14,0.0,0.0,138.6,169.0,170.2,177.0,60.8,55.0,10.6,11.0,15,2.6,4
ALL,ALL,ALL,Nevada,80.14166666666667,45,244,71.0,4.847222222222222,5.0,5,0.0,0.0,92.75208913649026,73.0,112.64606741573034,92.0,142.20338983050848,112.0,1.2352941176470589,1.0,3,0.005555555555555556,1
1.0,0.1,0.5,Delaware,80.2,61,173,61.0,3.0,3.0,3,0.0,0.0,202.7,208.0,332.2,346.0,302.0,302.0,1.0,1.0,1,0.0,0
1.0,0.01,1.0,Virginia,80.5,63,88,88.0,16.4,17.5,21,0.1,1.0,114.5,111.0,147.4,134.5,146.7,153.0,6.9,5.5,14,4.6,6
ALL,ALL,ALL,Arkansas,80.68347338935574,39,332,45.0,10.80952380952381,11.0,18,0.002824858757062147,1.0,132.11016949152543,96.0,170.50574712643677,169.0,81.3076923076923,55.0,9.84045584045584,10.0,18,0.7787114845938375,4
0.5,0.25,2.0,New Jersey,80.8,46,114,90.0,7.9,8.0,9,0.0,0.0,97.7,98.0,115.1,116.5,133.6,125.0,3.2,3.0,4,0.4,1
2.0,0.01,1.0,North Dakota,80.8,57,109,78.0,17.2,17.0,19,0.0,0.0,92.8,85.0,103.6,104.0,161.6,164.0,5.4,6.0,8,2.2,4
0.5,0.01,0.5,Indiana,80.8,56,98,81.0,32.6,33.0,37,0.0,0.0,94.4,93.0,98.1,94.0,80.8,69.0,7.4,7.0,11,6.7,10
0.5,0.1,2.0,Connecticut,81.0,52,94,88.0,7.3,7.0,8,0.0,0.0,101.9,101.0,114.1,109.0,109.0,110.0,6.6,7.0,10,0.7,1
0.5,0.01,2.0,Utah,81.1,63,103,83.0,9.6,9.5,12,0.0,0.0,95.7,94.5,115.8,104.0,81.2,97.0,13.1,13.5,19,2.6,5
1.0,0.01,2.0,North Dakota,81.3,57,109,78.0,16.7,16.0,20,0.0,0.0,91.8,91.5,99.4,102.5,153.7,164.0,5.5,5.5,10,1.6,3
1.0,0.01,1.0,Utah,81.3,63,108,80.0,9.8,10.0,11,0.0,0.0,100.3,95.0,119.4,99.5,58.7,28.0,11.7,11.5,18,2.3,4
0.5,0.01,1.0,Utah,81.4,63,96,81.5,9.8,10.0,12,0.0,0.0,92.8,95.0,111.8,99.5,78.3,95.5,9.5,8.5,17,1.1,3
1.0,0.1,1.0,Massachusetts,81.5,37,107,81.5,8.0,8.0,8,0.0,0.0,103.4,105.0,110.7,114.0,106.2,105.0,2.9,3.0,6,0.1,1
2.0,0.25,0.5,South Carolina,81.6,81,84,81.0,16.0,16.0,17,0.0,0.0,84.2,83.0,86.2,84.0,126.0,126.0,6.8,7.0,8,2.0,2
1.0,0.05,2.0,Alabama,81.8,71,89,89.0,18.1,18.0,20,0.0,0.0,176.5,218.5,236.5,239.0,385.6666666666667,381.0,1.1666666666666667,1.0,2,0.0,0
0.5,0.05,0.5,Alabama,81.8,71,89,89.0,1.6,1.0,3,0.0,0.0,89.0,89.0,249.5,249.5,,,0.0,0.0,0,0.0,0
2.0,0.1,2.0,North Carolina,81.9,69,120,73.5,30.4,30.5,33,0.5,1.0,102.5,114.5,117.8,121.0,107.8,89.5,7.9,8.0,11,2.0,3
2.0,0.25,2.0,South Carolina,81.9,81,84,81.0,16.3,16.0,17,0.0,0.0,85.6,84.0,90.6,91.0,126.0,126.0,8.3,8.0,11,2.2,3
2.0,0.01,2.0,North Dakota,82.0,57,100,80.5,16.6,16.5,19,0.1,1.0,96.6,99.5,106.7,108.5,172.3,176.0,5.7,5.0,10,1.9,4
0.5,0.1,0.5,Mississippi,82.1,71,155,71.0,4.1,4.0,7,0.0,0.0,124.9,126.5,174.0,158.0,,,0.0,0.0,0,0.0,0
1.0,0.1,1.0,North Carolina,82.1,69,109,78.0,27.9,28.0,31,0.4,1.0,100.6,101.0,117.6,120.0,119.4,113.5,4.7,4.0,9,1.2,2
0.5,0.25,0.5,South Carolina,82.2,81,84,81.0,8.0,8.0,10,0.0,0.0,86.1,84.0,90.8,91.0,127.2,126.0,2.6,2.5,4,0.0,0
1.0,0.25,2.0,South Carolina,82.2,81,84,81.0,16.7,17.0,17,0.0,0.0,86.3,84.0,91.1,91.0,126.5,126.0,5.9,6.0,8,2.0,2
2.0,0.25,1.0,South Carolina,82.2,81,84,81.0,16.6,17.0,17,0.0,0.0,86.3,84.0,91.1,91.0,126.5,126.0,7.4,7.5,8,2.1,3
0.5,0.25,2.0,Montana,82.3,47,88,86.0,15.2,15.0,17,0.0,0.0,86.1,88.5,96.0,96.0,42.2,28.0,4.5,4.5,6,3.0,5
2.0,0.1,0.5,West Virginia,82.4,54,165,54.0,14.4,14.0,16,0.0,0.0,144.0,165.0,182.4,184.0,206.2,250.0,19.7,20.0,25,1.2,3
0.5,0.25,2.0,South Carolina,82.5,81,84,82.5,13.6,13.5,15,0.0,0.0,87.2,87.5,91.7,93.5,126.9,126.0,5.2,5.0,7,1.3,2
1.0,0.25,2.0,Montana,82.6,50,88,86.0,17.3,17.0,18,0.1,1.0,88.5,88.5,96.0,96.0,45.7,28.0,4.9,5.0,6,2.6,4
1.0,0.01,2.0,Vermont,82.7,60,112,77.0,9.2,9.0,11,1.1,5.0,140.9,159.0,180.8,180.5,111.4,112.0,8.9,7.5,14,3.8,6
1.0,0.25,0.5,South Carolina,82.8,81,84,84.0,11.3,11.0,13,0.0,0.0,87.8,91.0,93.1,96.0,126.0,126.0,4.1,4.0,6,1.0,1
0.5,0.01,1.0,Virginia,83.0,63,88,88.0,11.7,12.0,14,0.0,0.0,117.0,131.0,134.2,133.0,107.8,118.0,8.4,8.0,13,3.3,6
1.0,0.01,2.0,Virginia,83.0,63,88,88.0,19.7,19.5,23,0.0,0.0,115.6,132.0,140.6,136.0,97.5,91.0,10.8,11.5,16,4.4,6
2.0,0.01,2.0,Virginia,83.0,63,88,88.0,21.2,22.0,23,0.0,0.0,115.5,125.0,136.3,133.0,113.7,91.0,10.0,10.0,14,5.0,7
0.5,0.25,1.0,South Carolina,83.1,81,84,84.0,9.5,10.0,11,0.0,0.0,88.9,91.0,96.3,99.0,126.5,126.0,4.3,4.0,6,0.1,1
1.0,0.25,1.0,South Carolina,83.1,81,84,84.0,15.0,15.0,16,0.0,0.0,88.6,91.0,94.3,96.0,126.4,126.0,6.3,6.0,7,1.1,2
1.0,0.1,2.0,South Carolina,83.1,81,84,84.0,15.4,15.5,16,0.0,0.0,88.6,91.0,93.6,96.0,126.4,126.0,5.7,6.0,8,2.0,2
0.5,0.25,2.0,Connecticut,83.2,52,88,86.0,7.6,8.0,8,0.0,0.0,93.7,94.0,99.1,101.0,106.7,103.0,8.9,8.0,13,0.4,1
0.5,0.1,2.0,North Carolina,83.3,69,120,69.0,26.9,27.0,30,0.5,1.0,95.2,78.0,112.5,110.5,111.3,76.5,6.6,7.0,9,1.1,2
2.0,0.01,0.5,Georgia,83.3,71,108,83.0,31.5,33.0,36,0.1,1.0,96.7,95.0,116.1,100.0,187.33333333333334,172.0,2.3,1.0,6,2.3,6
1.0,0.05,0.5,Alabama,83.6,71,89,89.0,7.8,8.0,9,0.0,0.0,182.6,218.0,249.6,257.0,,,0.0,0.0,0,0.0,0
0.5,0.05,2.0,Alabama,83.6,71,89,89.0,14.0,14.0,17,0.0,0.0,174.5,208.5,230.8,221.0,399.0,395.0,1.0,1.0,1,0.0,0
2.0,0.1,1.0,Alabama,83.6,71,89,89.0,20.7,20.5,23,0.0,0.0,167.8,183.0,214.2,218.0,381.0,381.0,1.2,1.0,2,0.0,0
0.5,0.1,2.0,South Carolina,83.7,81,84,84.0,13.9,14.0,15,0.0,0.0,90.2,91.0,96.6,99.0,126.8,126.0,4.8,4.5,7,1.0,2
0.5,0.01,2.0,Kentucky,83.7,67,126,85.0,28.9,28.5,36,0.0,0.0,107.8,94.5,130.6,121.0,143.4,116.5,7.4,6.5,12,6.5,9
2.0,0.1,1.0,Connecticut,83.8,52,88,88.0,7.5,7.5,8,0.1,1.0,96.8,94.0,105.6,101.0,108.1,110.0,9.0,8.5,12,0.5,1
0.5,0.01,2.0,Indiana,83.8,56,94,94.0,47.7,48.0,53,0.2,2.0,94.4,94.0,97.2,97.0,61.2,28.0,12.7,13.0,17,9.5,12
0.5,0.1,1.0,South Carolina,84.0,84,84,84.0,9.4,9.0,11,0.0,0.0,91.0,91.0,98.1,99.0,126.0,126.0,4.3,4.5,7,0.0,0
0.5,0.1,0.5,South Carolina,84.0,84,84,84.0,7.4,7.0,8,0.0,0.0,91.0,91.0,98.4,99.0,126.5,126.0,3.3,4.0,4,0.0,0
0.5,0.1,1.0,Connecticut,84.0,52,88,88.0,7.9,8.0,8,0.0,0.0,100.1,100.0,113.3,111.0,114.6,110.0,7.4,7.0,12,0.1,1
1.0,0.1,1.0,Connecticut,84.0,52,88,88.0,7.6,8.0,8,0.0,0.0,97.4,96.5,108.8,106.0,109.0,110.0,8.0,7.5,12,0.4,1
1.0,0.1,1.0,South Carolina,84.0,84,84,84.0,14.2,14.0,15,0.0,0.0,91.0,91.0,98.4,99.0,126.8,126.0,4.9,5.0,7,1.0,1
2.0,0.1,2.0,South Carolina,84.0,84,84,84.0,16.2,16.5,17,0.0,0.0,91.0,91.0,98.1,99.0,126.8,126.0,7.4,7.5,8,1.9,2
0.5,0.05,2.0,Tennessee,84.0,53,144,53.0,34.7,34.5,38,0.0,0.0,134.8,131.5,142.5,139.5,123.2,98.0,16.5,16.0,22,8.6,12
1.0,0.01,0.5,Utah,84.2,63,95,83.0,9.5,10.0,11,0.0,0.0,95.2,98.0,110.1,104.0,101.5,112.5,8.1,8.0,12,2.8,6
2.0,0.01,0.5,Utah,84.4,63,103,86.0,10.7,10.5,13,0.0,0.0,95.7,94.0,113.9,99.5,89.2,102.0,13.4,13.0,18,2.9,4
1.0,0.1,1.0,Mississippi,84.5,71,98,84.5,8.4,8.0,10,0.0,0.0,136.6,155.0,180.0,158.0,207.0,207.0,2.111111111111111,2.0,4,1.9,4
1.0,0.01,1.0,Oklahoma,84.5,56,213,62.5,21.9,21.5,27,0.0,0.0,120.3,87.0,176.8,204.0,132.0,73.0,3.4,3.0,8,2.1,4
1.0,0.1,0.5,South Carolina,84.7,84,91,84.0,10.1,10.0,11,0.0,0.0,91.5,91.0,99.1,99.0,126.9,126.0,3.7,4.0,5,1.1,2
2.0,0.1,1.0,South Carolina,84.7,84,91,84.0,15.4,15.5,17,0.0,0.0,91.8,91.0,99.2,99.0,126.0,126.0,7.9,8.0,9,2.1,3
2.0,0.1,0.5,South Carolina,84.7,84,91,84.0,15.3,15.0,16,0.0,0.0,91.8,91.0,98.6,99.0,126.4,126.0,6.0,6.0,9,2.1,3
2.0,0.01,0.5,Kentucky,84.8,67,91,85.0,30.3,29.5,35,0.0,0.0,106.0,91.0,130.1,123.5,151.9,150.5,10.2,10.5,15,6.9,10
2.0,0.01,2.0,Indiana,85.2,56,94,91.5,53.2,53.0,58,0.0,0.0,93.2,94.0,99.5,98.0,73.4,65.5,16.4,15.5,21,8.9,13
2.0,0.1,1.0,Mississippi,85.3,71,155,71.0,10.1,10.0,13,0.0,0.0,144.5,155.0,166.9,158.0,221.8,218.0,1.7,1.5,3,2.6,4
2.0,0.05,1.0,Alabama,85.4,71,89,89.0,18.6,18.5,22,0.0,0.0,193.2,208.5,238.9,239.0,390.7142857142857,395.0,1.1428571428571428,1.0,2,0.0,0
2.0,0.05,2.0,Alabama,85.4,71,89,89.0,19.3,19.0,23,0.0,0.0,189.6,218.0,233.8,219.0,391.5,395.0,1.75,1.5,3,0.0,0
0.5,0.01,2.0,Virginia,85.5,63,88,88.0,16.2,16.0,21,0.0,0.0,120.8,131.0,133.8,133.0,122.5,121.0,10.5,10.0,17,4.5,7
2.0,0.01,0.5,Virginia,85.5,63,88,88.0,18.5,18.0,22,0.0,0.0,115.6,126.5,138.3,134.5,116.5,128.0,10.8,11.5,15,5.0,7
0.5,0.25,1.0,New Jersey,85.7,50,95,90.0,6.3,6.0,8,0.0,0.0,104.5,98.0,125.2,119.0,167.6,186.0,1.6,1.5,3,0.4,1
0.5,0.01,2.0,Ohio,85.8,71,101,84.5,44.8,44.0,50,0.1,1.0,96.0,101.0,102.8,105.5,98.9,109.0,13.3,12.5,18,10.3,18
ALL,ALL,ALL,Montana,85.85,47,124,88.0,13.722222222222221,14.0,20,0.011111111111111112,1.0,93.66388888888889,89.0,106.35833333333333,103.0,61.63865546218487,28.0,4.142857142857143,4.0,10,1.4972222222222222,5
0.5,0.05,0.5,Tennessee,85.9,53,135,64.5,14.9,14.0,17,0.0,0.0,126.6,132.5,146.1,144.0,136.1,125.5,3.9,3.0,8,1.2,4
2.0,0.01,2.0,Kentucky,86.0,81,87,87.0,33.0,33.5,37,0.0,0.0,96.8,91.0,120.1,126.0,177.4,224.5,11.6,10.0,17,7.4,12
1.0,0.1,0.5,North Carolina,86.1,69,120,73.5,24.0,24.5,26,0.5,1.0,103.3,101.0,118.4,120.0,122.1,93.0,4.4,4.0,9,1.1,2
2.0,0.05,0.5,South Carolina,86.1,84,91,84.0,13.5,14.0,15,0.0,0.0,93.4,91.0,100.0,99.0,127.3,128.0,5.0,5.0,8,2.1,3
0.5,0.01,1.0,Indiana,86.1,56,98,91.5,37.6,38.0,41,0.0,0.0,93.8,94.0,96.6,94.0,58.8,28.0,9.3,9.0,14,9.6,16
0.5,0.05,0.5,South Carolina,86.2,84,99,84.0,6.4,6.5,8,0.0,0.0,97.2,91.0,108.3,101.0,128.44444444444446,130.0,1.8,2.0,4,0.2,1
1.0,0.05,1.0,Tennessee,86.2,53,144,53.0,35.2,35.5,37,0.0,0.0,113.9,129.0,143.0,144.0,78.7,98.0,20.7,21.5,24,9.3,10
0.5,0.01,0.5,Utah,86.3,63,154,80.0,6.2,6.0,9,0.1,1.0,108.5,94.5,122.2,102.0,104.3,112.5,5.4,5.0,8,1.5,4
0.5,0.01,1.0,Georgia,86.4,61,127,83.0,16.9,18.0,21,0.0,0.0,124.5,100.5,160.8,156.0,181.83333333333334,153.0,1.0,1.0,2,0.8,3
2.0,0.1,2.0,West Virginia,86.4,54,165,54.0,14.3,14.5,16,0.0,0.0,127.8,124.0,154.7,174.5,176.3,160.5,24.7,24.0,31,1.4,3
0.5,0.01,1.0,Ohio,86.4,71,105,88.0,35.0,35.5,41,0.0,0.0,99.9,101.0,108.9,104.5,113.0,111.0,9.7,9.5,13,7.9,14
1.0,0.01,1.0,Kentucky,86.5,67,118,87.0,30.3,30.0,35,0.0,0.0,105.8,91.0,131.6,126.0,200.3,216.0,6.2,6.0,9,6.2,12
2.0,0.01,1.0,Washington,86.5,66,105,87.0,10.9,11.5,13,0.3,1.0,96.4,93.0,109.2,105.0,66.7,65.5,19.9,19.0,26,11.0,13
2.0,0.05,0.5,Connecticut,86.6,52,110,88.0,7.4,7.0,8,0.0,0.0,106.2,101.0,121.0,125.0,115.7,110.0,6.9,7.0,11,0.6,1
0.5,0.01,2.0,Washington,86.6,70,105,87.0,8.3,8.5,11,0.6,3.0,98.1,103.5,124.6,109.0,67.3,58.5,21.4,21.5,27,11.5,15
2.0,0.05,1.0,South Carolina,86.8,84,91,84.0,13.8,14.0,15,0.0,0.0,96.4,99.0,106.0,101.0,130.3,128.0,5.5,5.0,8,2.0,3
1.0,0.05,2.0,South Carolina,86.8,84,91,84.0,14.4,14.0,17,0.0,0.0,98.4,95.0,111.4,100.0,117.9,126.0,4.5,4.5,7,2.2,3
1.0,0.1,1.0,Montana,86.8,84,88,88.0,16.2,16.0,18,0.0,0.0,88.7,89.0,98.8,103.0,28.0,28.0,4.2,4.0,6,2.4,4
0.5,0.05,1.0,South Carolina,86.9,84,99,84.0,8.2,7.5,11,0.0,0.0,93.8,91.0,105.6,99.0,130.4,126.0,2.9,3.0,4,0.3,1
1.0,0.01,0.5,Indiana,87.0,56,98,92.0,41.4,42.5,47,0.0,0.0,96.3,96.0,101.2,100.0,99.4,118.0,8.6,7.5,18,8.2,13
2.0,0.01,1.0,Ohio,87.2,70,106,87.0,46.0,45.5,49,0.0,0.0,99.1,101.0,107.0,105.5,105.3,117.5,12.7,12.0,20,12.1,16
0.5,0.1,0.5,Connecticut,87.4,86,88,88.0,6.8,7.0,8,0.0,0.0,98.3,100.0,108.1,107.0,108.1,110.0,7.9,8.5,10,0.4,1
2.0,0.1,0.5,Connecticut,87.4,86,88,88.0,7.3,7.0,8,0.2,1.0,98.3,101.0,110.7,111.0,110.8,110.0,8.0,8.0,12,0.7,1
0.5,0.05,0.5,Montana,87.6,84,88,88.0,9.4,9.5,11,0.0,0.0,94.5,89.0,101.6,103.0,113.0,99.0,2.1,2.0,3,0.0,0
1.0,0.05,0.5,South Carolina,87.6,84,99,84.0,8.2,8.5,10,0.0,0.0,94.6,91.0,103.2,101.0,136.3,126.0,2.4,2.0,4,1.0,2
1.0,0.1,0.5,Montana,87.6,84,88,88.0,12.9,13.0,14,0.0,0.0,88.9,89.0,101.6,103.0,28.0,28.0,3.6,4.0,4,1.4,2
0.5,0.1,1.0,Montana,87.6,84,88,88.0,12.5,12.0,14,0.0,0.0,88.9,89.0,101.6,103.0,28.0,28.0,3.9,4.0,5,1.5,3
1.0,0.05,2.0,Montana,87.6,84,88,88.0,16.2,16.0,18,0.0,0.0,91.7,89.0,103.1,103.0,28.0,28.0,5.6,6.0,8,1.6,3
1.0,0.05,1.0,Montana,87.6,84,88,88.0,14.9,15.0,18,0.0,0.0,93.1,89.0,101.6,103.0,28.0,28.0,4.6,5.0,7,1.7,4
1.0,0.1,2.0,Montana,87.6,84,88,88.0,16.6,17.0,18,0.0,0.0,91.7,89.0,101.6,103.0,70.5,63.5,5.4,5.5,8,1.8,3
0.5,0.05,2.0,Montana,87.6,84,88,88.0,13.4,13.0,15,0.0,0.0,93.1,89.0,101.6,103.0,28.0,28.0,4.2,4.5,6,1.9,3
0.5,0.1,2.0,Montana,87.6,84,88,88.0,14.5,14.5,16,0.0,0.0,90.3,89.0,101.6,103.0,35.1,28.0,4.6,4.5,6,1.9,3
2.0,0.05,2.0,Montana,87.6,84,88,88.0,16.1,16.0,17,0.0,0.0,94.5,89.0,101.8,103.0,38.6,28.0,5.9,5.5,10,2.0,3
2.0,0.1,0.5,Montana,87.6,84,88,88.0,16.2,16.0,17,0.0,0.0,88.9,89.0,101.6,103.0,28.0,28.0,4.5,5.0,5,2.0,3
2.0,0.1,2.0,Montana,87.6,84,88,88.0,16.9,17.0,18,0.0,0.0,90.3,89.0,101.6,103.0,35.1,28.0,6.4,6.5,9,2.1,4
ALL,ALL,ALL,Tennessee,87.84166666666667,51,214,53.0,31.77777777777778,34.5,50,0.008333333333333333,2.0,119.58333333333333,127.5,136.0557103064067,130.0,107.8861111111111,98.0,16.122222222222224,15.0,35,7.136111111111111,16
2.0,0.01,2.0,Utah,87.9,63,111,95.0,11.4,11.0,14,0.2,1.0,103.4,99.5,119.2,106.5,56.2,28.0,12.6,11.0,19,2.3,5
0.5,0.01,1.0,Montana,88.0,88,88,88.0,7.0,7.0,10,0.0,0.0,106.1,103.5,122.0,120.5,107.2,128.0,3.1,3.0,6,0.1,1
0.5,0.05,1.0,Montana,88.0,88,88,88.0,11.6,11.5,13,0.0,0.0,93.2,89.0,103.2,103.0,35.1,28.0,3.3,3.0,5,0.3,2
0.5,0.1,0.5,Montana,88.0,88,88,88.0,11.2,11.0,13,0.0,0.0,90.4,89.0,103.0,103.0,102.5,99.0,2.7,3.0,4,0.3,1
2.0,0.05,2.0,Connecticut,88.0,88,88,88.0,7.6,8.0,8,0.0,0.0,104.5,104.5,120.1,122.0,116.9,110.0,8.3,8.0,10,0.4,2
0.5,0.05,0.5,Connecticut,88.0,88,88,88.0,6.1,6.0,7,0.0,0.0,108.8,104.0,128.9,127.0,127.66666666666667,129.0,5.555555555555555,5.0,7,0.5,1
1.0,0.05,1.0,Connecticut,88.0,88,88,88.0,7.4,7.5,8,0.0,0.0,117.2,115.0,131.5,139.5,125.6,115.0,6.4,6.0,11,0.6,2
1.0,0.01,2.0,Montana,88.0,88,88,88.0,12.1,12.5,13,0.0,0.0,105.2,103.0,115.4,104.0,94.4,119.5,4.3,4.5,6,0.7,2
1.0,0.05,0.5,Montana,88.0,88,88,88.0,12.8,13.0,14,0.0,0.0,91.8,89.0,103.0,103.0,28.0,28.0,3.3,3.5,4,0.9,2
1.0,0.1,2.0,North Carolina,88.0,69,120,78.0,31.8,32.0,34,0.3,1.0,107.0,110.5,115.5,121.0,125.6,167.0,6.4,6.0,10,0.9,2
2.0,0.01,0.5,Montana,88.0,88,88,88.0,12.2,12.5,15,0.0,0.0,107.8,104.0,132.7,140.0,121.1,127.0,3.6,3.0,7,1.2,2
2.0,0.05,1.0,Montana,88.0,88,88,88.0,15.6,15.5,17,0.0,0.0,93.2,89.0,103.0,103.0,38.6,28.0,6.1,7.0,9,1.3,3
2.0,0.05,0.5,Montana,88.0,88,88,88.0,15.7,15.5,17,0.0,0.0,96.0,96.0,103.1,103.0,28.0,28.0,4.7,4.0,7,1.6,2
0.5,0.01,0.5,Virginia,88.0,88,88,88.0,7.2,7.0,9,0.2,1.0,130.3,136.0,164.2,163.0,140.0,150.5,4.1,4.0,6,1.8,3
1.0,0.01,0.5,Virginia,88.0,88,88,88.0,11.6,12.0,15,0.0,0.0,125.5,133.0,140.0,136.0,130.8,145.0,7.1,7.5,10,3.1,5
2.0,0.01,1.0,Virginia,88.0,88,88,88.0,19.4,19.0,23,0.1,1.0,133.5,133.0,148.4,138.5,143.0,150.0,10.1,9.0,16,4.3,6
2.0,0.01,1.0,Oklahoma,88.1,56,236,62.5,29.3,30.0,33,0.1,1.0,141.2,134.0,187.6,205.0,115.4,50.5,4.2,3.5,7,3.0,6
1.0,0.05,2.0,Massachusetts,88.4,72,105,91.5,7.5,7.5,8,0.0,0.0,106.4,106.0,112.6,115.5,101.3,58.0,3.3,3.0,5,0.2,1
0.5,0.05,2.0,South Carolina,88.4,84,99,84.0,11.9,12.0,14,0.0,0.0,94.6,91.0,100.4,99.0,109.0,130.0,4.0,4.0,6,0.8,2
1.0,0.05,1.0,South Carolina,88.5,84,101,87.5,13.6,13.5,15,0.0,0.0,97.6,93.5,106.1,99.0,139.4,126.0,3.7,4.0,5,1.2,2
2.0,0.1,1.0,North Carolina,88.5,69,120,78.0,31.0,31.0,34,0.2,1.0,112.2,120.0,122.9,122.0,137.5,167.0,6.0,6.0,8,1.4,2
2.0,0.01,2.0,Washington,88.5,66,105,90.0,11.5,11.5,14,0.1,1.0,96.6,99.0,108.9,109.0,51.0,28.0,21.6,22.5,28,10.6,14
2.0,0.05,1.0,Connecticut,88.7,86,101,88.0,7.5,7.5,8,0.1,1.0,105.0,101.0,121.6,123.0,118.4,110.0,6.7,7.0,10,0.5,1
0.5,0.01,0.5,Kentucky,88.8,67,126,86.0,14.3,14.0,18,0.0,0.0,103.5,88.0,133.0,133.0,212.77777777777777,216.0,1.9,2.0,4,3.3,6
1.0,0.25,2.0,New Jersey,88.9,46,119,92.5,8.0,8.0,9,0.0,0.0,104.6,110.0,127.0,123.0,145.8,185.0,2.4,2.0,4,0.4,1
1.0,0.25,1.0,New Jersey,89.0,50,119,90.0,7.9,8.0,9,0.0,0.0,100.7,92.5,117.8,121.0,162.2,185.0,2.7,3.0,4,0.3,1
2.0,0.1,1.0,Massachusetts,89.3,72,105,95.0,7.8,8.0,8,0.0,0.0,103.1,103.5,107.4,105.5,159.0,192.0,2.4,2.0,4,0.3,1
0.5,0.05,1.0,Connecticut,89.3,88,101,88.0,7.3,7.5,8,0.0,0.0,110.3,105.5,123.1,125.0,125.8,110.0,7.0,7.5,10,0.5,1
1.0,0.1,2.0,New Jersey,89.4,46,123,98.0,7.9,8.0,9,0.0,0.0,123.5,119.0,149.2,164.0,154.0,186.0,2.2,2.0,3,0.3,1
1.0,0.01,1.0,Washington,89.4,70,105,87.0,10.3,11.0,13,1.0,5.0,99.3,105.0,108.4,112.5,50.9,28.0,21.4,21.5,30,10.3,16
1.0,0.01,0.5,Montana,89.6,88,104,88.0,7.7,7.5,11,0.0,0.0,109.3,104.0,137.3,140.0,77.44444444444444,92.0,3.4444444444444446,5.0,5,0.0,0
1.0,0.05,2.0,Connecticut,89.7,88,99,88.0,7.7,8.0,8,0.1,1.0,106.5,104.0,121.7,124.0,116.5,110.0,8.0,7.0,11,0.3,1
0.5,0.05,2.0,Connecticut,89.9,88,101,88.0,6.9,7.0,8,0.1,1.0,110.8,105.0,126.5,123.0,114.6,110.0,6.0,6.5,9,1.1,2
2.0,0.01,1.0,Georgia,89.9,61,139,90.0,33.1,33.0,39,0.0,0.0,111.0,97.0,133.5,122.5,233.0,158.0,2.1,2.0,4,3.3,5
1.0,0.01,2.0,Kentucky,90.1,81,126,87.0,31.7,33.0,36,0.0,0.0,100.4,89.0,106.2,91.0,149.7,155.0,10.7,9.5,15,6.5,11
1.0,0.25,0.5,New Jersey,90.4,50,119,95.0,6.2,6.0,8,0.0,0.0,102.5,106.5,124.4,123.0,155.2,186.0,2.1,2.0,4,0.5,1
1.0,0.05,0.5,Connecticut,90.4,86,101,88.0,7.4,7.5,8,0.1,1.0,108.0,105.0,122.5,127.0,122.8,110.0,7.0,6.5,13,0.6,2
2.0,0.01,0.5,Washington,90.4,78,105,87.0,10.1,10.0,15,0.5,2.0,99.8,105.0,111.9,109.0,76.7,94.0,21.5,21.0,27,11.0,15
0.5,0.01,0.5,Washington,90.5,66,116,87.0,6.1,6.5,8,0.3,2.0,102.4,99.0,120.4,122.0,80.2,101.0,13.7,12.5,18,8.9,12
2.0,0.01,2.0,Ohio,90.5,37,119,96.0,47.9,47.0,55,0.0,0.0,104.8,104.0,110.6,109.5,76.0,69.5,14.4,14.0,18,10.0,13
1.0,0.01,1.0,Ohio,91.1,71,112,99.0,43.3,44.0,46,0.0,0.0,104.5,103.0,107.3,106.0,81.6,106.5,14.3,13.5,20,11.1,13
2.0,0.01,0.5,Vermont,91.5,77,168,78.0,10.6,11.0,13,0.3,2.0,120.3,107.5,174.3,176.5,115.8,110.0,9.4,9.5,15,2.8,5
0.5,0.01,2.0,Montana,91.6,88,124,88.0,11.8,12.0,13,0.0,0.0,116.4,104.0,128.3,140.0,97.3,130.5,2.6,2.0,4,0.7,2
1.0,0.01,1.0,Montana,91.6,88,124,88.0,11.4,11.5,13,0.0,0.0,106.4,103.0,125.3,124.0,123.9,99.0,4.4,4.0,6,0.8,2
0.5,0.01,1.0,Washington,91.6,73,105,87.0,6.5,6.5,8,0.5,2.0,100.6,105.0,110.1,112.5,67.1,65.5,18.4,18.0,22,9.7,12
2.0,0.01,0.5,Ohio,91.9,71,106,98.0,44.0,43.0,51,0.2,2.0,102.1,101.0,109.0,105.5,111.9,112.0,13.2,13.5,20,11.2,13
2.0,0.01,2.0,Vermont,92.0,77,171,77.0,10.2,10.0,13,0.9,5.0,138.0,130.5,182.2,175.0,103.3,98.0,8.5,9.5,13,3.0,6
0.5,0.01,0.5,Ohio,92.0,71,106,96.5,30.8,28.5,42,0.0,0.0,104.7,104.5,109.9,106.0,100.7,111.0,8.3,8.5,13,3.9,8
1.0,0.01,0.5,Washington,92.0,66,109,90.0,6.9,7.0,10,1.0,3.0,104.9,105.0,111.9,113.5,63.7,50.5,19.6,18.5,25,9.8,14
1.0,0.01,2.0,Georgia,92.1,61,161,83.0,34.5,34.0,38,0.0,0.0,114.1,97.0,129.3,111.5,264.3,380.0,2.3,2.0,5,3.3,7
1.0,0.1,0.5,Massachusetts,92.4,72,112,96.5,7.2,7.5,8,0.0,0.0,101.3,103.5,108.9,109.0,144.66666666666666,177.0,2.0,2.0,3,0.0,0
1.0,0.01,1.0,Missouri,92.4,53,117,99.0,47.9,49.0,51,0.0,0.0,106.2,109.0,115.9,119.5,119.9,134.0,8.3,8.5,11,1.7,4
2.0,0.05,2.0,South Carolina,92.4,83,123,84.0,14.3,14.0,16,0.0,0.0,100.5,95.0,122.6,102.0,148.5,130.0,6.7,6.0,10,2.1,3
2.0,0.1,0.5,Mississippi,92.8,71,155,71.0,10.0,10.0,12,0.0,0.0,140.3,155.0,190.3,165.5,264.44444444444446,218.0,1.6,1.0,4,2.7,4
2.0,0.01,1.0,Montana,93.1,88,124,88.0,11.6,12.0,14,0.0,0.0,110.4,103.0,138.0,124.0,108.3,130.5,4.6,4.0,8,0.2,1
0.5,0.01,0.5,Oklahoma,93.1,56,204,56.0,5.5,5.0,8,0.0,0.0,129.5,113.0,157.8,169.5,108.75,75.0,1.0,1.0,2,0.3,1
0.5,0.01,1.0,Vermont,93.1,68,161,77.0,9.5,10.0,11,1.1,2.0,144.8,147.5,171.3,180.5,125.2,108.5,7.9,7.5,14,2.9,5
1.0,0.01,2.0,Ohio,93.1,63,106,101.0,49.1,50.0,53,0.0,0.0,106.3,105.0,108.7,106.0,119.1,124.0,11.5,12.0,17,10.7,14
2.0,0.01,2.0,Montana,93.2,88,124,88.0,12.2,12.5,14,0.0,0.0,115.4,104.0,132.6,140.0,93.5,60.0,4.2,4.0,7,1.0,2
1.0,0.01,1.0,Vermont,93.2,77,203,77.0,10.3,10.0,12,0.7,3.0,134.8,130.5,168.4,173.5,113.5,98.5,9.2,9.0,16,3.2,5
1.0,0.01,0.5,Kentucky,93.5,85,126,87.0,25.4,25.0,30,0.0,0.0,113.1,121.0,141.0,134.0,175.6,180.0,5.6,6.0,8,6.3,11
0.5,0.1,0.5,Massachusetts,93.6,72,105,98.5,6.8,7.0,8,0.0,0.0,103.9,105.0,109.3,107.5,149.8,166.5,1.3,1.0,2,0.2,1
2.0,0.01,2.0,Georgia,93.9,74,127,90.0,37.2,38.0,42,0.1,1.0,122.0,105.5,139.9,151.5,230.1,212.0,2.7,3.0,4,2.5,4
0.5,0.01,0.5,Georgia,94.0,71,161,88.0,10.3,9.5,15,0.0,0.0,116.1,98.0,131.9,131.0,79.5,79.5,0.6,0.0,2,0.7,3
2.0,0.05,1.0,Massachusetts,94.2,72,105,104.0,7.6,8.0,8,0.0,0.0,110.4,111.5,117.3,118.0,106.2,58.0,3.1,3.0,5,0.1,1
1.0,0.01,0.5,Ohio,94.5,71,106,100.0,37.1,36.0,43,0.0,0.0,105.1,105.0,111.3,106.0,94.8,111.0,11.2,11.0,15,7.5,9
0.5,0.05,1.0,North Carolina,94.8,78,120,78.0,15.6,15.0,20,0.0,0.0,118.8,120.0,126.0,129.5,172.88888888888889,167.0,2.4444444444444446,2.0,4,0.2,1
0.5,0.01,2.0,Georgia,94.8,71,161,83.0,26.5,27.5,32,0.0,0.0,120.3,97.0,133.1,117.5,183.28571428571428,172.0,2.0,2.0,4,1.6,4
ALL,ALL,ALL,Maine,94.89166666666667,46,357,67.0,6.705555555555556,7.0,9,0.0223463687150838,1.0,133.4050279329609,84.0,194.97994269340975,188.0,371.10169491525426,564.0,0.2158273381294964,0.0,2,0.825,2
0.5,0.01,0.5,Pennsylvania,95.1,94,99,95.0,27.3,27.0,31,0.1,1.0,108.1,104.5,117.6,118.0,28.0,28.0,17.1,16.0,23,5.0,9
2.0,0.1,2.0,Massachusetts,95.5,72,105,97.0,8.0,8.0,8,0.0,0.0,104.9,103.5,109.8,108.0,162.9,192.0,2.3,2.0,4,0.3,1
1.0,0.1,2.0,Mississippi,95.5,71,158,71.0,10.7,11.0,12,0.1,1.0,153.7,155.0,183.3,173.0,215.25,218.0,1.8,2.0,3,2.6,4
0.5,0.1,2.0,Mississippi,95.9,71,155,84.5,7.9,8.0,10,0.0,0.0,155.0,156.5,175.9,173.0,215.55555555555554,218.0,1.6,2.0,2,1.9,3
2.0,0.1,0.5,North Carolina,96.2,69,120,89.5,31.4,31.0,36,0.1,1.0,111.1,120.0,119.8,122.0,149.2,167.0,5.3,4.5,11,0.5,1
2.0,0.05,0.5,North Carolina,96.3,69,122,93.5,27.8,28.0,30,0.2,1.0,118.6,121.0,131.8,129.5,143.9,167.0,5.5,5.0,12,0.8,2
1.0,0.05,1.0,Alabama,96.6,71,219,89.0,16.1,16.0,18,0.0,0.0,165.9,167.0,230.7,228.5,338.3333333333333,381.0,1.3333333333333333,1.0,2,0.0,0
0.5,0.01,0.5,Montana,96.8,88,124,88.0,5.7,5.5,8,0.0,0.0,113.1,103.0,119.9,104.0,142.0,134.0,2.5,2.0,5,0.0,0
2.0,0.05,0.5,Massachusetts,96.9,72,116,105.0,7.5,8.0,8,0.0,0.0,112.0,116.0,115.4,117.0,86.5,58.0,3.2,3.0,5,0.1,1
0.5,0.1,1.0,West Virginia,96.9,54,199,68.5,10.6,11.0,12,0.0,0.0,144.1,165.0,190.0,191.0,194.5,186.0,12.1,11.5,18,0.9,2
1.0,0.1,0.5,Mississippi,97.0,71,158,87.0,6.4,6.0,9,0.0,0.0,160.5,155.0,202.2,183.0,,,0.0,0.0,0,0.4,1
2.0,0.01,1.0,Pennsylvania,97.3,94,109,95.0,41.1,41.0,45,0.1,1.0,103.2,105.0,112.0,113.0,53.2,28.0,23.8,23.5,33,7.6,10
1.0,0.01,0.5,Georgia,97.5,71,156,97.0,18.9,19.0,24,0.1,1.0,127.7,102.5,158.0,154.5,250.85714285714286,230.0,0.8888888888888888,1.0,2,1.2,5
2.0,0.1,2.0,Mississippi,97.7,71,155,84.5,12.8,13.0,14,0.0,0.0,146.3,155.0,161.9,158.0,219.9,218.0,1.8,2.0,3,2.9,4
1.0,0.01,1.0,Georgia,97.9,71,156,90.0,26.8,28.0,33,0.0,0.0,115.9,97.0,139.9,159.5,192.5,201.0,2.2222222222222223,2.0,4,2.0,5
1.0,0.01,2.0,Pennsylvania,98.0,94,111,95.0,41.7,42.0,45,0.0,0.0,107.3,105.0,114.4,119.0,46.8,28.0,24.6,24.0,29,6.6,9
0.5,0.05,1.0,West Virginia,98.4,54,165,54.0,10.8,11.0,12,0.0,0.0,186.4,174.5,209.2,212.0,265.4,275.0,15.4,17.5,26,1.1,2
1.0,0.01,1.0,Pennsylvania,98.4,94,122,95.0,41.1,42.0,45,0.0,0.0,107.4,105.0,117.2,122.0,61.9,28.0,23.2,22.5,29,7.2,12
0.5,0.01,1.0,Pennsylvania,98.8,94,122,95.0,35.3,34.5,42,0.3,1.0,115.8,117.0,125.1,125.0,84.1,28.0,22.0,22.5,26,6.7,8
ALL,ALL,ALL,Connecticut,98.90555555555555,52,338,88.0,7.069444444444445,7.0,8,0.06983240223463687,1.0,130.66480446927375,101.0,150.99159663865547,113.0,157.2405797101449,110.0,7.254335260115607,7.0,14,0.46944444444444444,2
0.5,0.25,1.0,Rhode Island,99.0,99,99,99.0,2.2,2.0,3,0.0,0.0,178.2,165.0,225.0,225.0,,,0.0,0.0,0,0.0,0
1.0,0.05,2.0,Rhode Island,99.0,99,99,99.0,3.1,3.0,4,0.0,0.0,207.0,225.0,264.3,273.0,,,0.0,0.0,0,0.0,0
1.0,0.25,0.5,Rhode Island,99.0,99,99,99.0,2.3,2.0,3,0.0,0.0,183.6,195.0,169.0,141.0,,,0.0,0.0,0,0.0,0
1.0,0.05,0.5,Rhode Island,99.0,99,99,99.0,1.9,2.0,2,0.0,0.0,215.0,225.0,,,,,0.0,0.0,0,0.0,0
1.0,0.25,2.0,Rhode Island,99.0,99,99,99.0,3.2,3.0,4,0.0,0.0,190.2,195.0,241.8,234.0,,,0.0,0.0,0,0.0,0
0.5,0.05,1.0,Rhode Island,99.0,99,99,99.0,1.7,2.0,2,0.0,0.0,225.0,225.0,,,,,0.0,0.0,0,0.0,0
2.0,0.25,1.0,Rhode Island,99.0,99,99,99.0,3.3,3.0,4,0.0,0.0,225.0,225.0,237.9,234.0,,,0.0,0.0,0,0.0,0
2.0,0.05,1.0,Rhode Island,99.0,99,99,99.0,3.3,3.0,4,0.0,0.0,231.0,225.0,347.4,273.0,,,0.0,0.0,0,0.0,0
0.5,0.25,2.0,Rhode Island,99.0,99,99,99.0,2.4,2.0,4,0.0,0.0,184.2,195.0,200.0,225.0,,,0.0,0.0,0,0.0,0
1.0,0.05,1.0,Rhode Island,99.0,99,99,99.0,2.8,3.0,3,0.0,0.0,207.0,225.0,253.5,253.5,,,0.0,0.0,0,0.0,0
0.5,0.05,0.5,Rhode Island,99.0,99,99,99.0,1.6,2.0,2,0.0,0.0,210.0,225.0,,,,,0.0,0.0,0,0.0,0
0.5,0.25,0.5,Rhode Island,99.0,99,99,99.0,1.6,1.5,3,0.0,0.0,143.4,141.0,141.0,141.0,,,0.0,0.0,0,0.0,0
1.0,0.25,1.0,Rhode Island,99.0,99,99,99.0,3.0,3.0,4,0.0,0.0,183.6,195.0,221.66666666666666,234.0,,,0.0,0.0,0,0.0,0
0.5,0.05,2.0,Rhode Island,99.0,99,99,99.0,1.8,2.0,3,0.0,0.0,217.71428571428572,225.0,234.0,234.0,,,0.0,0.0,0,0.0,0
2.0,0.25,2.0,Rhode Island,99.0,99,99,99.0,3.4,3.0,4,0.0,0.0,186.0,195.0,230.7,234.0,,,0.0,0.0,0,0.0,0
2.0,0.05,0.5,Rhode Island,99.0,99,99,99.0,2.6,3.0,3,0.0,0.0,238.2,225.0,253.5,253.5,,,0.0,0.0,0,0.0,0
2.0,0.25,0.5,Rhode Island,99.0,99,99,99.0,3.4,3.0,4,0.0,0.0,175.8,153.0,231.6,234.0,,,0.0,0.0,0,0.0,0
2.0,0.05,2.0,Rhode Island,99.0,99,99,99.0,3.0,3.0,4,0.0,0.0,281.9,273.0,467.6666666666667,530.0,,,0.0,0.0,0,0.0,0
2.0,0.1,1.0,Rhode Island,99.0,99,99,99.0,3.3,3.0,4,0.0,0.0,189.0,195.0,243.9,234.0,,,0.0,0.0,0,0.0,0
1.0,0.1,0.5,Rhode Island,99.0,99,99,99.0,2.0,2.0,2,0.0,0.0,196.2,225.0,,,,,0.0,0.0,0,0.0,0
0.5,0.1,1.0,Rhode Island,99.0,99,99,99.0,2.2,2.0,3,0.0,0.0,201.0,225.0,225.0,225.0,,,0.0,0.0,0,0.0,0
1.0,0.1,2.0,Rhode Island,99.0,99,99,99.0,3.2,3.0,4,0.0,0.0,216.0,225.0,244.8,234.0,,,0.0,0.0,0,0.0,0
2.0,0.1,2.0,Rhode Island,99.0,99,99,99.0,3.0,3.0,3,0.0,0.0,195.0,195.0,296.9,273.0,,,0.0,0.0,0,0.0,0
2.0,0.1,0.5,Rhode Island,99.0,99,99,99.0,3.0,3.0,4,0.0,0.0,221.4,225.0,251.33333333333334,234.0,,,0.0,0.0,0,0.0,0
0.5,0.1,2.0,Rhode Island,99.0,99,99,99.0,2.5,2.5,3,0.0,0.0,216.0,225.0,232.2,234.0,,,0.0,0.0,0,0.0,0
1.0,0.1,1.0,Rhode Island,99.0,99,99,99.0,2.5,2.5,3,0.0,0.0,215.4,225.0,241.8,234.0,,,0.0,0.0,0,0.0,0
0.5,0.1,0.5,Rhode Island,99.0,99,99,99.0,1.2,1.0,2,0.0,0.0,180.0,180.0,,,,,0.0,0.0,0,0.0,0
0.5,0.1,2.0,Massachusetts,99.0,71,107,103.5,7.5,7.5,8,0.1,1.0,105.4,108.5,114.0,116.0,185.0,192.0,2.2222222222222223,2.0,3,0.1,1
0.5,0.1,1.0,Massachusetts,99.0,72,105,105.0,7.0,7.0,8,0.1,1.0,107.0,109.0,111.6,115.0,147.33333333333334,177.0,1.6666666666666667,2.0,2,0.3,2
2.0,0.1,0.5,Massachusetts,99.1,88,105,102.0,7.6,8.0,8,0.1,1.0,106.1,105.0,111.7,113.0,156.4,192.0,2.5,2.5,4,0.3,1
ALL,ALL,ALL,North Carolina,99.12222222222222,69,232,78.0,22.927777777777777,24.5,36,0.31666666666666665,1.0,118.46666666666667,120.0,136.875,122.0,140.90697674418604,146.5,4.791304347826087,5.0,12,1.011111111111111,3
ALL,ALL,ALL,South Carolina,99.17222222222222,81,403,84.0,11.077777777777778,11.0,17,0.0028011204481792717,1.0,124.71148459383754,91.0,153.42120343839542,99.0,161.6757575757576,126.0,4.340298507462687,4.0,11,1.1333333333333333,3
0.5,0.01,0.5,New York,99.2,51,124,98.0,9.7,10.0,14,0.1,1.0,119.8,119.0,127.9,128.0,36.5,28.0,83.6,85.0,91,28.7,36
2.0,0.01,2.0,Pennsylvania,99.4,94,128,95.0,42.7,43.0,48,0.0,0.0,105.6,105.0,115.0,114.0,35.4,28.0,23.0,23.0,29,6.0,11
1.0,0.01,1.0,New York,99.6,65,124,103.0,14.9,15.0,20,0.3,1.0,121.6,124.0,128.7,131.0,28.0,28.0,134.6,136.5,154,31.4,37
1.0,0.01,0.5,Pennsylvania,99.7,94,113,95.0,36.4,37.0,39,0.0,0.0,109.6,110.0,117.1,122.0,39.4,28.0,24.1,23.5,31,6.4,11
2.0,0.01,0.5,Pennsylvania,99.7,94,122,97.0,42.0,41.0,48,0.1,1.0,107.9,103.0,118.3,120.5,28.0,28.0,24.8,25.5,30,6.8,9
1.0,0.05,2.0,North Carolina,99.9,69,122,110.5,27.8,27.5,31,0.2,1.0,124.7,121.0,130.3,128.0,81.3,28.0,6.8,7.0,8,0.9,2
ALL,ALL,ALL,Massachusetts,100.08055555555555,37,262,102.0,6.997222222222222,7.0,8,0.008356545961002786,1.0,120.77715877437326,107.0,136.10027855153203,116.0,145.41616766467067,141.0,2.2908011869436202,2.0,7,0.2611111111111111,2
1.0,0.05,0.5,North Carolina,100.1,69,120,109.0,21.2,21.5,24,0.1,1.0,115.6,120.0,125.0,122.0,170.8,167.0,3.2,3.0,8,0.6,2
2.0,0.1,1.0,West Virginia,100.2,54,195,77.5,14.8,15.0,16,0.0,0.0,162.9,165.0,187.6,193.0,196.4,206.0,22.2,23.0,25,1.3,3
1.0,0.01,0.5,Vermont,100.2,77,174,78.0,9.3,9.5,13,0.8,3.0,143.9,147.5,207.0,192.0,110.55555555555556,112.0,6.8,6.5,14,3.3,7
1.0,0.1,1.0,New Jersey,100.4,50,123,98.0,7.3,7.0,9,0.3,1.0,133.2,121.0,173.4,177.0,175.4,186.0,3.1,3.5,4,0.6,1
2.0,0.05,2.0,Tennessee,100.5,53,135,127.0,41.6,41.0,46,0.0,0.0,125.4,131.5,137.7,144.0,28.0,28.0,28.0,28.0,33,10.0,13
2.0,0.01,1.0,Vermont,100.6,68,191,85.0,9.4,10.0,12,1.3,4.0,150.1,144.5,198.7,198.5,148.1,119.0,8.3,7.0,15,4.0,8
0.5,0.05,2.0,Massachusetts,100.7,72,107,105.0,7.7,8.0,8,0.0,0.0,112.4,114.0,116.3,118.0,130.0,150.0,2.3,3.0,3,0.1,1
0.5,0.1,2.0,New Jersey,101.1,46,123,101.0,7.4,7.5,9,0.1,1.0,133.8,123.0,162.7,174.0,174.5,186.0,2.5,2.5,4,0.3,1
0.5,0.01,2.0,New York,101.1,51,124,109.0,13.7,13.0,18,0.1,1.0,120.2,121.0,128.0,132.0,28.0,28.0,132.6,131.0,154,32.0,36
0.5,0.01,2.0,Pennsylvania,102.2,94,132,95.0,41.4,41.5,46,0.0,0.0,109.1,100.0,116.8,119.5,48.4,28.0,24.5,24.0,30,6.6,10
1.0,0.05,0.5,Massachusetts,102.7,72,116,105.0,6.4,6.5,7,0.0,0.0,115.2,116.0,117.3,117.0,118.0,150.0,1.8,2.0,3,0.1,1
0.5,0.05,2.0,West Virginia,103.2,54,195,87.0,13.6,14.0,17,0.2,1.0,171.9,199.0,216.6,212.0,204.5,245.0,18.9,19.0,23,1.6,3
2.0,0.25,0.5,New Hampshire,103.6,59,110,108.0,6.7,6.5,8,0.0,0.0,113.1,110.0,143.1,136.5,215.0,215.0,0.4444444444444444,0.0,1,0.8,1
1.0,0.05,1.0,Massachusetts,103.8,95,107,105.0,7.3,7.0,8,0.0,0.0,111.8,114.0,115.8,118.0,96.6,28.0,2.6,2.5,4,0.1,1
0.5,0.01,0.5,Maryland,103.9,57,140,105.0,6.1,6.0,9,0.2,2.0,160.8,149.0,233.5,233.5,147.25,126.0,1.7777777777777777,2.0,4,0.5,2
1.0,0.25,0.5,New Hampshire,104.0,59,110,108.5,6.7,7.0,8,0.0,0.0,127.5,110.0,157.8,172.0,215.0,215.0,0.8888888888888888,1.0,2,0.7,1
0.5,0.05,0.5,Massachusetts,104.2,95,116,105.0,6.4,6.5,7,0.0,0.0,114.1,116.0,116.9,118.0,44.142857142857146,28.0,2.142857142857143,2.0,3,0.0,0
0.5,0.05,0.5,North Carolina,104.2,69,122,114.5,11.6,12.0,14,0.2,1.0,121.6,121.0,128.7,128.0,145.5,167.0,2.875,2.0,6,0.2,1
2.0,0.05,1.0,West Virginia,104.2,54,203,85.0,14.0,14.0,16,0.0,0.0,186.7,195.0,204.6,199.0,206.4,257.0,22.9,21.5,32,1.2,3
0.5,0.25,0.5,New Hampshire,104.4,59,110,110.0,4.7,5.0,6,0.0,0.0,135.3,113.0,164.2,174.0,215.0,215.0,0.7142857142857143,1.0,1,0.5,1
2.0,0.05,1.0,Delaware,104.8,61,208,61.0,3.0,3.0,3,0.0,0.0,275.6,303.0,351.1,346.0,339.0,339.0,1.0,1.0,1,0.0,0
0.5,0.01,2.0,Vermont,104.9,77,168,85.5,10.2,10.0,13,0.4,2.0,143.7,153.5,183.3,180.5,122.8,111.0,6.1,7.0,12,2.6,5
2.0,0.05,2.0,North Carolina,105.0,78,122,114.5,28.3,28.0,30,0.0,0.0,124.4,121.0,132.2,126.5,161.6,167.0,5.6,5.5,9,1.7,2
2.0,0.01,2.0,Maryland,105.5,87,140,100.0,11.2,11.5,12,0.1,1.0,129.8,132.0,175.5,149.0,158.3,140.5,7.1,7.5,10,1.1,2
1.0,0.01,2.0,New York,106.4,65,132,108.0,15.5,15.0,20,0.3,1.0,124.2,124.0,131.3,132.0,28.0,28.0,134.1,128.0,162,30.8,33
1.0,0.05,1.0,North Carolina,106.6,69,122,120.0,24.8,24.0,29,0.2,1.0,123.3,122.0,134.1,132.5,136.4,167.0,5.7,5.0,9,1.3,2
0.5,0.05,2.0,North Carolina,107.0,69,122,120.0,25.3,25.5,27,0.1,1.0,122.7,122.0,129.2,129.5,136.8,167.0,5.6,5.5,8,0.9,3
0.5,0.05,1.0,Massachusetts,107.1,95,116,105.0,7.2,7.5,8,0.0,0.0,114.5,116.0,117.4,118.0,93.22222222222223,28.0,1.3,1.0,3,0.1,1
2.0,0.05,2.0,Massachusetts,107.1,98,118,106.0,7.4,7.0,8,0.0,0.0,111.7,113.0,116.0,118.0,132.0,141.0,3.1,3.0,4,0.1,1
0.5,0.01,2.0,Oregon,107.2,61,182,88.0,8.6,8.5,11,0.0,0.0,154.4,168.0,191.3,188.0,231.5,219.0,3.7,3.5,6,6.5,8
1.0,0.1,0.5,New Jersey,107.8,90,174,98.0,6.7,7.0,8,0.0,0.0,135.8,121.0,169.5,177.0,178.25,186.0,2.75,2.0,5,0.2,1
2.0,0.05,1.0,North Carolina,107.9,69,122,120.0,28.4,28.0,31,0.1,1.0,121.0,122.0,128.1,128.0,129.8,167.0,6.4,6.0,10,0.8,2
ALL,ALL,ALL,Alabama,108.00837988826815,71,355,71.0,13.027932960893855,13.0,25,0.0,0.0,165.81714285714287,89.0,231.27380952380952,219.0,382.59016393442624,381.0,1.221311475409836,1.0,3,0.0,0
1.0,0.01,0.5,Maryland,108.6,87,138,110.0,8.7,8.0,13,0.0,0.0,128.6,121.0,149.0,142.0,199.9,142.0,3.3,4.0,5,0.6,1
0.5,0.01,0.5,Vermont,108.6,68,201,79.0,7.3,7.5,10,0.7,4.0,145.4,121.5,192.2,174.0,163.3,104.0,8.0,8.0,14,3.1,5
1.0,0.25,2.0,New Hampshire,108.9,108,110,108.5,6.8,7.0,8,0.0,0.0,126.5,110.0,164.5,181.0,215.0,215.0,1.0,1.0,1,0.7,1
2.0,0.25,1.0,New Hampshire,109.0,108,110,109.0,6.6,7.0,7,0.0,0.0,125.5,110.0,155.7,181.0,215.0,215.0,0.6,1.0,1,0.8,1
1.0,0.01,0.5,New York,109.0,65,124,112.5,14.8,15.0,21,0.2,2.0,126.3,129.5,131.0,133.0,28.0,28.0,122.2,123.5,137,29.8,34
0.5,0.25,2.0,New Hampshire,109.1,108,110,109.5,6.5,6.0,8,0.0,0.0,134.6,111.5,171.1,181.0,215.0,215.0,0.2857142857142857,0.0,1,0.6,1
2.0,0.25,2.0,New Hampshire,109.2,108,110,109.5,6.8,7.0,8,0.0,0.0,135.7,111.5,173.8,181.0,215.0,215.0,0.6666666666666666,1.0,1,0.5,1
1.0,0.25,1.0,New Hampshire,109.6,108,110,110.0,6.8,7.0,8,0.0,0.0,135.1,127.0,175.9,181.0,215.0,215.0,0.7777777777777778,1.0,1,0.5,1
0.5,0.25,1.0,New Hampshire,109.7,108,110,110.0,5.6,6.0,6,0.0,0.0,149.9,150.5,177.6,180.0,215.0,215.0,1.1111111111111112,1.0,2,0.3,1
1.0,0.1,2.0,New Hampshire,109.8,109,110,110.0,7.0,7.0,8,0.0,0.0,146.9,150.5,174.7,181.0,215.0,215.0,0.6666666666666666,1.0,1,0.4,1
0.5,0.1,1.0,New Hampshire,109.9,109,110,110.0,5.8,6.0,7,0.0,0.0,162.4,174.0,185.4,192.0,215.0,215.0,0.75,1.0,1,0.2,1
0.5,0.1,0.5,New Hampshire,109.9,109,110,110.0,4.9,5.0,6,0.0,0.0,160.5,188.0,196.7,188.0,215.0,215.0,1.0,1.0,1,0.2,1
1.0,0.05,0.5,New Hampshire,109.9,109,110,110.0,6.0,6.0,7,0.0,0.0,157.9,161.0,185.4,184.5,324.0,324.0,0.2857142857142857,0.0,1,0.5,1
2.0,0.1,2.0,New Hampshire,109.9,109,110,110.0,6.5,6.5,7,0.1,1.0,172.8,181.0,185.9,188.0,,,0.0,0.0,0,0.5,1
1.0,0.1,0.5,New Hampshire,109.9,109,110,110.0,6.1,6.0,7,0.0,0.0,151.8,141.0,182.2,181.0,215.0,215.0,0.2857142857142857,0.0,1,0.6,1
1.0,0.05,2.0,New Hampshire,109.9,109,110,110.0,6.1,6.0,7,0.0,0.0,171.8,181.0,188.3,188.0,215.0,215.0,0.14285714285714285,0.0,1,0.7,1
2.0,0.01,1.0,Maryland,109.9,87,132,110.0,11.9,12.0,13,0.0,0.0,130.7,132.0,139.2,140.0,164.8,140.5,5.3,5.5,8,0.9,2
2.0,0.1,0.5,New Hampshire,110.0,110,110,110.0,7.1,7.0,8,0.0,0.0,158.5,181.0,181.2,188.0,215.0,215.0,1.0,1.0,1,0.1,1
0.5,0.1,2.0,New Hampshire,110.0,110,110,110.0,7.0,7.0,8,0.0,0.0,161.3,181.0,183.1,188.0,215.0,215.0,0.75,1.0,1,0.1,1
0.5,0.01,1.0,Maryland,110.0,87,132,109.0,8.7,9.0,12,0.0,0.0,131.9,132.0,176.6,152.5,139.8,142.0,3.0,3.0,6,0.3,1
1.0,0.1,1.0,New Hampshire,110.0,110,110,110.0,7.0,7.0,8,0.0,0.0,168.1,181.0,181.9,188.0,215.0,215.0,0.25,0.0,1,0.3,1
2.0,0.1,1.0,New Jersey,110.0,90,174,95.0,7.6,7.5,9,0.0,0.0,132.0,123.0,161.0,171.5,186.0,186.0,2.7,3.0,4,0.7,1
2.0,0.01,0.5,New York,110.2,98,124,108.0,14.9,14.5,19,0.0,0.0,118.0,117.5,126.2,129.5,37.9,28.0,140.5,139.5,158,31.2,36
2.0,0.01,2.0,New York,110.2,98,126,108.0,13.8,13.0,18,0.4,1.0,122.7,124.0,130.4,130.5,28.0,28.0,132.9,129.5,159,32.3,37
0.5,0.1,0.5,New Jersey,110.3,90,119,119.0,4.0,4.0,5,0.0,0.0,132.2,123.0,167.3,172.0,188.0,186.0,1.2222222222222223,1.0,2,0.4,1
2.0,0.01,0.5,Maryland,110.3,87,140,104.5,11.1,11.0,13,0.0,0.0,143.0,132.0,183.5,159.0,164.8,144.5,4.9,4.5,9,0.8,2
2.0,0.01,1.0,New York,110.4,65,124,112.5,15.8,16.5,21,0.1,1.0,123.4,124.0,128.4,130.5,28.0,28.0,129.1,129.5,139,30.5,35
1.0,0.01,1.0,Maryland,110.7,93,131,110.0,11.6,11.5,13,0.1,1.0,137.9,132.0,168.5,160.5,175.2,142.0,6.5,6.0,12,1.3,2
1.0,0.01,0.5,Nevada,111.1,73,139,115.0,4.0,4.0,5,0.0,0.0,154.4,132.0,193.9,176.0,134.5,134.5,1.6666666666666667,2.0,2,0.0,0
0.5,0.1,1.0,New Jersey,111.3,90,162,110.0,6.1,6.0,8,0.0,0.0,139.1,123.0,171.7,174.0,188.0,186.0,2.4,2.5,3,0.2,1
0.5,0.01,2.0,Maryland,111.5,57,132,121.0,11.0,11.0,13,0.1,1.0,145.5,132.0,173.8,148.0,140.7,142.0,5.6,5.0,9,1.2,3
1.0,0.01,2.0,Nevada,111.8,73,141,120.0,4.7,5.0,5,0.0,0.0,140.7,139.0,193.9,180.0,172.8,157.0,1.2,1.0,2,0.0,0
1.0,0.25,1.0,Louisiana,112.0,112,112,112.0,6.8,7.0,7,0.0,0.0,146.0,144.0,181.0,182.0,116.0,116.0,1.0,1.0,1,0.0,0
2.0,0.01,0.5,Nevada,112.1,68,161,120.0,4.8,5.0,5,0.0,0.0,139.6,126.0,195.4,198.5,190.0,157.0,1.2,1.0,2,0.0,0
0.5,0.01,2.0,Nevada,112.4,92,125,115.0,5.0,5.0,5,0.0,0.0,128.7,125.0,153.2,150.0,209.25,157.0,1.0,1.0,1,0.0,0
ALL,ALL,ALL,Rhode Island,112.58944281524927,99,464,99.0,2.3255131964809386,2.0,4,0.0,0.0,213.12686567164178,225.0,266.25949367088606,234.0,,,0.0,0.0,0,0.0,0
2.0,0.1,2.0,New Jersey,112.7,90,162,107.5,8.2,8.0,9,0.2,1.0,148.2,142.5,206.0,230.0,181.4,186.0,2.3,3.0,3,0.5,1
2.0,0.1,1.0,New Hampshire,112.7,108,141,110.0,6.7,7.0,8,0.1,1.0,151.8,166.0,174.2,181.0,215.0,215.0,0.5,0.5,1,0.6,2
2.0,0.05,2.0,New Hampshire,113.0,109,141,110.0,6.4,7.0,7,0.1,1.0,169.7,181.0,179.9,188.0,215.0,215.0,0.2,0.0,1,0.5,2
2.0,0.01,2.0,South Carolina,113.4,84,190,91.0,8.5,8.5,11,0.0,0.0,193.5,188.5,324.5,360.5,243.88888888888889,215.0,2.4444444444444446,2.0,4,1.2,2
1.0,0.01,1.0,Nevada,113.5,92,139,117.5,4.8,5.0,5,0.0,0.0,134.5,122.5,151.6,140.0,186.0,157.0,1.6666666666666667,2.0,3,0.0,0
0.5,0.01,1.0,Nevada,113.6,92,125,117.5,3.9,4.0,5,0.0,0.0,131.0,125.0,174.0,141.0,154.75,157.0,1.25,1.0,2,0.0,0
1.0,0.01,2.0,South Carolina,114.0,91,187,91.0,6.7,7.0,9,0.1,1.0,196.7,187.0,345.3,396.0,195.77777777777777,215.0,1.7,2.0,3,1.0,2
0.5,0.25,2.0,Louisiana,114.1,112,133,112.0,6.2,6.0,7,0.0,0.0,159.0,159.0,183.6,182.0,,,0.0,0.0,0,0.0,0
0.5,0.25,0.5,Louisiana,114.1,112,133,112.0,3.3,3.0,4,0.0,0.0,174.2,182.0,185.6,188.0,116.0,116.0,1.0,1.0,1,0.0,0
2.0,0.25,2.0,Louisiana,114.1,112,133,112.0,7.3,7.0,8,0.0,0.0,169.0,182.0,185.4,188.0,,,0.0,0.0,0,0.0,0
2.0,0.25,0.5,Louisiana,114.1,112,133,112.0,7.3,7.0,8,0.0,0.0,159.0,159.0,183.6,182.0,,,0.0,0.0,0,0.0,0
2.0,0.1,0.5,New Jersey,114.1,90,144,119.0,7.7,8.0,9,0.1,1.0,137.5,123.0,175.5,175.5,179.8,186.0,3.0,3.0,5,0.2,1
0.5,0.01,1.0,Kentucky,114.3,85,200,87.0,21.4,21.0,27,0.0,0.0,136.4,123.5,159.1,170.5,198.5,201.0,5.1,5.0,8,6.6,9
0.5,0.05,2.0,Mississippi,115.5,71,173,107.0,5.4,5.0,9,0.1,1.0,186.5,173.0,244.9,265.0,218.0,218.0,1.0,1.0,2,0.9,2
2.0,0.25,1.0,Louisiana,115.7,112,133,112.0,7.6,8.0,8,0.0,0.0,159.3,174.0,176.8,182.0,,,0.0,0.0,0,0.0,0
0.5,0.05,1.0,New Jersey,116.0,90,178,121.0,5.5,5.0,7,0.1,1.0,145.1,142.5,182.9,177.5,175.71428571428572,186.0,1.4285714285714286,1.0,3,0.2,1
0.5,0.25,1.0,Louisiana,116.2,112,133,112.0,5.5,6.0,6,0.0,0.0,163.4,174.0,184.4,182.0,116.0,116.0,1.0,1.0,1,0.0,0
1.0,0.25,2.0,Louisiana,116.2,112,133,112.0,7.6,8.0,8,0.0,0.0,165.0,182.0,181.0,188.0,116.0,116.0,1.0,1.0,1,0.0,0
1.0,0.01,1.0,Oregon,116.5,81,168,107.0,8.6,9.0,10,0.0,0.0,163.2,168.0,194.0,192.0,157.7,121.0,5.8,6.0,8,7.1,9
0.5,0.01,1.0,New York,116.8,98,132,117.5,11.9,12.0,14,0.0,0.0,129.3,132.0,136.5,134.0,28.0,28.0,107.7,107.5,127,31.5,37
1.0,0.05,0.5,Mississippi,116.9,71,158,128.0,5.5,5.0,9,0.0,0.0,186.4,158.0,242.8,265.0,218.0,218.0,1.0,1.0,2,0.5,2
2.0,0.01,1.0,Nevada,117.0,68,139,122.5,4.9,5.0,5,0.0,0.0,143.7,129.0,193.0,139.0,186.85714285714286,157.0,1.7142857142857142,2.0,2,0.0,0
1.0,0.01,0.5,Rhode Island,117.0,99,225,99.0,1.1428571428571428,1.0,2,0.0,0.0,225.0,225.0,,,,,0.0,0.0,0,0.0,0
0.5,0.01,2.0,Rhode Island,117.0,99,225,99.0,1.4285714285714286,1.0,3,0.0,0.0,225.0,225.0,273.0,273.0,,,0.0,0.0,0,0.0,0
2.0,0.05,1.0,New Hampshire,117.0,109,181,110.0,6.4,6.5,7,0.0,0.0,174.6,181.0,191.0,188.0,,,0.0,0.0,0,0.4,1
1.0,0.05,1.0,New Hampshire,117.1,110,181,110.0,6.3,6.0,7,0.0,0.0,175.7,181.0,192.4,188.0,215.0,215.0,1.0,1.0,1,0.0,0
0.5,0.05,2.0,New Hampshire,117.1,110,181,110.0,6.1,6.0,7,0.0,0.0,174.9,181.0,203.5,204.0,215.0,215.0,0.3333333333333333,0.0,1,0.2,1
1.0,0.01,2.0,Maryland,117.4,87,140,115.5,10.8,11.0,13,0.0,0.0,141.0,138.0,166.6,151.5,153.3,145.0,6.4,7.0,9,1.1,3
0.5,0.05,1.0,New Hampshire,117.7,109,188,110.0,4.8,5.0,6,0.1,1.0,176.7,188.0,198.6,196.0,269.5,269.5,0.5,0.5,1,0.2,1
1.0,0.25,0.5,Louisiana,117.8,112,133,112.0,5.4,5.0,6,0.0,0.0,166.3,182.0,186.2,188.0,,,0.0,0.0,0,0.0,0
1.0,0.05,0.5,West Virginia,117.9,54,208,87.0,11.3,11.0,14,0.1,1.0,174.3,193.0,209.0,208.0,208.0,270.0,12.8,12.5,22,1.1,2
0.5,0.1,2.0,Louisiana,118.3,112,133,112.0,5.2,5.0,7,0.0,0.0,174.4,182.0,189.0,188.0,,,0.0,0.0,0,0.0,0
1.0,0.1,1.0,Louisiana,119.9,112,133,112.0,5.4,5.5,7,0.0,0.0,173.3,182.0,188.3,188.0,,,0.0,0.0,0,0.0,0
0.5,0.01,1.0,Rhode Island,120.0,99,225,99.0,1.0,1.0,1,,,,,,,,,0.0,0.0,0,0.0,0
ALL,ALL,ALL,West Virginia,120.0,54,332,54.0,11.833333333333334,13.0,17,0.016666666666666666,1.0,164.34166666666667,165.0,191.5754189944134,198.0,211.44219653179192,244.0,15.895953757225433,18.0,32,0.7777777777777778,3
1.0,0.1,2.0,Louisiana,120.4,112,133,112.0,7.1,7.0,8,0.0,0.0,167.4,178.0,185.0,185.0,481.0,481.0,1.0,1.0,1,0.0,0
1.0,0.05,1.0,West Virginia,120.9,54,195,124.0,14.7,15.0,16,0.0,0.0,184.6,187.5,199.6,199.0,263.3,270.0,19.7,19.5,24,0.8,2
2.0,0.05,1.0,Mississippi,122.0,71,158,126.5,8.1,8.5,10,0.1,1.0,217.4,200.0,252.3,265.0,222.75,218.0,0.6666666666666666,0.0,2,1.5,3
0.5,0.05,2.0,New Jersey,122.3,90,174,119.0,7.3,7.0,8,0.1,1.0,168.8,177.0,196.5,187.5,162.77777777777777,186.0,2.0,2.0,4,0.1,1
2.0,0.1,1.0,Louisiana,122.5,112,133,122.5,6.6,7.0,7,0.0,0.0,176.6,182.0,187.4,188.0,,,0.0,0.0,0,0.0,0
0.5,0.05,0.5,New Hampshire,122.7,110,179,110.0,4.9,5.0,6,0.0,0.0,182.8,188.0,202.7,201.0,215.0,215.0,1.0,1.0,1,0.0,0
1.0,0.1,0.5,Louisiana,123.6,112,133,128.0,5.0,5.0,6,0.0,0.0,172.2,182.0,187.2,188.0,,,0.0,0.0,0,0.0,0
0.5,0.05,1.0,Mississippi,124.4,71,158,140.0,4.5,4.0,6,0.0,0.0,181.6,158.0,245.77777777777777,265.0,,,0.0,0.0,0,0.0,0
2.0,0.01,0.5,Connecticut,124.4,88,140,140.0,6.9,7.0,8,0.2,1.0,209.5,169.0,279.7,283.0,353.77777777777777,427.0,2.7777777777777777,2.0,7,0.4,1
2.0,0.1,2.0,Louisiana,124.6,112,133,133.0,6.7,7.0,8,0.0,0.0,176.6,182.0,196.8,188.0,116.0,116.0,1.0,1.0,1,0.0,0
0.5,0.01,2.0,South Carolina,125.8,84,187,91.0,7.4,7.5,9,0.0,0.0,208.2,187.0,315.1,353.5,406.55555555555554,585.0,1.3333333333333333,1.0,3,1.0,2
1.0,0.05,1.0,Mississippi,126.3,71,158,155.0,5.7,6.0,7,0.2,1.0,194.8,173.0,260.9,265.0,282.5,218.0,0.9,1.0,2,1.6,3
2.0,0.1,0.5,Louisiana,126.7,112,133,133.0,6.0,6.0,7,0.0,0.0,182.0,182.0,189.2,188.0,116.0,116.0,1.0,1.0,1,0.0,0
0.5,0.01,1.0,Oregon,127.3,88,182,107.0,6.8,7.0,8,0.0,0.0,170.0,175.0,198.3,192.0,149.0,128.0,1.6,1.5,4,5.3,7
0.5,0.1,0.5,Louisiana,127.8,112,133,133.0,3.0,3.0,4,0.0,0.0,172.2,182.0,185.77777777777777,188.0,,,0.0,0.0,0,0.0,0
0.5,0.1,1.0,Louisiana,128.8,112,133,133.0,4.8,5.0,6,0.0,0.0,182.0,182.0,188.0,188.0,321.0,321.0,1.0,1.0,1,0.0,0
2.0,0.01,1.0,Oregon,129.9,88,182,107.0,9.5,9.5,11,0.0,0.0,177.6,175.0,197.4,192.0,201.6,126.0,4.9,4.5,8,7.2,9
2.0,0.01,2.0,Nevada,130.3,73,244,122.5,4.6,5.0,5,0.0,0.0,162.4,145.5,220.0,164.0,320.4,366.0,0.7142857142857143,1.0,1,0.2,1
0.5,0.05,0.5,Mississippi,130.33333333333334,71,158,158.0,2.0,2.0,5,0.0,0.0,212.16666666666666,208.0,158.0,158.0,223.0,223.0,1.0,1.0,1,0.0,0
ALL,ALL,ALL,New Hampshire,130.57262569832403,59,344,110.0,5.564245810055866,6.0,8,0.014367816091954023,1.0,177.3477011494253,181.0,209.26567164179104,188.0,222.36170212765958,215.0,0.4948453608247423,0.0,2,0.3994413407821229,2
2.0,0.05,0.5,New Hampshire,130.9,109,181,110.0,6.5,6.5,8,0.0,0.0,174.4,181.0,193.8,192.0,215.0,215.0,0.75,1.0,1,0.2,1
2.0,0.01,2.0,Oregon,131.5,81,182,136.0,10.8,10.5,13,0.0,0.0,178.7,182.0,198.5,192.0,239.0,217.0,6.0,6.5,9,6.8,10
1.0,0.05,0.5,Louisiana,131.6,112,160,133.0,4.3,4.0,5,0.0,0.0,168.9,182.0,188.5,188.0,116.0,116.0,1.0,1.0,1,0.0,0
1.0,0.05,2.0,Louisiana,131.6,112,160,133.0,5.8,6.0,7,0.0,0.0,179.0,182.0,196.4,188.0,481.0,481.0,0.5,0.5,1,0.1,1
0.5,0.01,1.0,South Carolina,132.2,91,247,110.0,3.5,3.5,5,0.0,0.0,215.1,190.0,317.55555555555554,352.0,213.0,126.0,0.8333333333333334,1.0,1,0.2,1
0.5,0.05,0.5,West Virginia,132.8,54,199,165.0,4.4,4.5,7,0.0,0.0,193.4,197.0,214.1,212.0,283.3333333333333,291.0,1.6666666666666667,2.0,2,0.0,0
1.0,0.05,2.0,West Virginia,132.9,54,195,165.0,13.6,14.0,16,0.0,0.0,183.2,195.0,198.8,199.0,240.8,270.0,23.8,24.5,29,1.2,3
2.0,0.05,2.0,West Virginia,133.8,54,195,165.0,13.6,13.0,16,0.0,0.0,176.2,191.0,197.8,203.5,237.2,244.0,23.2,24.0,31,1.6,3
0.5,0.01,1.0,North Carolina,133.9,109,144,134.0,8.4,8.5,12,0.0,0.0,156.1,144.0,189.9,188.0,205.625,219.0,2.125,1.5,4,0.3,1
0.5,0.05,0.5,New Jersey,134.2,90,178,131.5,3.1,3.0,4,0.0,0.0,178.1,178.0,212.0,225.0,187.0,186.0,1.125,1.0,2,0.0,0
ALL,ALL,ALL,New Jersey,134.30555555555554,46,380,119.0,6.555555555555555,7.0,9,0.036312849162011177,1.0,166.56983240223462,162.0,198.14406779661016,178.0,222.99689440993788,186.0,2.046583850931677,2.0,5,0.23333333333333334,1
0.5,0.01,0.5,Nevada,135.3,92,180,127.0,3.1,3.0,5,0.0,0.0,160.22222222222223,161.0,192.83333333333334,171.5,157.0,157.0,1.0,1.0,1,0.0,0
2.0,0.05,2.0,Louisiana,135.7,133,160,133.0,6.0,6.0,7,0.0,0.0,177.4,182.0,188.6,188.0,481.0,481.0,0.8,1.0,1,0.1,1
ALL,ALL,ALL,Mississippi,135.83236994219652,71,520,98.0,7.291907514450867,7.5,15,0.02786377708978328,1.0,184.3003095975232,155.0,221.44918032786885,173.0,228.89142857142858,218.0,1.6603773584905661,2.0,4,1.3265895953757225,4
1.0,0.05,0.5,New Jersey,136.2,90,178,121.0,6.6,7.0,7,0.1,1.0,165.2,175.5,202.7,187.5,190.22222222222223,186.0,1.6666666666666667,1.0,5,0.1,1
1.0,0.05,1.0,New Jersey,136.2,119,178,121.0,7.0,7.0,8,0.2,1.0,172.8,177.5,206.4,204.0,194.0,186.0,2.0,2.0,4,0.2,1
0.5,0.05,1.0,Louisiana,136.3,112,160,133.0,4.1,4.0,5,0.0,0.0,182.0,182.0,190.0,188.0,321.0,321.0,0.6666666666666666,1.0,1,0.2,1
1.0,0.01,0.5,North Carolina,136.4,128,144,134.0,11.5,11.5,15,0.0,0.0,171.4,144.0,211.9,195.5,234.375,228.0,1.5,1.5,2,0.1,1
1.0,0.01,2.0,Rhode Island,136.5,99,273,99.0,1.625,1.5,3,0.0,0.0,328.25,249.0,273.0,273.0,,,0.0,0.0,0,0.0,0
0.5,0.01,2.0,Massachusetts,136.7,107,175,140.0,5.8,6.0,7,0.0,0.0,175.3,172.5,231.5,247.0,193.57142857142858,177.0,2.4285714285714284,2.0,5,0.0,0
2.0,0.05,1.0,Louisiana,136.9,112,160,133.0,5.8,6.0,7,0.0,0.0,181.2,182.0,189.6,188.0,481.0,481.0,1.0,1.0,1,0.0,0
2.0,0.01,2.0,Massachusetts,137.1,102,205,136.0,6.5,7.0,7,0.0,0.0,164.0,148.0,208.8,219.0,189.5,251.0,3.0,3.0,7,0.3,1
2.0,0.01,2.0,North Carolina,137.1,128,144,134.0,18.1,18.0,20,0.0,0.0,158.8,144.0,185.1,185.0,233.6,246.0,4.2,4.5,8,1.1,2
2.0,0.05,2.0,New Jersey,137.3,46,177,162.0,7.8,8.0,9,0.0,0.0,166.3,175.5,208.8,225.0,249.8,186.0,1.8,2.0,3,0.0,0
0.5,0.05,2.0,Louisiana,137.5,112,160,133.0,4.8,5.0,6,0.0,0.0,182.0,182.0,193.4,188.0,116.0,116.0,1.0,1.0,1,0.0,0
2.0,0.01,1.0,Connecticut,137.5,88,167,140.0,7.4,8.0,8,0.0,0.0,223.5,229.5,268.1,285.5,346.8888888888889,300.0,3.6666666666666665,4.0,7,0.2,1
0.5,0.01,2.0,North Carolina,137.7,131,144,134.0,15.5,15.0,21,0.0,0.0,159.2,144.0,186.3,188.0,302.2,300.5,2.6,2.5,5,0.1,1
2.0,0.05,0.5,New Jersey,138.1,90,178,123.0,7.5,7.5,8,0.1,1.0,183.4,177.5,211.7,225.0,259.0,186.0,1.7777777777777777,1.0,3,0.1,1
0.5,0.01,2.0,Connecticut,138.7,88,283,140.0,6.3,6.0,8,0.0,0.0,222.0,228.5,271.0,289.5,355.77777777777777,485.0,3.111111111111111,3.0,6,0.4,1
2.0,0.01,1.0,North Carolina,138.7,131,144,139.0,18.4,18.5,24,0.0,0.0,166.6,154.0,198.5,198.0,131.0,97.5,3.2,3.0,5,1.3,2
1.0,0.01,2.0,North Carolina,139.1,125,144,144.0,17.8,17.5,21,0.0,0.0,166.6,167.0,188.3,188.0,183.55555555555554,181.0,2.9,3.0,6,1.4,3
2.0,0.05,0.5,Mississippi,139.3,71,265,156.5,9.3,9.0,12,0.2,1.0,192.9,173.0,241.3,265.0,218.0,218.0,1.8,2.0,3,2.1,3
1.0,0.05,2.0,New Jersey,139.6,90,178,119.0,7.5,7.5,9,0.0,0.0,174.0,178.0,205.8,201.5,239.3,186.0,2.2,2.0,4,0.2,1
2.0,0.05,0.5,West Virginia,139.6,54,203,165.0,13.9,15.0,15,0.0,0.0,174.4,198.5,209.1,205.5,204.4,269.0,20.7,21.0,24,1.4,3
0.5,0.01,0.5,Massachusetts,139.7,116,248,127.0,4.1,4.0,6,0.0,0.0,158.66666666666666,167.0,218.0,190.0,127.4,28.0,1.0,1.0,1,0.0,0
1.0,0.01,0.5,Massachusetts,140.0,105,234,137.0,4.9,5.0,6,0.0,0.0,194.1,209.0,226.4,251.5,139.33333333333334,28.0,1.3333333333333333,1.0,2,0.1,1
ALL,ALL,ALL,Louisiana,140.68285714285713,108,477,133.0,4.808571428571429,5.0,8,0.0,0.0,194.20909090909092,182.0,209.18493150684932,188.0,257.0689655172414,321.0,0.7837837837837838,1.0,1,0.025714285714285714,1
0.5,0.01,0.5,North Carolina,140.7,131,144,144.0,5.2,4.5,13,0.0,0.0,192.2,193.0,240.8,238.0,236.0,181.0,1.3333333333333333,1.0,2,0.1,1
1.0,0.01,0.5,South Carolina,140.9,84,210,129.0,4.6,4.5,8,0.0,0.0,244.5,190.0,377.44444444444446,403.0,425.0,425.0,0.6666666666666666,1.0,1,0.1,1
1.0,0.01,2.0,Oregon,141.2,88,182,154.0,8.5,8.5,10,0.0,0.0,178.2,182.0,192.2,192.0,250.4,229.5,5.0,5.0,7,7.5,10
1.0,0.01,2.0,Massachusetts,141.4,105,205,144.0,6.3,6.0,7,0.0,0.0,191.8,205.0,227.1,251.5,179.8,251.0,1.9,2.0,4,0.1,1
1.0,0.05,2.0,Mississippi,141.4,71,265,155.0,8.6,9.0,11,0.1,1.0,195.0,190.5,239.6,265.0,238.0,218.0,1.0,1.0,2,1.5,3
0.5,0.01,0.5,Rhode Island,141.85714285714286,99,273,99.0,1.2857142857142858,1.0,2,0.0,0.0,225.0,225.0,,,,,0.0,0.0,0,0.0,0
2.0,0.01,0.5,North Carolina,141.9,134,203,134.0,17.4,16.5,21,0.0,0.0,154.8,144.0,184.7,185.0,205.3,194.0,3.5,3.5,6,0.6,1
2.0,0.05,1.0,New Jersey,142.1,90,178,140.5,7.5,7.0,9,0.0,0.0,166.7,176.0,208.1,225.0,254.7,186.0,2.0,2.0,4,0.0,0
2.0,0.01,1.0,Massachusetts,142.7,116,211,135.5,5.7,6.0,7,0.0,0.0,188.9,188.5,235.5,247.0,154.4,148.5,2.2,2.0,4,0.4,2
2.0,0.05,0.5,Louisiana,143.4,112,182,133.0,5.4,5.0,7,0.0,0.0,182.8,182.0,190.5,188.5,,,0.0,0.0,0,0.1,1
2.0,0.05,0.5,Delaware,143.7,61,303,133.0,3.0,3.0,3,0.0,0.0,246.1,255.5,322.5,346.0,491.0,491.0,1.0,1.0,1,0.0,0
2.0,0.01,2.0,Connecticut,143.8,88,288,140.0,7.0,7.0,8,0.1,1.0,212.1,173.0,265.3,295.0,287.6,231.5,4.2,4.0,9,0.3,1
2.0,0.01,0.5,Massachusetts,145.1,116,262,126.5,6.3,6.5,7,0.0,0.0,178.7,155.5,204.2,170.0,209.9,273.0,2.6,3.0,5,0.3,2
2.0,0.01,0.5,South Carolina,145.9,91,190,172.0,6.6,6.5,9,0.0,0.0,216.5,188.5,343.4,399.5,331.5,215.0,1.4444444444444444,1.0,3,0.9,2
1.0,0.05,1.0,Delaware,147.4,61,252,173.0,3.0,3.0,3,0.0,0.0,276.5,303.0,341.7,346.0,194.0,194.0,2.0,2.0,2,0.0,0
1.0,0.01,0.5,Oregon,147.5,88,182,159.5,7.9,8.0,10,0.0,0.0,172.1,168.0,190.5,192.0,206.55555555555554,221.0,2.3,2.0,6,5.9,8
2.0,0.05,2.0,Mississippi,147.7,71,265,158.0,10.7,11.0,12,0.0,0.0,179.6,173.0,223.7,208.0,226.875,218.0,1.8,2.0,4,2.2,3
1.0,0.01,1.0,North Carolina,147.8,134,232,139.0,13.5,14.5,16,0.0,0.0,176.5,162.0,217.3,220.0,277.44444444444446,326.0,1.7777777777777777,2.0,3,0.4,2
0.5,0.01,1.0,Connecticut,148.3,88,288,140.0,5.8,6.0,7,0.0,0.0,233.4,285.0,286.5,297.5,359.57142857142856,300.0,1.25,1.0,2,0.1,1
ALL,ALL,ALL,Delaware,148.4051724137931,50,418,61.0,2.7097701149425286,3.0,3,0.006191950464396285,1.0,226.74922600619195,208.0,305.30514705882354,346.0,328.46153846153845,339.0,0.5869565217391305,1.0,2,0.06609195402298851,1
2.0,0.01,2.0,Maine,149.3,67,267,84.0,6.2,6.0,7,0.2,1.0,277.7,275.5,301.2,302.0,564.0,564.0,0.5,0.5,1,0.6,2
2.0,0.01,0.5,Oregon,149.4,81,182,168.0,9.6,10.0,12,0.0,0.0,176.2,187.0,195.4,204.5,246.0,263.0,4.9,5.0,8,6.8,9
1.0,0.01,1.0,Massachusetts,150.1,102,262,121.0,6.0,6.0,7,0.0,0.0,193.9,160.5,248.3,247.0,265.1111111111111,280.0,2.2222222222222223,2.0,4,0.4,2
0.5,0.05,0.5,Louisiana,150.11111111111111,112,182,133.0,2.3333333333333335,2.0,4,0.0,0.0,192.71428571428572,182.0,204.25,188.0,116.0,116.0,1.0,1.0,1,0.0,0
0.5,0.01,1.0,Massachusetts,150.3,107,262,135.5,5.2,5.0,7,0.0,0.0,210.2,173.0,251.0,232.0,209.0,290.5,1.2857142857142858,1.0,3,0.1,1
2.0,0.01,0.5,Arkansas,151.0,45,169,162.0,8.0,8.0,10,0.0,0.0,204.5,216.5,267.3,276.5,130.3,122.5,5.4,5.0,10,1.2,2
0.5,0.01,2.0,Arkansas,152.5,45,177,162.0,5.9,6.0,7,0.0,0.0,219.7,226.0,292.6,298.0,101.8,43.5,4.1,4.0,7,0.8,2
2.0,0.01,0.5,New Hampshire,153.3,110,188,181.0,4.5,4.0,6,0.0,0.0,204.4,192.0,294.1,299.0,580.0,580.0,0.2,0.0,1,0.4,1
0.5,0.01,0.5,Oregon,153.4,88,182,168.0,4.4,4.0,6,0.0,0.0,178.2,182.0,205.5,192.5,219.25,221.0,1.5,1.5,3,4.3,6
0.5,0.05,0.5,Delaware,153.57142857142858,61,303,173.0,1.5714285714285714,2.0,2,0.0,0.0,197.0,208.0,,,,,0.0,0.0,0,0.0,0
1.0,0.05,1.0,Louisiana,153.8,133,206,160.0,4.3,5.0,5,0.0,0.0,177.77777777777777,182.0,189.77777777777777,188.0,,,0.0,0.0,0,0.2,1
0.5,0.05,1.0,Delaware,155.3,61,346,141.0,2.5,2.5,3,0.0,0.0,279.8,277.0,345.8,346.0,320.5,320.5,1.0,1.0,1,0.0,0
1.0,0.01,0.5,Tennessee,156.1,128,183,157.0,13.7,14.0,18,0.0,0.0,194.9,192.0,207.2,202.0,232.2,243.0,5.8,6.0,9,2.1,4
2.0,0.01,1.0,South Carolina,156.3,84,272,187.0,8.1,8.0,11,0.0,0.0,261.5,293.5,341.2,395.5,289.5,215.0,1.8,2.0,3,0.7,3
1.0,0.01,2.0,Alabama,157.7,89,275,89.0,9.8,9.5,14,0.0,0.0,278.4,275.0,303.9,311.5,402.3333333333333,407.0,1.6666666666666667,1.5,3,0.0,0
1.0,0.01,0.5,Connecticut,157.9,88,284,140.0,6.1,6.0,7,0.0,0.0,232.5,280.0,292.5,291.0,411.625,494.5,1.625,1.0,5,0.3,2
2.0,0.01,1.0,Tennessee,158.8,128,189,163.0,25.4,25.5,31,0.0,0.0,173.6,173.0,187.3,190.5,210.6,233.0,11.5,10.5,18,4.3,6
0.5,0.01,0.5,South Carolina,159.7,91,190,188.5,1.8,2.0,3,0.0,0.0,250.28571428571428,191.0,187.0,187.0,,,0.0,0.0,0,0.0,0
0.5,0.05,2.0,Delaware,160.0,61,303,174.5,3.0,3.0,3,0.0,0.0,267.0,303.0,339.7,346.0,142.0,142.0,1.0,1.0,1,0.0,0
1.0,0.01,1.0,Connecticut,160.7,88,287,140.0,6.4,6.5,7,0.1,1.0,226.2,233.5,275.0,289.5,322.0,291.5,3.7,3.0,6,0.4,1
0.5,0.01,1.0,Tennessee,160.7,128,210,165.0,10.3,10.0,18,0.0,0.0,190.2,179.0,205.3,194.0,249.1,244.0,4.4,4.5,7,1.1,3
1.0,0.01,1.0,Louisiana,160.8,108,206,160.0,2.0,2.0,3,0.0,0.0,222.75,182.0,199.0,199.0,321.0,321.0,1.0,1.0,1,0.1,1
0.5,0.01,2.0,Tennessee,162.0,128,207,157.0,20.2,20.0,25,0.1,1.0,182.7,176.0,196.6,195.5,253.6,249.0,7.8,8.0,11,3.4,9
1.0,0.01,2.0,Arkansas,163.5,162,177,162.0,8.5,8.5,11,0.0,0.0,216.8,226.0,252.7,253.0,135.3,109.0,6.1,5.5,9,1.6,3
1.0,0.01,2.0,Tennessee,164.5,144,179,163.0,22.9,22.5,31,0.0,0.0,177.8,173.0,198.3,197.0,190.9,205.5,10.6,11.0,15,4.3,8
1.0,0.01,0.5,Maine,164.7,67,273,152.5,5.8,6.0,7,0.1,1.0,266.2,275.5,319.0,311.0,564.0,564.0,0.8571428571428571,1.0,1,0.3,1
2.0,0.01,2.0,Tennessee,164.9,144,177,167.0,26.6,26.5,36,0.0,0.0,182.6,184.0,195.6,204.0,159.4,210.5,11.5,13.0,16,5.0,8
2.0,0.01,1.0,Louisiana,165.8,108,182,171.0,3.1,3.0,4,0.0,0.0,323.5,339.0,462.375,498.0,481.0,481.0,1.0,1.0,1,0.0,0
0.5,0.01,2.0,New Hampshire,166.6,110,181,181.0,4.0,4.0,5,0.0,0.0,227.66666666666666,215.0,279.1111111111111,241.0,,,0.0,0.0,0,0.1,1
1.0,0.01,2.0,Connecticut,167.2,88,295,140.0,7.0,7.0,8,0.1,1.0,251.9,285.5,301.1,300.0,318.4,363.0,4.8,5.0,7,0.5,1
1.0,0.05,0.5,Delaware,168.2,61,303,208.0,3.0,3.0,3,0.0,0.0,274.2,303.0,355.7,346.0,320.5,320.5,1.0,1.0,1,0.0,0
1.0,0.01,1.0,Tennessee,168.3,144,202,165.0,18.9,19.5,22,0.0,0.0,185.7,179.0,199.7,195.5,227.3,229.0,9.0,9.0,17,4.4,7
1.0,0.01,1.0,Maine,169.5,67,273,168.0,6.1,6.0,8,0.1,1.0,255.8,272.5,292.2,294.5,564.0,564.0,0.7142857142857143,1.0,1,0.3,1
0.5,0.01,1.0,Louisiana,169.71428571428572,160,206,160.0,1.7142857142857142,2.0,2,0.0,0.0,191.6,182.0,,,,,0.0,0.0,0,0.0,0
2.0,0.01,1.0,Arkansas,169.9,162,226,162.0,8.8,9.0,11,0.0,0.0,214.9,226.0,266.9,267.0,118.4,28.0,5.8,5.5,8,1.8,3
2.0,0.01,0.5,Tennessee,170.1,151,214,167.0,21.0,21.0,26,0.0,0.0,185.5,179.0,208.8,210.5,180.9,226.0,10.0,10.5,13,2.8,5
0.5,0.01,1.0,Arkansas,170.3,45,332,162.0,3.9,4.0,6,0.0,0.0,221.44444444444446,226.0,282.7142857142857,298.0,210.0,190.0,3.5,3.5,5,0.0,0
0.5,0.01,0.5,Tennessee,170.9,128,202,167.0,6.2,7.5,9,0.0,0.0,204.2,204.0,227.77777777777777,202.0,265.6,258.0,2.1,1.5,5,0.2,1
1.0,0.01,0.5,Arkansas,171.4,162,226,162.0,5.5,5.0,8,0.0,0.0,234.8,226.0,295.9,296.5,179.7,190.0,3.6,3.0,7,0.2,1
1.0,0.01,2.0,Louisiana,171.7,108,291,160.0,3.1,3.0,5,0.0,0.0,265.4,194.0,410.625,421.5,,,0.0,0.0,0,0.1,1
0.5,0.01,1.0,Maine,173.7,67,309,168.0,4.3,4.5,5,0.1,1.0,280.2,290.0,326.5,327.0,364.0,364.0,0.2,0.0,1,0.5,1
1.0,0.01,1.0,Rhode Island,174.0,99,273,162.0,1.25,1.0,2,0.0,0.0,431.5,431.5,,,,,0.0,0.0,0,0.0,0
1.0,0.01,0.5,New Hampshire,174.6,110,188,181.0,3.0,3.0,5,0.0,0.0,246.0,233.0,312.3333333333333,283.0,,,0.0,0.0,0,0.1,1
2.0,0.01,1.0,New Hampshire,176.0,110,202,181.0,3.7,3.5,6,0.0,0.0,252.6,255.0,347.0,283.0,,,0.0,0.0,0,0.6,1
2.0,0.01,2.0,Louisiana,176.2,108,320,160.0,2.7,2.5,4,0.0,0.0,302.1111111111111,206.0,348.0,262.0,28.0,28.0,1.0,1.0,1,0.0,0
2.0,0.01,2.0,New Hampshire,176.6,110,299,181.0,4.6,4.0,7,0.0,0.0,235.0,196.0,337.9,284.0,,,0.0,0.0,0,0.7,1
1.0,0.01,1.0,Arkansas,177.0,162,226,162.0,8.0,8.0,11,0.0,0.0,232.9,226.0,276.6,289.0,207.7,197.0,4.3,5.0,7,0.6,2
2.0,0.05,2.0,Delaware,180.5,61,303,208.0,3.0,3.0,3,0.0,0.0,277.6,303.0,340.1,346.0,,,0.0,0.0,0,0.0,0
0.5,0.01,0.5,Louisiana,182.0,182,182,182.0,1.1666666666666667,1.0,2,0.0,0.0,477.0,477.0,,,,,0.0,0.0,0,0.0,0
1.0,0.05,2.0,Delaware,182.3,61,303,206.5,3.0,3.0,3,0.0,0.0,284.1,303.0,346.0,346.0,339.0,339.0,1.0,1.0,1,0.0,0
0.5,0.01,0.5,Mississippi,183.0,158,208,183.0,1.5,1.5,2,0.0,0.0,265.0,265.0,,,,,0.0,0.0,0,0.0,0
2.0,0.01,1.0,Alabama,184.2,89,275,229.0,9.6,10.0,13,0.0,0.0,272.7,275.0,292.9,291.5,402.2,407.0,1.8,2.0,2,0.0,0
1.0,0.01,0.5,Alabama,185.1,89,275,215.5,5.8,5.0,9,0.0,0.0,289.6,275.0,294.8888888888889,276.0,411.1666666666667,407.0,1.1666666666666667,1.0,2,0.0,0
0.5,0.01,1.0,Alabama,186.9,71,275,215.5,4.8,4.5,8,0.0,0.0,288.1,276.5,323.77777777777777,322.0,395.0,395.0,2.0,2.0,2,0.0,0
2.0,0.01,1.0,Maine,189.0,67,267,220.0,5.9,6.0,7,0.1,1.0,274.3,278.0,298.8,302.0,564.0,564.0,0.8,1.0,1,0.3,1
2.0,0.01,2.0,Arkansas,189.1,162,226,169.5,8.3,9.0,10,0.0,0.0,235.5,241.5,261.0,267.0,129.4,109.0,5.1,5.0,7,1.5,3
2.0,0.01,2.0,Rhode Island,189.4,99,464,99.0,1.8,2.0,3,0.0,0.0,319.0,273.0,590.0,590.0,,,0.0,0.0,0,0.0,0
2.0,0.01,2.0,New Jersey,189.8,178,230,178.0,5.7,5.5,7,0.0,0.0,257.1,258.0,288.2,275.5,424.1,412.5,1.8,2.0,3,0.0,0
2.0,0.01,0.5,Maine,189.9,67,302,244.0,6.5,7.0,7,0.0,0.0,259.1,272.5,286.9,294.5,564.0,564.0,0.7142857142857143,1.0,1,0.2,1
1.0,0.01,1.0,New Hampshire,190.4,110,299,181.0,3.5,3.0,6,0.1,1.0,304.4,295.5,392.44444444444446,404.0,,,0.0,0.0,0,0.7,1
1.0,0.01,2.0,Maine,190.8,67,278,252.0,5.9,6.0,7,0.2,1.0,256.9,278.0,297.8,309.0,564.0,564.0,0.5714285714285714,1.0,1,0.6,1
1.0,0.01,1.0,South Carolina,193.8,84,403,187.0,7.0,8.0,8,0.0,0.0,275.6,272.0,371.8,399.0,440.22222222222223,585.0,1.2222222222222223,1.0,2,0.8,2
1.0,0.01,2.0,New Hampshire,195.7,181,299,181.0,4.0,4.0,6,0.0,0.0,228.11111111111111,225.0,324.55555555555554,299.0,,,0.0,0.0,0,0.5,1
0.5,0.01,0.5,Connecticut,199.1,88,338,159.5,3.4,3.5,6,0.0,0.0,256.75,300.0,263.0,315.0,246.75,197.0,2.0,1.5,4,0.0,0
0.5,0.01,1.0,New Jersey,203.8,177,258,178.0,5.2,5.0,7,0.0,0.0,259.6,258.0,291.0,266.0,328.5,333.5,1.1666666666666667,1.0,2,0.0,0
1.0,0.01,2.0,New Jersey,205.4,177,266,178.0,6.1,6.5,8,0.0,0.0,259.0,258.0,287.3,275.5,475.5,479.0,1.5,1.5,2,0.0,0
0.5,0.01,2.0,Alabama,208.8,89,299,239.0,8.1,8.5,10,0.0,0.0,285.9,276.0,311.6,310.5,416.25,407.0,1.0,1.0,1,0.0,0
0.5,0.01,2.0,Maine,209.7,67,278,267.0,6.3,6.0,7,0.0,0.0,259.5,278.0,299.7,305.5,564.0,564.0,0.6666666666666666,1.0,1,0.2,1
0.5,0.01,2.0,New Jersey,210.0,178,266,201.5,5.2,5.0,6,0.0,0.0,265.7,266.0,302.0,285.0,393.6,346.0,1.4,1.0,2,0.0,0
2.0,0.01,2.0,Alabama,210.4,71,277,257.0,8.5,9.0,12,0.0,0.0,259.7,275.5,296.1,303.0,417.0,407.0,1.6666666666666667,1.0,3,0.0,0
2.0,0.01,1.0,New Jersey,210.7,177,266,178.0,5.9,6.0,7,0.0,0.0,249.4,248.0,286.4,285.0,424.2,479.0,1.6,1.0,4,0.0,0
1.0,0.01,0.5,Louisiana,210.8,108,477,182.0,1.7,2.0,3,0.0,0.0,242.33333333333334,199.0,206.0,206.0,125.66666666666667,28.0,1.0,1.0,1,0.0,0
0.5,0.01,0.5,Maine,214.9,67,357,266.0,2.0,2.0,3,0.0,0.0,310.0,314.5,381.5,381.5,,,0.0,0.0,0,0.5,1
0.5,0.01,2.0,West Virginia,215.8,54,300,227.5,8.3,8.5,12,0.1,1.0,264.0,263.0,288.5,284.0,291.3,286.0,8.9,7.0,22,0.4,2
2.0,0.01,1.0,West Virginia,215.9,195,258,212.0,8.4,8.0,11,0.0,0.0,248.7,247.0,271.3,276.0,287.2,286.0,11.9,10.5,22,1.1,2
1.0,0.01,1.0,West Virginia,218.2,54,300,236.0,8.8,8.5,12,0.0,0.0,259.4,255.5,282.8,276.0,280.7,280.0,9.7,8.5,17,0.1,1
2.0,0.01,0.5,Rhode Island,218.33333333333334,99,273,225.0,1.5555555555555556,1.0,3,0.0,0.0,257.0,273.0,386.5,386.5,,,0.0,0.0,0,0.0,0
2.0,0.01,1.0,Rhode Island,218.77777777777777,99,464,99.0,1.1111111111111112,1.0,2,0.0,0.0,225.0,225.0,,,,,0.0,0.0,0,0.0,0
2.0,0.01,0.5,Alabama,219.5,89,276,239.0,8.4,9.0,11,0.0,0.0,288.7,275.5,314.5,316.0,419.3333333333333,407.0,1.0,1.0,1,0.0,0
2.0,0.01,0.5,New Jersey,226.8,177,320,218.0,5.5,6.0,7,0.0,0.0,274.1,262.0,321.4,301.0,456.7142857142857,436.0,1.7142857142857142,2.0,3,0.0,0
0.5,0.01,1.0,West Virginia,227.1,184,276,226.0,6.7,7.0,9,0.0,0.0,262.4,264.5,283.8,281.0,288.2,281.0,6.1,6.5,16,0.1,1
2.0,0.01,0.5,Louisiana,229.2,108,477,176.0,2.7,2.5,5,0.0,0.0,367.1111111111111,369.0,464.8,547.0,,,0.0,0.0,0,0.0,0
1.0,0.01,1.0,New Jersey,229.2,178,266,244.0,5.9,6.0,8,0.0,0.0,280.3,285.0,327.1,329.0,365.125,346.0,1.5,1.5,2,0.0,0
0.5,0.01,1.0,New Hampshire,230.6,110,344,254.5,2.1,2.0,3,0.0,0.0,341.25,354.0,392.0,404.0,,,0.0,0.0,0,0.1,1
1.0,0.01,1.0,Alabama,230.8,89,275,239.0,8.0,8.0,10,0.0,0.0,277.7,275.0,299.0,299.0,428.5,444.0,1.1666666666666667,1.0,2,0.0,0
1.0,0.01,2.0,West Virginia,232.3,191,321,216.0,9.3,9.0,13,0.0,0.0,256.0,248.5,275.7,276.0,293.1,286.0,10.2,8.0,22,0.7,2
1.0,0.01,0.5,New Jersey,232.6,178,366,227.5,4.9,5.0,6,0.0,0.0,283.3,275.5,345.4,357.0,386.1666666666667,388.0,1.0,1.0,1,0.0,0
0.5,0.01,0.5,Alabama,234.625,89,355,272.5,2.25,2.0,4,0.0,0.0,364.0,403.0,379.0,379.0,,,0.0,0.0,0,0.0,0
2.0,0.01,0.5,West Virginia,235.1,199,268,239.0,9.6,9.5,11,0.1,1.0,257.5,263.0,281.0,283.0,293.2,291.0,7.3,9.0,11,0.7,2
2.0,0.01,2.0,West Virginia,235.4,191,332,237.5,8.9,9.0,11,0.0,0.0,263.7,254.5,292.4,276.0,286.9,281.0,12.4,12.0,22,1.3,2
1.0,0.01,0.5,West Virginia,238.0,208,276,239.0,6.6,6.5,9,0.0,0.0,273.6,263.0,297.4,291.5,293.1,291.5,6.6,5.0,21,0.3,2
0.5,0.01,0.5,West Virginia,238.3,195,309,227.5,3.5,3.0,6,0.1,1.0,293.7,300.0,317.75,307.0,313.42857142857144,310.0,4.0,5.0,6,0.3,1
0.5,0.01,2.0,Louisiana,240.75,128,477,171.0,2.125,2.0,4,0.0,0.0,274.1666666666667,232.5,234.0,234.0,,,0.0,0.0,0,0.0,0
0.5,0.01,0.5,Arkansas,243.85714285714286,162,332,257.0,2.0,2.0,3,0.0,0.0,336.2,335.0,378.5,378.5,184.25,201.0,1.75,1.5,3,0.14285714285714285,1
0.5,0.01,0.5,New Hampshire,244.75,110,299,262.0,1.25,1.0,2,0.0,0.0,351.5,351.5,,,,,0.0,0.0,0,0.0,0
0.5,0.01,0.5,New Jersey,252.3,177,380,258.0,2.9,3.0,5,0.0,0.0,282.625,266.0,317.6,285.0,298.0,330.0,1.0,1.0,1,0.0,0
1.0,0.01,0.5,Mississippi,253.8,76,520,236.5,1.9,2.0,3,0.0,0.0,312.3333333333333,300.0,318.0,335.0,,,0.0,0.0,0,0.0,0
1.0,0.01,2.0,Mississippi,257.4,158,388,265.0,4.1,4.0,5,0.0,0.0,337.5,335.0,418.7,388.0,223.0,223.0,0.5,0.5,1,0.2,1
2.0,0.01,2.0,Mississippi,258.2,76,388,265.0,4.6,4.5,6,0.0,0.0,360.6,363.0,418.9,388.0,441.0,583.0,1.0,1.0,2,0.3,1
2.0,0.01,1.0,Mississippi,258.3,76,388,265.0,3.8,4.0,6,0.0,0.0,341.44444444444446,363.0,381.375,380.5,348.0,348.0,0.5,0.5,1,0.1,1
0.5,0.01,1.0,Mississippi,265.0,265,265,265.0,1.4285714285714286,1.0,2,0.0,0.0,335.0,335.0,,,348.0,348.0,1.0,1.0,1,0.0,0
0.5,0.01,2.0,Mississippi,271.1111111111111,140,363,265.0,1.2222222222222223,1.0,2,0.5,1.0,300.0,300.0,,,283.0,283.0,1.5,1.5,2,0.1111111111111111,1
2.0,0.01,0.5,Mississippi,272.1,76,388,300.0,3.5,3.5,5,0.0,0.0,376.7,375.5,426.0,388.0,348.0,348.0,0.5,0.5,1,0.2,1
1.0,0.01,0.5,Delaware,313.9,303,346,303.0,2.6,3.0,3,0.0,0.0,369.3333333333333,346.0,399.14285714285717,380.0,507.0,507.0,1.0,1.0,1,0.1,1
2.0,0.01,0.5,Delaware,314.4,303,374,303.0,2.3,2.0,3,0.0,0.0,360.77777777777777,367.0,406.25,423.5,339.0,339.0,0.2,0.0,1,0.5,1
0.5,0.01,2.0,Delaware,318.7,303,374,303.0,2.5,3.0,3,0.0,0.0,352.1111111111111,346.0,369.3333333333333,374.0,339.0,339.0,0.3333333333333333,0.0,1,0.2,1
0.5,0.01,1.0,Delaware,318.8,303,418,303.0,2.1,2.0,3,0.0,0.0,360.375,346.0,404.6666666666667,404.0,491.0,491.0,0.5,0.5,1,0.1,1
2.0,0.01,1.0,Delaware,322.9,303,367,326.0,2.4,2.0,3,0.1,1.0,354.3,346.0,423.25,426.0,339.0,339.0,0.625,1.0,1,0.4,1
0.5,0.01,0.5,Delaware,324.5,303,346,324.5,2.0,2.0,2,0.0,0.0,404.0,404.0,,,,,0.0,0.0,0,0.0,0
1.0,0.01,1.0,Delaware,326.8,208,415,324.5,2.0,2.0,3,0.0,0.0,361.2857142857143,346.0,394.0,404.0,,,0.0,0.0,0,0.3,1
1.0,0.01,2.0,Delaware,328.3,303,376,314.5,2.1,2.0,3,0.0,0.0,378.75,378.5,390.3333333333333,372.0,,,0.0,0.0,0,0.3,1
2.0,0.01,2.0,Delaware,333.2,303,404,303.0,2.3,2.0,3,0.1111111111111111,1.0,393.55555555555554,404.0,395.5,397.0,,,0.0,0.0,0,0.4,1
1.0,0.01,1.0,Mississippi,353.3333333333333,208,520,363.0,2.3333333333333335,3.0,4,0.0,0.0,426.1666666666667,454.0,497.8,523.0,348.0,348.0,1.0,1.0,1,0.0,0
