alpha,beta,gamma,state,mean_first_intro_day,earliest_first_intro_day,latest_first_intro_day,median_first_intro_day,mean_intro_count,median_intro_count,max_intro_count,mean_cumu_before_second_intro,max_cumu_before_second_intro,mean_intro_day_2,median_intro_day_2,mean_intro_day_3,median_intro_day_3,mean_first_export_day,median_first_export_day,mean_export_count,median_export_count,max_export_count,mean_total_cumu_cases,max_total_cumu_cases
0.5,0.01,0.5,Texas,28.0,28,28,28.0,21.9,21.5,27,0.0,0.0,28.0,28.0,28.0,28.0,31.6,32.0,40.2,40.0,46,20.6,27
0.5,0.01,1.0,Texas,28.0,28,28,28.0,26.8,27.0,35,0.0,0.0,28.0,28.0,28.0,28.0,31.7,32.0,53.3,52.0,62,28.2,33
0.5,0.1,0.5,Texas,28.0,28,28,28.0,38.7,39.0,42,0.0,0.0,28.0,28.0,28.0,28.0,31.0,31.0,64.2,64.5,71,28.6,31
0.5,0.05,0.5,Texas,28.0,28,28,28.0,33.6,33.5,38,0.0,0.0,28.0,28.0,28.0,28.0,31.2,31.0,61.2,63.0,67,29.9,36
0.5,0.25,0.5,Texas,28.0,28,28,28.0,40.2,41.0,43,0.0,0.0,28.0,28.0,28.0,28.0,31.0,31.0,68.2,68.5,71,31.4,36
1.0,0.01,0.5,Texas,28.0,28,28,28.0,26.5,26.5,30,0.0,0.0,28.0,28.0,28.0,28.0,31.6,32.0,61.9,59.5,76,36.0,40
0.5,0.25,1.0,Texas,28.0,28,28,28.0,50.2,49.0,53,0.0,0.0,28.0,28.0,28.0,28.0,31.0,31.0,83.1,82.5,89,36.1,39
0.5,0.1,1.0,Texas,28.0,28,28,28.0,45.3,45.5,49,0.0,0.0,28.0,28.0,28.0,28.0,31.0,31.0,80.9,82.0,85,37.7,40
0.5,0.05,1.0,Texas,28.0,28,28,28.0,40.9,39.0,48,0.0,0.0,28.0,28.0,28.0,28.0,31.0,31.0,71.9,71.0,78,37.9,42
0.5,0.01,2.0,Texas,28.0,28,28,28.0,32.1,32.0,36,0.0,0.0,28.0,28.0,28.0,28.0,31.4,31.0,66.9,67.5,72,38.0,43
1.0,0.25,0.5,Texas,28.0,28,28,28.0,52.2,52.5,55,0.0,0.0,28.0,28.0,28.0,28.0,31.0,31.0,89.6,90.0,95,38.3,41
1.0,0.1,0.5,Texas,28.0,28,28,28.0,48.3,49.0,52,0.0,0.0,28.0,28.0,28.0,28.0,31.0,31.0,86.1,87.0,92,38.7,42
1.0,0.05,0.5,Texas,28.0,28,28,28.0,44.8,45.0,52,0.0,0.0,28.0,28.0,28.0,28.0,31.0,31.0,79.8,80.0,89,39.9,47
0.5,0.25,2.0,Texas,28.0,28,28,28.0,54.5,54.0,57,0.0,0.0,28.0,28.0,28.0,28.0,31.0,31.0,88.8,88.0,93,40.2,42
1.0,0.01,1.0,Texas,28.0,28,28,28.0,34.5,34.5,39,0.0,0.0,28.0,28.0,28.0,28.0,31.6,32.0,72.7,74.0,77,40.5,47
ALL,ALL,ALL,Texas,28.0,28,28,28.0,44.422222222222224,47.5,58,0.0,0.0,28.0,28.0,28.0,28.0,31.141666666666666,31.0,89.82777777777778,91.0,123,41.125,54
1.0,0.25,1.0,Texas,28.0,28,28,28.0,54.8,55.5,57,0.0,0.0,28.0,28.0,28.0,28.0,31.0,31.0,99.1,99.5,103,41.9,46
0.5,0.1,2.0,Texas,28.0,28,28,28.0,50.2,50.5,54,0.0,0.0,28.0,28.0,28.0,28.0,31.0,31.0,88.5,89.0,95,42.6,48
1.0,0.05,1.0,Texas,28.0,28,28,28.0,47.7,48.0,52,0.0,0.0,28.0,28.0,28.0,28.0,31.0,31.0,97.1,97.0,107,43.0,47
0.5,0.05,2.0,Texas,28.0,28,28,28.0,45.4,45.5,50,0.0,0.0,28.0,28.0,28.0,28.0,31.0,31.0,84.5,85.0,92,43.2,46
2.0,0.25,2.0,Texas,28.0,28,28,28.0,55.2,55.0,58,0.0,0.0,28.0,28.0,28.0,28.0,31.0,31.0,113.7,112.5,119,44.0,47
1.0,0.1,1.0,Texas,28.0,28,28,28.0,50.8,51.0,54,0.0,0.0,28.0,28.0,28.0,28.0,31.0,31.0,96.7,97.0,102,44.2,47
2.0,0.1,1.0,Texas,28.0,28,28,28.0,52.5,52.5,56,0.0,0.0,28.0,28.0,28.0,28.0,31.0,31.0,113.6,113.0,123,44.7,48
2.0,0.1,2.0,Texas,28.0,28,28,28.0,52.9,53.0,56,0.0,0.0,28.0,28.0,28.0,28.0,31.0,31.0,115.7,116.0,121,44.8,48
2.0,0.25,0.5,Texas,28.0,28,28,28.0,54.2,55.0,57,0.0,0.0,28.0,28.0,28.0,28.0,31.0,31.0,107.7,107.5,115,45.1,48
1.0,0.25,2.0,Texas,28.0,28,28,28.0,53.8,53.0,57,0.0,0.0,28.0,28.0,28.0,28.0,31.0,31.0,109.0,108.5,116,45.6,48
2.0,0.1,0.5,Texas,28.0,28,28,28.0,51.9,52.0,54,0.0,0.0,28.0,28.0,28.0,28.0,31.0,31.0,108.6,109.0,118,45.9,49
2.0,0.25,1.0,Texas,28.0,28,28,28.0,54.2,53.5,57,0.0,0.0,28.0,28.0,28.0,28.0,31.0,31.0,111.6,113.0,116,46.0,49
2.0,0.05,0.5,Texas,28.0,28,28,28.0,49.4,50.0,57,0.0,0.0,28.0,28.0,28.0,28.0,31.0,31.0,106.3,107.0,117,46.3,52
1.0,0.1,2.0,Texas,28.0,28,28,28.0,50.7,51.0,55,0.0,0.0,28.0,28.0,28.0,28.0,31.0,31.0,109.8,110.0,116,46.4,51
2.0,0.05,2.0,Texas,28.0,28,28,28.0,49.2,49.0,56,0.0,0.0,28.0,28.0,28.0,28.0,31.0,31.0,112.7,111.0,120,46.7,50
2.0,0.01,0.5,Texas,28.0,28,28,28.0,33.9,34.5,38,0.0,0.0,28.0,28.0,28.0,28.0,31.6,32.0,89.4,90.0,95,47.2,53
2.0,0.01,2.0,Texas,28.0,28,28,28.0,38.4,37.5,46,0.0,0.0,28.0,28.0,28.0,28.0,31.2,31.0,104.7,104.5,117,47.3,53
2.0,0.05,1.0,Texas,28.0,28,28,28.0,48.7,49.0,53,0.0,0.0,28.0,28.0,28.0,28.0,31.0,31.0,113.0,112.5,121,47.5,54
1.0,0.01,2.0,Texas,28.0,28,28,28.0,33.7,33.0,44,0.0,0.0,28.0,28.0,28.0,28.0,31.6,32.0,88.6,89.0,99,47.8,53
1.0,0.05,2.0,Texas,28.0,28,28,28.0,47.5,47.5,51,0.0,0.0,28.0,28.0,28.0,28.0,31.0,31.0,105.1,106.5,112,48.7,52
2.0,0.01,1.0,Texas,28.0,28,28,28.0,33.6,33.5,38,0.0,0.0,28.0,28.0,28.0,28.0,31.6,32.0,89.6,88.0,105,49.6,54
0.5,0.1,0.5,Kansas,31.0,31,31,31.0,37.8,37.5,41,0.0,0.0,32.0,32.0,32.0,32.0,28.0,28.0,16.7,16.5,20,18.3,21
0.5,0.05,1.0,Kansas,31.0,31,31,31.0,40.0,40.0,44,0.0,0.0,32.0,32.0,32.0,32.0,28.0,28.0,24.9,25.0,29,18.8,22
0.5,0.25,0.5,Kansas,31.0,31,31,31.0,38.9,39.0,40,0.0,0.0,32.0,32.0,32.0,32.0,28.0,28.0,17.8,18.5,20,20.3,22
1.0,0.05,0.5,Kansas,31.0,31,31,31.0,40.7,40.0,44,0.0,0.0,32.0,32.0,32.0,32.0,28.0,28.0,27.8,27.5,31,20.4,22
0.5,0.25,1.0,Kansas,31.0,31,31,31.0,45.4,46.0,48,0.0,0.0,32.0,32.0,32.0,32.0,28.0,28.0,23.0,23.0,27,21.3,23
0.5,0.1,1.0,Kansas,31.0,31,31,31.0,41.9,42.0,46,0.0,0.0,32.0,32.0,32.0,32.0,28.0,28.0,23.6,23.0,28,21.9,24
1.0,0.05,1.0,Kansas,31.0,31,31,31.0,44.8,46.0,48,0.0,0.0,32.0,32.0,32.0,32.0,28.0,28.0,34.8,35.0,39,22.1,24
1.0,0.1,0.5,Kansas,31.0,31,31,31.0,41.9,42.0,45,0.0,0.0,32.0,32.0,32.0,32.0,28.0,28.0,25.1,24.5,30,22.2,25
0.5,0.05,2.0,Kansas,31.0,31,31,31.0,43.8,44.5,47,0.0,0.0,32.0,32.0,32.0,32.0,28.0,28.0,29.8,29.5,36,23.1,25
1.0,0.05,2.0,Kansas,31.0,31,31,31.0,46.9,46.5,51,0.0,0.0,32.0,32.0,32.0,32.0,28.0,28.0,37.0,36.0,45,23.2,28
1.0,0.25,0.5,Kansas,31.0,31,31,31.0,44.5,44.5,48,0.0,0.0,32.0,32.0,32.0,32.0,28.0,28.0,24.2,23.5,27,23.3,25
0.5,0.1,2.0,Kansas,31.0,31,31,31.0,45.7,46.0,49,0.0,0.0,32.0,32.0,32.0,32.0,28.0,28.0,29.6,29.5,32,24.0,27
1.0,0.1,2.0,Kansas,31.0,31,31,31.0,48.5,48.5,51,0.0,0.0,32.0,32.0,32.0,32.0,28.0,28.0,39.0,40.0,41,24.7,26
0.5,0.25,2.0,Kansas,31.0,31,31,31.0,47.0,47.0,49,0.0,0.0,32.0,32.0,32.0,32.0,28.0,28.0,25.4,25.0,30,25.0,27
1.0,0.1,1.0,Kansas,31.0,31,31,31.0,46.2,46.5,51,0.0,0.0,32.0,32.0,32.0,32.0,28.0,28.0,32.7,33.0,37,25.0,29
1.0,0.25,2.0,Kansas,31.0,31,31,31.0,50.0,50.0,51,0.0,0.0,32.0,32.0,32.0,32.0,28.0,28.0,38.0,39.0,42,25.7,28
1.0,0.25,1.0,Kansas,31.0,31,31,31.0,46.8,47.0,49,0.0,0.0,32.0,32.0,32.0,32.0,28.0,28.0,28.9,29.0,31,25.9,28
2.0,0.1,0.5,Kansas,31.0,31,31,31.0,46.2,46.5,49,0.0,0.0,32.0,32.0,32.0,32.0,28.0,28.0,40.8,41.0,45,26.4,29
2.0,0.25,0.5,Kansas,31.0,31,31,31.0,47.9,47.5,50,0.0,0.0,32.0,32.0,32.0,32.0,28.0,28.0,39.3,38.0,45,26.9,29
2.0,0.1,1.0,Kansas,31.0,31,31,31.0,47.9,48.5,53,0.0,0.0,32.0,32.0,32.0,32.0,28.0,28.0,43.9,45.0,48,27.3,32
2.0,0.25,1.0,Kansas,31.0,31,31,31.0,49.2,49.0,54,0.0,0.0,32.0,32.0,32.0,32.0,28.0,28.0,41.1,40.0,48,27.5,30
2.0,0.05,1.0,Kansas,31.0,31,31,31.0,45.9,46.0,52,0.0,0.0,32.0,32.0,32.0,32.0,28.0,28.0,45.1,46.5,52,27.5,30
2.0,0.1,2.0,Kansas,31.0,31,31,31.0,48.0,49.0,50,0.0,0.0,32.0,32.0,32.0,32.0,28.0,28.0,48.8,47.0,54,27.5,30
2.0,0.05,0.5,Kansas,31.0,31,31,31.0,42.6,43.5,45,0.0,0.0,32.0,32.0,32.0,32.0,28.0,28.0,40.0,41.0,43,27.6,32
2.0,0.25,2.0,Kansas,31.0,31,31,31.0,49.5,50.0,52,0.0,0.0,32.0,32.0,32.0,32.0,28.0,28.0,45.7,45.0,51,27.8,30
2.0,0.05,2.0,Kansas,31.0,31,31,31.0,44.9,45.0,46,0.0,0.0,32.0,32.0,32.0,32.0,28.0,28.0,49.7,49.5,57,28.3,31
ALL,ALL,ALL,Kansas,31.141666666666666,31,32,31.0,42.00833333333333,44.0,54,0.15,4.0,33.03333333333333,32.0,35.13333333333333,32.0,28.15,28.0,31.625,30.0,57,22.363888888888887,32
0.5,0.05,0.5,Kansas,31.2,31,32,31.0,33.0,33.0,37,0.0,0.0,32.0,32.0,34.4,32.0,28.0,28.0,16.8,17.0,21,19.1,22
2.0,0.01,2.0,Kansas,31.2,31,32,31.0,39.6,41.5,43,0.2,2.0,33.2,32.0,40.1,38.0,28.0,28.0,42.6,43.5,54,21.7,27
0.5,0.25,2.0,Florida,31.2,31,32,31.0,9.4,9.0,13,0.0,0.0,35.7,32.0,52.4,54.0,28.0,28.0,41.6,41.5,45,25.6,27
1.0,0.25,1.0,Florida,31.3,31,32,31.0,9.3,9.0,13,0.0,0.0,36.3,32.0,51.7,50.0,28.0,28.0,42.4,41.5,48,25.7,27
0.5,0.01,2.0,Kansas,31.4,31,32,31.0,32.9,33.0,39,0.4,4.0,34.7,32.0,41.8,38.0,29.8,28.0,23.5,23.5,28,16.9,20
1.0,0.25,0.5,Florida,31.4,31,32,31.0,9.9,8.5,13,0.2,1.0,39.2,32.0,53.1,54.0,28.0,28.0,32.8,32.5,37,24.1,26
2.0,0.25,1.0,Florida,31.4,31,32,31.0,10.3,9.5,13,0.0,0.0,38.5,32.0,49.7,50.0,28.0,28.0,52.4,52.5,56,25.6,28
1.0,0.25,2.0,Florida,31.4,31,32,31.0,9.8,10.0,12,0.0,0.0,38.2,32.0,49.3,50.0,28.0,28.0,52.9,52.5,57,26.2,28
0.5,0.25,0.5,Florida,31.5,31,32,31.5,10.4,10.0,13,0.1,1.0,40.9,40.5,51.4,51.0,28.0,28.0,25.8,25.5,28,22.7,26
2.0,0.25,0.5,Florida,31.5,31,32,31.5,10.8,10.5,14,0.0,0.0,40.8,40.5,51.9,51.5,28.0,28.0,46.7,47.0,51,24.2,27
2.0,0.25,2.0,Florida,31.5,31,32,31.5,10.2,9.0,14,0.0,0.0,40.5,38.0,52.6,51.5,28.0,28.0,52.6,53.5,57,25.9,29
0.5,0.01,0.5,Kansas,31.6,31,32,32.0,18.3,18.0,22,1.4,4.0,41.2,32.0,48.0,51.0,28.9,28.0,11.8,10.5,24,10.8,18
1.0,0.01,0.5,Kansas,31.6,31,32,32.0,30.3,30.5,37,0.7,3.0,37.1,32.0,45.6,44.0,28.9,28.0,23.2,22.5,32,14.6,20
1.0,0.01,1.0,Kansas,31.6,31,32,32.0,36.9,37.5,42,0.4,4.0,34.6,32.0,44.5,44.0,28.0,28.0,25.2,25.0,30,16.7,20
1.0,0.01,2.0,Kansas,31.6,31,32,32.0,40.9,40.0,47,0.0,0.0,32.0,32.0,41.0,44.0,28.9,28.0,35.1,35.0,45,18.7,23
2.0,0.01,0.5,Kansas,31.6,31,32,32.0,38.4,38.0,43,0.9,3.0,38.5,32.0,47.7,47.5,28.0,28.0,31.1,31.0,36,19.4,24
0.5,0.25,1.0,Florida,31.6,31,32,32.0,11.8,12.0,14,0.0,0.0,42.2,46.5,51.2,51.5,28.0,28.0,31.2,31.0,34,21.9,26
2.0,0.01,1.0,Kansas,31.6,31,32,32.0,39.7,40.5,46,0.9,4.0,38.1,32.0,45.1,44.0,28.0,28.0,38.6,39.0,45,22.1,29
2.0,0.1,1.0,Florida,31.6,31,32,32.0,9.7,9.5,14,0.0,0.0,41.1,44.0,56.5,57.0,28.0,28.0,53.6,53.5,61,26.1,29
0.5,0.01,1.0,Kansas,31.7,31,32,32.0,29.4,29.0,36,0.5,3.0,35.8,32.0,44.6,44.0,28.9,28.0,17.9,19.5,22,13.1,16
1.0,0.1,0.5,Florida,31.7,31,32,32.0,11.2,11.5,17,0.0,0.0,46.5,51.0,57.0,57.0,28.0,28.0,32.7,32.5,36,22.9,26
0.5,0.1,0.5,Florida,31.8,31,32,32.0,10.3,10.0,14,1.5,14.0,47.8,49.5,56.6,57.0,28.0,28.0,23.1,22.5,27,21.9,26
1.0,0.1,1.0,Florida,31.8,31,32,32.0,11.3,11.5,15,0.1,1.0,46.1,49.5,55.9,57.0,28.0,28.0,41.9,42.0,48,23.6,27
2.0,0.1,0.5,Florida,31.8,31,32,32.0,11.2,11.5,13,0.0,0.0,47.7,51.0,55.9,57.0,28.0,28.0,44.2,43.5,51,23.8,27
1.0,0.1,2.0,Florida,31.8,31,32,32.0,11.3,11.5,15,0.1,1.0,46.4,51.0,54.6,57.0,28.0,28.0,49.1,49.0,56,24.4,27
2.0,0.1,2.0,Florida,31.8,31,32,32.0,10.8,11.5,13,0.1,1.0,48.3,51.0,55.6,57.0,28.0,28.0,51.0,50.0,57,25.0,28
0.5,0.1,1.0,Florida,31.9,31,32,32.0,12.1,12.5,14,1.5,13.0,51.3,51.0,53.8,52.0,28.0,28.0,30.0,29.5,34,20.9,25
0.5,0.1,2.0,Florida,31.9,31,32,32.0,12.6,12.5,16,0.0,0.0,50.4,51.0,56.2,57.0,28.0,28.0,38.9,39.0,42,22.3,27
1.0,0.05,1.0,Florida,31.9,31,32,32.0,11.5,12.0,14,0.0,0.0,51.5,51.0,57.4,57.0,28.0,28.0,38.8,39.0,42,23.0,26
1.0,0.25,0.5,New Mexico,32.0,32,32,32.0,12.7,13.0,13,0.0,0.0,38.0,38.0,40.0,40.0,28.0,28.0,17.5,18.0,19,2.1,3
0.5,0.25,0.5,New Mexico,32.0,32,32,32.0,12.0,12.0,13,0.0,0.0,38.0,38.0,40.0,40.0,28.0,28.0,16.4,16.5,18,2.1,3
0.5,0.1,0.5,New Mexico,32.0,32,32,32.0,11.2,11.0,12,0.0,0.0,38.0,38.0,40.2,40.0,28.0,28.0,16.4,16.5,19,2.1,3
0.5,0.25,1.0,New Mexico,32.0,32,32,32.0,12.6,13.0,13,0.0,0.0,38.0,38.0,40.0,40.0,28.0,28.0,14.2,14.0,16,2.3,3
1.0,0.25,2.0,New Mexico,32.0,32,32,32.0,12.7,13.0,13,0.0,0.0,38.0,38.0,40.0,40.0,28.0,28.0,18.1,18.0,21,2.3,3
2.0,0.1,2.0,New Mexico,32.0,32,32,32.0,12.7,13.0,13,0.0,0.0,38.2,38.0,40.2,40.0,28.0,28.0,17.2,16.5,21,2.3,3
0.5,0.1,2.0,New Mexico,32.0,32,32,32.0,12.5,13.0,13,0.0,0.0,38.0,38.0,40.1,40.0,28.0,28.0,17.2,17.5,20,2.3,3
2.0,0.25,1.0,New Mexico,32.0,32,32,32.0,12.6,13.0,13,0.0,0.0,38.0,38.0,40.0,40.0,28.0,28.0,18.1,18.5,20,2.4,4
1.0,0.25,1.0,New Mexico,32.0,32,32,32.0,12.6,13.0,13,0.0,0.0,38.0,38.0,40.1,40.0,28.0,28.0,16.5,17.5,19,2.4,3
2.0,0.25,0.5,New Mexico,32.0,32,32,32.0,12.6,13.0,13,0.0,0.0,38.0,38.0,40.0,40.0,28.0,28.0,17.9,18.0,20,2.4,4
2.0,0.1,1.0,New Mexico,32.0,32,32,32.0,12.6,13.0,13,0.0,0.0,38.2,38.0,40.1,40.0,28.0,28.0,16.9,17.0,18,2.4,3
0.5,0.1,1.0,New Mexico,32.0,32,32,32.0,12.0,12.0,13,0.0,0.0,38.0,38.0,40.0,40.0,28.0,28.0,15.9,16.0,19,2.4,4
2.0,0.1,0.5,New Mexico,32.0,32,32,32.0,12.5,13.0,13,0.0,0.0,38.4,38.0,40.4,40.0,28.0,28.0,17.8,17.5,21,2.4,4
2.0,0.25,2.0,New Mexico,32.0,32,32,32.0,12.5,12.5,13,0.0,0.0,38.0,38.0,40.0,40.0,28.0,28.0,17.4,17.0,21,2.5,3
1.0,0.1,2.0,New Mexico,32.0,32,32,32.0,12.5,12.5,13,0.0,0.0,38.0,38.0,40.0,40.0,28.0,28.0,17.4,18.0,21,2.5,3
0.5,0.25,2.0,New Mexico,32.0,32,32,32.0,12.3,12.5,13,0.0,0.0,38.0,38.0,40.0,40.0,28.0,28.0,17.7,18.0,20,2.6,4
1.0,0.1,1.0,New Mexico,32.0,32,32,32.0,12.4,12.5,13,0.0,0.0,38.4,38.0,41.0,41.0,28.0,28.0,16.2,16.0,19,2.6,4
1.0,0.05,2.0,New Mexico,32.0,32,32,32.0,11.7,12.0,13,0.0,0.0,38.8,38.0,40.4,40.0,28.0,28.0,18.0,18.0,22,3.2,4
0.5,0.1,0.5,Ohio,32.0,32,32,32.0,44.2,45.5,49,0.0,0.0,35.0,35.0,38.0,35.0,30.8,28.0,25.5,26.0,29,18.4,23
0.5,0.25,0.5,Ohio,32.0,32,32,32.0,49.7,50.5,52,0.0,0.0,35.0,35.0,35.0,35.0,29.4,28.0,31.5,32.0,36,18.8,22
1.0,0.25,0.5,Ohio,32.0,32,32,32.0,53.5,54.5,56,0.0,0.0,35.0,35.0,36.0,35.0,31.1,28.0,32.0,31.5,40,19.1,24
0.5,0.25,1.0,Ohio,32.0,32,32,32.0,51.1,50.5,55,0.0,0.0,35.0,35.0,35.0,35.0,29.8,28.0,32.0,31.0,39,19.7,23
1.0,0.25,1.0,Ohio,32.0,32,32,32.0,54.5,54.5,58,0.0,0.0,35.0,35.0,35.0,35.0,29.4,28.0,35.1,35.0,42,21.3,24
0.5,0.25,2.0,Ohio,32.0,32,32,32.0,54.1,54.0,57,0.0,0.0,35.0,35.0,35.0,35.0,32.2,28.0,35.8,35.5,43,21.7,24
2.0,0.25,0.5,Ohio,32.0,32,32,32.0,55.4,54.5,58,0.0,0.0,35.0,35.0,35.0,35.0,28.0,28.0,35.8,35.5,41,21.7,24
1.0,0.25,2.0,Ohio,32.0,32,32,32.0,55.8,55.5,61,0.0,0.0,35.0,35.0,35.0,35.0,29.4,28.0,37.4,37.5,42,21.8,25
2.0,0.25,1.0,Ohio,32.0,32,32,32.0,55.5,56.0,61,0.0,0.0,35.0,35.0,35.0,35.0,28.0,28.0,37.6,38.0,42,21.8,26
2.0,0.1,0.5,Ohio,32.0,32,32,32.0,53.2,53.5,55,0.0,0.0,35.0,35.0,38.0,35.0,37.2,42.0,30.3,30.0,34,22.0,25
2.0,0.25,2.0,Ohio,32.0,32,32,32.0,55.5,56.0,58,0.0,0.0,35.0,35.0,35.0,35.0,29.4,28.0,39.2,39.5,44,22.2,25
1.0,0.1,0.5,Ohio,32.3,32,35,32.0,50.6,50.5,54,0.0,0.0,35.0,35.0,37.0,35.0,29.4,28.0,27.1,27.0,32,19.5,24
0.5,0.1,1.0,Ohio,32.3,32,35,32.0,47.2,47.0,52,0.0,0.0,35.0,35.0,38.0,35.0,32.0,28.0,26.9,28.0,30,21.1,23
2.0,0.1,1.0,Ohio,32.3,32,35,32.0,53.0,53.0,58,0.1,1.0,36.0,35.0,39.6,35.0,32.6,28.0,32.4,33.0,39,22.3,26
2.0,0.1,2.0,Ohio,32.3,32,35,32.0,53.0,52.5,59,0.0,0.0,35.0,35.0,38.6,35.0,30.9,28.0,32.4,32.5,37,22.6,27
1.0,0.1,2.0,Ohio,32.3,32,35,32.0,53.2,53.5,56,0.0,0.0,35.0,35.0,36.0,35.0,32.1,28.0,32.7,32.5,37,22.8,27
0.5,0.1,2.0,Ohio,32.3,32,35,32.0,51.3,52.0,54,0.0,0.0,36.0,35.0,38.6,35.0,32.1,28.0,28.9,29.0,31,22.8,28
1.0,0.1,0.5,New Mexico,32.6,32,38,32.0,12.1,12.0,14,0.0,0.0,38.2,38.0,40.1,40.0,28.0,28.0,17.2,16.5,20,2.5,4
1.0,0.05,1.0,New Mexico,32.6,32,38,32.0,12.1,12.0,13,0.0,0.0,38.4,38.0,41.0,41.0,28.0,28.0,17.0,17.0,22,2.6,4
2.0,0.05,0.5,Ohio,32.6,32,35,32.0,54.1,54.5,60,0.1,1.0,38.0,35.0,43.0,40.0,35.3,34.5,28.4,27.5,34,19.1,23
0.5,0.05,2.0,Ohio,32.6,32,35,32.0,51.9,51.0,56,0.0,0.0,36.0,35.0,41.6,40.0,38.3,42.0,27.0,27.0,33,19.3,24
1.0,0.1,1.0,Ohio,32.6,32,35,32.0,51.9,52.5,55,0.1,1.0,36.0,35.0,38.6,35.0,32.2,28.0,31.4,31.5,35,21.7,30
2.0,0.05,2.0,New Mexico,32.8,32,40,32.0,11.6,12.0,13,0.0,0.0,39.2,38.0,43.0,41.0,28.0,28.0,17.6,17.0,20,3.2,4
2.0,0.25,1.0,Arizona,33.0,31,35,33.0,11.0,11.0,11,0.0,0.0,36.0,36.0,48.0,48.0,28.0,28.0,14.7,15.0,16,0.0,0
1.0,0.25,1.0,Arizona,33.0,31,35,33.0,11.0,11.0,11,0.0,0.0,36.0,36.0,48.0,48.0,28.0,28.0,15.4,15.0,18,0.0,0
1.0,0.25,0.5,Arizona,33.0,31,35,33.0,10.8,11.0,11,0.0,0.0,36.0,36.0,48.0,48.0,28.0,28.0,14.0,14.0,16,0.2,1
0.5,0.1,0.5,California,33.0,33,33,33.0,5.5,5.5,7,1.3,10.0,38.2,36.0,59.4,58.0,28.0,28.0,79.9,79.5,86,23.3,25
0.5,0.25,0.5,California,33.0,33,33,33.0,5.1,5.0,6,6.0,13.0,45.0,42.0,61.6,58.0,28.0,28.0,79.9,79.5,83,25.1,27
0.5,0.05,2.0,California,33.0,33,33,33.0,6.0,5.5,8,3.3,11.0,41.6,36.0,62.4,58.0,28.0,28.0,101.9,101.5,107,25.8,28
2.0,0.05,2.0,California,33.0,33,33,33.0,7.2,7.0,10,2.9,11.0,40.6,36.0,64.8,58.0,28.0,28.0,94.3,95.5,101,25.8,27
1.0,0.05,1.0,California,33.0,33,33,33.0,6.9,7.0,9,0.1,1.0,36.0,36.0,58.1,58.0,28.0,28.0,95.0,96.5,102,26.0,28
2.0,0.05,1.0,California,33.0,33,33,33.0,7.1,7.5,8,1.2,10.0,38.2,36.0,61.6,58.0,28.0,28.0,94.8,94.0,101,26.1,29
1.0,0.05,2.0,California,33.0,33,33,33.0,6.7,6.0,9,2.4,22.0,43.8,36.0,64.4,58.0,28.0,28.0,96.7,97.5,101,26.4,28
2.0,0.1,2.0,California,33.0,33,33,33.0,6.9,7.0,9,0.1,1.0,36.0,36.0,56.0,58.0,28.0,28.0,92.9,93.0,98,26.6,28
2.0,0.1,0.5,California,33.0,33,33,33.0,6.8,7.0,8,0.0,0.0,36.0,36.0,55.0,58.0,28.0,28.0,94.5,93.5,101,26.8,28
0.5,0.1,2.0,California,33.0,33,33,33.0,5.9,6.0,7,0.2,1.0,36.0,36.0,55.0,58.0,28.0,28.0,96.9,98.0,101,26.9,29
1.0,0.1,0.5,California,33.0,33,33,33.0,5.5,5.5,7,1.7,11.0,38.2,36.0,58.2,58.0,28.0,28.0,98.3,98.0,103,27.3,29
1.0,0.1,1.0,California,33.0,33,33,33.0,6.6,6.5,8,1.3,11.0,38.2,36.0,59.0,58.0,28.0,28.0,95.2,95.5,100,27.3,29
0.5,0.1,1.0,California,33.0,33,33,33.0,5.7,5.5,7,1.2,10.0,37.2,36.0,57.0,58.0,28.0,28.0,96.9,97.5,105,27.4,28
2.0,0.1,1.0,California,33.0,33,33,33.0,7.0,6.5,9,3.4,23.0,45.0,36.0,62.2,58.0,28.0,28.0,94.0,93.5,100,27.5,29
1.0,0.1,2.0,California,33.0,33,33,33.0,6.2,6.0,8,3.5,11.0,42.6,36.0,63.5,58.0,28.0,28.0,96.5,96.5,104,27.9,29
0.5,0.25,1.0,California,33.0,33,33,33.0,6.1,6.0,7,3.6,11.0,39.6,36.0,53.0,53.0,28.0,28.0,98.0,97.5,105,28.1,29
1.0,0.25,0.5,California,33.0,33,33,33.0,6.1,6.0,8,3.7,11.0,40.6,36.0,54.0,48.0,28.0,28.0,100.1,100.5,105,28.1,29
0.5,0.25,2.0,California,33.0,33,33,33.0,5.6,6.0,6,1.3,11.0,38.2,36.0,54.2,48.0,28.0,28.0,98.8,98.5,106,28.3,30
2.0,0.25,0.5,California,33.0,33,33,33.0,7.0,7.0,8,2.0,13.0,38.2,36.0,54.1,48.0,28.0,28.0,95.4,95.5,101,28.5,30
1.0,0.25,2.0,California,33.0,33,33,33.0,6.7,7.0,8,2.6,12.0,39.4,36.0,56.2,58.0,28.0,28.0,93.9,94.5,98,28.6,30
1.0,0.25,1.0,California,33.0,33,33,33.0,6.7,6.5,8,4.0,12.0,41.6,36.0,59.4,58.0,28.0,28.0,94.2,94.5,100,28.8,30
2.0,0.25,1.0,California,33.0,33,33,33.0,6.7,6.5,9,3.7,13.0,41.6,36.0,59.4,58.0,28.0,28.0,92.8,93.5,98,29.1,31
2.0,0.25,2.0,California,33.0,33,33,33.0,6.3,6.0,8,3.4,11.0,41.6,36.0,60.4,58.0,28.0,28.0,91.9,91.5,98,29.3,30
1.0,0.05,0.5,New Mexico,33.2,32,38,32.0,11.7,11.5,13,0.0,0.0,39.2,39.0,41.3,40.5,28.0,28.0,19.0,19.0,22,2.5,3
0.5,0.05,0.5,Ohio,33.2,32,35,32.0,44.3,44.0,49,0.3,3.0,38.6,35.0,44.0,45.0,36.7,35.0,19.2,18.0,28,14.3,20
1.0,0.05,1.0,Ohio,33.2,32,35,32.0,50.7,51.5,53,0.0,0.0,36.0,35.0,42.8,45.0,41.1,42.5,27.3,26.5,34,20.6,22
0.5,0.05,1.0,New Mexico,33.3,32,45,32.0,10.4,10.0,12,0.0,0.0,40.0,38.0,42.4,41.0,28.0,28.0,15.8,16.0,19,3.3,4
1.0,0.25,2.0,Arizona,33.4,31,35,35.0,11.0,11.0,11,0.0,0.0,36.2,37.0,48.0,48.0,28.0,28.0,14.3,14.0,16,0.0,0
2.0,0.25,0.5,Arizona,33.4,31,35,35.0,11.0,11.0,11,0.0,0.0,36.2,37.0,48.0,48.0,28.0,28.0,14.0,14.0,15,0.0,0
0.5,0.25,1.0,Arizona,33.4,31,35,35.0,10.5,10.5,11,0.0,0.0,36.2,37.0,48.0,48.0,28.0,28.0,14.2,14.5,16,0.2,1
0.5,0.1,2.0,Arizona,33.4,31,35,35.0,10.7,11.0,11,0.0,0.0,36.2,37.0,48.6,48.0,28.0,28.0,14.2,14.0,18,0.3,1
0.5,0.05,2.0,New Mexico,33.4,32,40,32.0,11.8,12.0,14,0.0,0.0,39.9,40.0,44.7,43.0,28.0,28.0,18.5,18.5,22,2.9,4
2.0,0.05,1.0,Ohio,33.5,32,35,33.5,52.8,52.0,57,0.4,3.0,39.2,35.0,49.6,51.0,39.5,42.0,28.1,28.0,35,20.7,25
0.5,0.05,2.0,Florida,33.7,31,51,32.0,10.9,11.0,12,0.0,0.0,48.5,51.5,57.2,57.0,28.0,28.0,35.6,35.0,45,23.6,25
0.5,0.25,2.0,Arizona,33.8,31,35,35.0,10.9,11.0,11,0.0,0.0,36.4,37.0,48.0,48.0,28.0,28.0,13.7,13.0,17,0.1,1
1.0,0.1,0.5,Arizona,33.8,31,35,35.0,10.9,11.0,11,0.0,0.0,36.4,37.0,48.0,48.0,28.0,28.0,13.0,13.0,15,0.1,1
2.0,0.05,2.0,Ohio,33.9,32,45,32.0,54.4,55.0,61,0.1,1.0,39.2,35.0,47.0,51.0,40.5,42.5,26.9,27.5,33,19.5,23
0.5,0.1,0.5,Oklahoma,34.0,34,34,34.0,21.4,21.0,24,1.0,1.0,49.4,49.0,50.7,50.0,57.6,60.0,6.3,5.5,10,1.7,2
0.5,0.25,0.5,Oklahoma,34.0,34,34,34.0,24.4,25.0,25,1.0,1.0,48.9,49.0,49.9,50.0,56.8,60.0,9.2,9.0,12,2.0,2
0.5,0.25,0.5,Maryland,34.0,34,34,34.0,10.7,11.0,11,0.0,0.0,41.7,42.0,52.1,54.0,28.0,28.0,37.4,37.0,46,2.2,3
2.0,0.05,0.5,New Mexico,34.0,32,40,32.0,12.7,13.0,14,0.0,0.0,40.2,38.0,42.4,40.0,28.0,28.0,16.8,16.5,21,2.2,3
0.5,0.25,1.0,Maryland,34.0,34,34,34.0,12.8,13.0,14,0.1,1.0,42.4,42.0,51.8,54.0,28.0,28.0,37.2,36.0,42,2.3,3
2.0,0.05,1.0,New Mexico,34.0,32,40,32.0,12.5,12.5,14,0.0,0.0,39.1,39.0,43.5,40.5,28.0,28.0,17.1,17.5,21,2.4,4
2.0,0.25,2.0,Maryland,34.0,34,34,34.0,13.6,14.0,14,0.0,0.0,41.5,41.5,50.2,48.0,28.0,28.0,42.0,42.5,46,2.4,3
1.0,0.25,1.0,Maryland,34.0,34,34,34.0,13.4,13.0,14,0.0,0.0,41.5,41.5,51.4,48.0,28.0,28.0,39.3,38.5,44,2.5,3
0.5,0.25,2.0,Maryland,34.0,34,34,34.0,13.3,13.5,14,0.0,0.0,41.5,41.5,50.7,48.0,28.0,28.0,38.7,40.0,43,2.6,4
1.0,0.1,2.0,Maryland,34.0,34,34,34.0,13.3,13.5,14,0.7,3.0,49.8,42.0,65.8,63.0,28.0,28.0,34.8,34.0,39,2.6,4
1.0,0.25,2.0,Maryland,34.0,34,34,34.0,13.3,13.0,14,0.0,0.0,41.5,41.5,49.8,48.0,28.0,28.0,40.5,40.5,44,2.7,3
0.5,0.1,1.0,Oklahoma,34.0,34,34,34.0,29.5,29.5,31,1.0,1.0,49.1,49.0,50.5,50.5,54.3,44.0,8.6,8.0,13,2.7,4
2.0,0.25,0.5,Maryland,34.0,34,34,34.0,13.2,13.0,14,0.0,0.0,41.5,41.5,49.1,48.0,28.0,28.0,41.5,41.5,46,2.8,5
2.0,0.25,1.0,Maryland,34.0,34,34,34.0,13.0,13.0,14,0.0,0.0,41.5,41.5,51.2,48.0,28.0,28.0,42.2,41.5,47,3.0,4
1.0,0.1,0.5,Oklahoma,34.0,34,34,34.0,32.1,32.5,35,1.0,1.0,48.9,49.0,50.1,50.0,28.0,28.0,14.2,14.5,18,3.4,6
0.5,0.25,2.0,Oklahoma,34.0,34,34,34.0,37.8,38.0,39,1.0,1.0,49.0,49.0,50.0,50.0,28.0,28.0,17.5,18.0,19,3.5,5
0.5,0.25,1.0,Oklahoma,34.0,34,34,34.0,31.2,31.5,32,1.0,1.0,48.9,49.0,49.9,50.0,28.0,28.0,13.2,13.0,16,3.6,5
0.5,0.05,2.0,Oklahoma,34.0,34,34,34.0,32.6,32.0,35,1.0,1.0,49.5,49.0,51.0,51.0,28.0,28.0,12.0,11.5,19,3.7,5
0.5,0.1,2.0,Oklahoma,34.0,34,34,34.0,36.1,36.0,38,1.0,1.0,48.8,49.0,50.0,50.0,31.2,28.0,14.3,13.5,21,4.0,6
1.0,0.25,0.5,Oklahoma,34.0,34,34,34.0,34.7,35.0,36,1.0,1.0,48.7,49.0,49.8,50.0,28.0,28.0,16.5,17.0,21,4.1,6
2.0,0.1,1.0,Oklahoma,34.0,34,34,34.0,40.8,41.0,43,1.0,1.0,48.9,49.0,50.1,50.0,28.0,28.0,23.7,23.0,29,5.8,7
2.0,0.1,0.5,Oklahoma,34.0,34,34,34.0,40.0,40.0,42,1.0,1.0,49.0,49.0,50.4,50.5,28.0,28.0,22.6,23.0,26,5.9,7
1.0,0.05,2.0,Oklahoma,34.0,34,34,34.0,37.7,39.0,39,0.9,1.0,49.4,49.0,51.5,51.0,28.0,28.0,20.5,21.0,25,6.0,8
1.0,0.1,1.0,Oklahoma,34.0,34,34,34.0,39.0,39.0,41,1.0,1.0,49.0,49.0,50.2,50.0,28.0,28.0,18.0,17.0,21,6.0,8
1.0,0.1,2.0,Oklahoma,34.0,34,34,34.0,41.5,41.5,44,1.0,1.0,49.0,49.0,50.2,50.0,28.0,28.0,22.9,23.5,26,6.3,7
2.0,0.25,0.5,Oklahoma,34.0,34,34,34.0,42.9,43.0,45,1.0,1.0,48.8,49.0,49.8,50.0,28.0,28.0,21.7,21.0,26,6.6,7
1.0,0.25,2.0,Oklahoma,34.0,34,34,34.0,44.0,44.0,46,1.0,1.0,48.8,49.0,50.0,50.0,28.0,28.0,23.7,23.5,27,6.9,7
1.0,0.25,1.0,Oklahoma,34.0,34,34,34.0,41.8,42.0,43,1.0,1.0,48.7,49.0,49.7,50.0,28.0,28.0,19.0,18.0,24,7.0,7
2.0,0.25,1.0,Oklahoma,34.0,34,34,34.0,44.0,44.0,46,1.0,1.0,49.0,49.0,50.0,50.0,28.0,28.0,23.7,24.5,26,7.1,8
2.0,0.25,2.0,Oklahoma,34.0,34,34,34.0,44.4,44.5,46,1.0,1.0,48.8,49.0,49.9,50.0,28.0,28.0,26.6,27.0,28,7.4,9
2.0,0.1,2.0,Oklahoma,34.0,34,34,34.0,41.5,42.0,44,1.0,1.0,48.9,49.0,50.0,50.0,28.0,28.0,26.9,26.5,32,7.5,9
2.0,0.05,2.0,Oklahoma,34.0,34,34,34.0,38.6,38.0,43,0.9,1.0,49.5,49.0,51.4,51.0,28.0,28.0,26.7,26.0,33,7.8,9
1.0,0.25,0.5,Indiana,34.0,34,34,34.0,59.1,58.0,63,0.0,0.0,39.3,38.0,43.1,42.0,28.0,28.0,32.7,32.5,35,13.0,16
0.5,0.25,2.0,Indiana,34.0,34,34,34.0,62.3,62.5,66,0.0,0.0,40.5,40.0,44.6,45.0,28.0,28.0,30.4,31.0,33,13.5,18
2.0,0.25,0.5,Indiana,34.0,34,34,34.0,63.7,64.0,68,0.0,0.0,39.3,38.0,43.2,42.0,28.0,28.0,31.2,31.5,34,14.6,18
2.0,0.25,2.0,Indiana,34.0,34,34,34.0,62.5,62.5,66,0.0,0.0,40.5,40.0,45.5,45.0,28.0,28.0,32.5,32.5,37,16.9,19
0.5,0.1,1.0,Idaho,34.0,34,34,34.0,7.2,7.0,9,8.0,9.0,47.4,48.0,54.0,51.0,28.0,28.0,50.6,51.0,59,17.5,20
1.0,0.05,1.0,Idaho,34.0,34,34,34.0,8.1,8.0,10,7.6,8.0,48.0,48.0,52.9,52.0,28.0,28.0,53.1,54.0,60,17.9,20
1.0,0.1,0.5,Idaho,34.0,34,34,34.0,6.2,6.5,8,8.8,12.0,47.7,48.0,56.3,52.0,28.0,28.0,53.3,54.0,59,17.9,20
0.5,0.1,2.0,Idaho,34.0,34,34,34.0,7.3,7.0,9,8.9,13.0,47.7,48.0,52.5,51.0,28.0,28.0,54.8,55.5,59,18.6,21
0.5,0.25,0.5,Idaho,34.0,34,34,34.0,6.3,6.5,9,8.9,11.0,46.3,45.5,50.7,48.0,28.0,28.0,50.0,50.5,54,18.9,21
0.5,0.1,0.5,Idaho,34.0,34,34,34.0,6.0,6.0,8,9.0,13.0,47.4,48.0,56.1,52.0,28.0,28.0,47.0,48.0,51,19.0,21
1.0,0.05,2.0,Idaho,34.0,34,34,34.0,8.2,8.0,10,7.7,10.0,48.0,48.0,52.6,50.0,28.0,28.0,54.2,54.0,60,19.6,22
2.0,0.25,0.5,Wisconsin,34.0,34,34,34.0,44.6,44.0,47,0.0,0.0,41.3,41.0,42.2,42.0,28.0,28.0,82.4,81.0,91,19.6,21
2.0,0.1,0.5,Idaho,34.0,34,34,34.0,7.3,7.0,9,8.4,11.0,47.4,48.0,50.6,51.0,28.0,28.0,55.3,56.0,59,19.6,21
1.0,0.25,0.5,Idaho,34.0,34,34,34.0,6.7,6.0,10,10.0,14.0,46.6,47.0,54.9,49.0,28.0,28.0,55.0,54.5,60,19.7,23
1.0,0.1,1.0,Idaho,34.0,34,34,34.0,7.8,8.0,10,8.2,11.0,47.5,48.0,51.7,50.0,28.0,28.0,53.8,54.5,59,19.8,24
2.0,0.1,1.0,Idaho,34.0,34,34,34.0,8.3,8.5,10,8.1,10.0,47.1,48.0,51.5,50.0,28.0,28.0,56.2,56.0,63,19.9,21
0.5,0.25,1.0,Idaho,34.0,34,34,34.0,6.7,7.0,9,9.7,14.0,47.1,48.0,55.1,50.0,28.0,28.0,55.3,55.0,61,20.1,22
1.0,0.1,2.0,Idaho,34.0,34,34,34.0,8.0,7.5,10,8.2,12.0,47.4,48.0,51.7,50.0,28.0,28.0,54.9,54.5,60,20.1,22
2.0,0.1,2.0,Idaho,34.0,34,34,34.0,7.7,8.0,9,8.2,11.0,47.4,48.0,51.1,51.0,28.0,28.0,56.1,56.5,65,20.5,23
2.0,0.25,1.0,Wisconsin,34.0,34,34,34.0,43.6,43.5,46,0.0,0.0,41.1,41.0,41.5,41.0,28.0,28.0,84.4,84.5,89,20.6,23
0.5,0.25,2.0,Idaho,34.0,34,34,34.0,7.0,7.0,9,9.8,13.0,46.8,48.0,51.3,50.0,28.0,28.0,60.0,60.0,68,20.7,23
1.0,0.25,2.0,Wisconsin,34.0,34,34,34.0,43.6,44.0,45,0.0,0.0,41.0,41.0,41.3,41.0,28.0,28.0,82.3,83.0,89,21.0,23
0.5,0.25,0.5,Wisconsin,34.0,34,34,34.0,42.1,41.5,45,0.0,0.0,41.0,41.0,41.5,41.0,28.0,28.0,70.5,70.5,75,21.1,23
1.0,0.1,0.5,Wisconsin,34.0,34,34,34.0,42.7,42.5,45,0.0,0.0,41.9,41.5,44.0,44.0,28.0,28.0,73.7,75.5,81,21.1,23
1.0,0.25,0.5,Wisconsin,34.0,34,34,34.0,43.2,42.5,45,0.0,0.0,41.0,41.0,41.6,41.0,28.0,28.0,81.5,81.0,89,21.2,24
1.0,0.25,2.0,Idaho,34.0,34,34,34.0,7.7,7.5,9,8.9,12.0,45.7,45.0,50.1,48.0,28.0,28.0,59.1,58.5,63,21.2,23
2.0,0.25,2.0,Wisconsin,34.0,34,34,34.0,43.2,43.5,45,0.0,0.0,41.3,41.0,42.0,41.5,28.0,28.0,81.0,79.5,95,21.3,24
2.0,0.25,0.5,Idaho,34.0,34,34,34.0,7.2,7.5,9,9.2,14.0,46.6,47.0,51.3,49.0,28.0,28.0,56.5,56.0,63,21.3,23
0.5,0.25,1.0,Wisconsin,34.0,34,34,34.0,42.3,42.0,46,0.0,0.0,41.0,41.0,41.6,41.0,28.0,28.0,79.9,80.0,89,21.4,24
1.0,0.05,2.0,Wisconsin,34.0,34,34,34.0,42.2,42.0,47,0.0,0.0,43.3,44.0,45.0,45.0,28.0,28.0,71.5,72.0,77,21.4,26
0.5,0.1,1.0,Wisconsin,34.0,34,34,34.0,41.9,42.0,44,0.0,0.0,42.0,41.0,43.7,44.0,28.0,28.0,75.0,73.5,81,21.4,24
0.5,0.25,2.0,Wisconsin,34.0,34,34,34.0,43.0,42.5,45,0.0,0.0,41.2,41.0,41.8,41.5,28.0,28.0,84.8,84.5,91,21.6,24
2.0,0.1,2.0,Wisconsin,34.0,34,34,34.0,42.5,42.5,46,0.0,0.0,42.3,42.0,43.3,43.5,28.0,28.0,77.8,78.5,83,21.6,25
1.0,0.25,1.0,Idaho,34.0,34,34,34.0,7.0,7.0,9,9.5,14.0,46.5,46.5,51.1,49.0,28.0,28.0,59.1,59.0,63,21.7,24
2.0,0.1,0.5,Wisconsin,34.0,34,34,34.0,42.2,43.0,44,0.0,0.0,41.8,41.0,43.6,44.0,28.0,28.0,76.8,77.0,83,21.8,23
2.0,0.25,2.0,Idaho,34.0,34,34,34.0,7.2,7.0,9,8.4,10.0,46.3,45.5,52.8,48.0,28.0,28.0,60.3,61.5,64,22.1,24
1.0,0.1,2.0,Wisconsin,34.0,34,34,34.0,42.0,42.0,45,0.0,0.0,42.0,41.5,43.3,43.5,28.0,28.0,77.1,77.0,85,22.2,26
0.5,0.1,2.0,Wisconsin,34.0,34,34,34.0,41.9,42.0,45,0.0,0.0,41.4,41.0,43.9,44.0,28.0,28.0,77.8,78.0,87,22.2,27
2.0,0.25,1.0,Idaho,34.0,34,34,34.0,6.7,6.5,9,9.8,14.0,46.9,48.0,54.7,50.0,28.0,28.0,58.0,58.0,63,22.4,24
1.0,0.25,1.0,Wisconsin,34.0,34,34,34.0,42.1,42.5,45,0.0,0.0,41.4,41.0,42.5,42.0,28.0,28.0,84.6,85.0,94,22.5,25
2.0,0.05,1.0,Wisconsin,34.0,34,34,34.0,40.8,40.0,45,0.0,0.0,44.5,44.5,46.3,45.5,28.0,28.0,68.9,69.5,75,22.7,26
1.0,0.05,1.0,Wisconsin,34.0,34,34,34.0,40.4,41.0,43,0.0,0.0,42.7,43.5,45.3,45.5,29.7,28.0,75.0,75.5,80,22.8,29
1.0,0.1,1.0,Wisconsin,34.0,34,34,34.0,40.5,41.0,43,0.0,0.0,42.4,42.0,43.8,44.0,28.0,28.0,78.7,79.5,84,23.2,27
2.0,0.1,1.0,Wisconsin,34.0,34,34,34.0,41.0,41.0,45,0.0,0.0,42.0,41.0,43.9,44.0,28.0,28.0,76.0,77.5,87,23.3,28
0.5,0.1,0.5,Wisconsin,34.0,34,34,34.0,39.5,40.0,42,0.0,0.0,41.2,41.0,43.0,43.0,28.0,28.0,64.9,64.0,71,23.3,26
2.0,0.05,2.0,Wisconsin,34.0,34,34,34.0,40.3,40.0,44,0.0,0.0,43.7,44.0,45.9,45.5,28.0,28.0,70.7,70.0,79,23.5,26
0.5,0.05,2.0,Wisconsin,34.0,34,34,34.0,39.4,39.5,43,0.0,0.0,43.6,43.0,45.9,44.5,28.0,28.0,71.6,71.0,83,24.5,29
1.0,0.05,2.0,Arizona,34.2,31,35,35.0,10.9,11.0,11,0.0,0.0,36.6,37.0,48.3,48.0,28.0,28.0,14.9,14.5,17,0.1,1
2.0,0.25,2.0,Arizona,34.2,31,35,35.0,10.8,11.0,11,0.0,0.0,36.6,37.0,48.0,48.0,28.0,28.0,14.8,15.0,17,0.2,1
2.0,0.1,1.0,Arizona,34.2,31,35,35.0,10.8,11.0,11,0.0,0.0,36.6,37.0,48.0,48.0,28.0,28.0,14.0,14.0,16,0.2,1
0.5,0.1,1.0,Arizona,34.2,31,35,35.0,10.3,10.0,11,0.0,0.0,36.6,37.0,48.6,48.0,28.0,28.0,13.5,13.0,17,0.2,1
1.0,0.05,0.5,Ohio,34.2,32,45,32.0,48.8,50.0,54,0.1,1.0,38.6,35.0,48.4,48.0,34.4,28.0,21.6,22.0,27,17.2,24
1.0,0.05,2.0,Ohio,34.2,32,45,32.0,51.2,51.0,56,0.1,1.0,40.2,35.0,45.8,45.0,38.3,35.0,26.7,26.5,33,22.7,28
2.0,0.05,1.0,Idaho,34.3,34,37,34.0,7.8,8.0,9,7.1,10.0,46.9,48.0,50.2,50.0,28.0,28.0,53.8,54.5,61,19.2,20
0.5,0.25,1.0,Indiana,34.4,34,38,34.0,59.3,59.5,63,0.0,0.0,40.7,39.0,44.6,42.0,28.0,28.0,28.3,28.0,33,11.8,15
1.0,0.25,1.0,Indiana,34.4,34,38,34.0,62.0,63.0,65,0.0,0.0,39.8,39.0,45.0,45.0,30.5,28.0,30.0,30.0,32,14.6,17
2.0,0.05,1.0,Florida,34.4,31,57,32.0,11.2,11.0,15,0.0,0.0,52.4,54.5,57.3,57.0,28.0,28.0,47.0,46.5,58,24.4,27
1.0,0.1,1.0,Arizona,34.6,31,35,35.0,10.9,11.0,11,0.0,0.0,36.8,37.0,48.0,48.0,28.0,28.0,14.3,14.5,16,0.1,1
0.5,0.1,0.5,Arizona,34.6,31,35,35.0,10.4,10.5,11,0.0,0.0,36.8,37.0,48.3,48.0,28.0,28.0,10.7,11.0,14,0.1,1
1.0,0.1,2.0,Arizona,34.6,31,35,35.0,10.7,11.0,11,0.0,0.0,36.8,37.0,48.3,48.0,29.3,28.0,14.3,15.0,18,0.3,1
1.0,0.05,0.5,Arizona,34.6,31,41,35.0,10.1,10.5,11,0.2,1.0,39.0,37.0,53.2,48.0,28.0,28.0,12.7,13.0,15,0.9,3
1.0,0.25,0.5,Maryland,34.7,34,41,34.0,13.2,13.0,15,0.1,1.0,42.3,41.5,49.4,48.0,28.0,28.0,38.7,40.0,43,2.1,3
1.0,0.05,0.5,Wisconsin,34.7,34,41,34.0,40.9,41.0,47,0.0,0.0,44.0,44.0,46.6,45.5,28.0,28.0,69.1,68.5,80,22.6,27
2.0,0.05,2.0,Arizona,34.8,31,37,35.0,10.6,11.0,11,0.1,1.0,38.7,37.0,48.6,48.0,28.0,28.0,14.2,13.5,17,0.4,1
2.0,0.1,2.0,Maryland,34.8,34,42,34.0,13.2,13.0,14,0.3,2.0,47.7,42.0,60.4,63.0,28.0,28.0,34.5,36.5,40,1.9,3
1.0,0.1,0.5,Maryland,34.8,34,42,34.0,12.5,12.0,14,0.5,3.0,48.8,42.0,63.2,63.0,28.0,28.0,30.9,33.0,42,2.1,4
1.0,0.25,2.0,Indiana,34.8,34,42,34.0,64.4,65.0,68,0.0,0.0,40.4,39.0,44.0,43.5,28.0,28.0,31.2,32.0,36,14.6,18
ALL,ALL,ALL,New Mexico,34.96666666666667,32,51,32.0,11.53888888888889,12.0,14,0.022222222222222223,3.0,41.23888888888889,38.0,45.672222222222224,40.0,28.0,28.0,17.030555555555555,17.0,24,2.6416666666666666,6
2.0,0.05,1.0,Arizona,35.0,31,37,35.0,10.7,11.0,11,0.1,1.0,37.9,37.0,48.6,48.0,28.0,28.0,14.4,14.5,17,0.3,1
0.5,0.25,0.5,Arizona,35.0,35,35,35.0,10.7,11.0,11,0.0,0.0,37.0,37.0,48.0,48.0,29.3,28.0,11.4,11.5,13,0.3,1
2.0,0.1,0.5,Arizona,35.0,35,35,35.0,10.7,11.0,11,0.0,0.0,37.0,37.0,48.3,48.0,29.3,28.0,14.2,14.0,17,0.3,1
2.0,0.25,1.0,Indiana,35.0,34,40,34.0,63.9,64.0,66,0.0,0.0,40.6,40.0,45.0,45.0,28.0,28.0,32.9,33.5,36,15.4,20
0.5,0.05,1.0,Wisconsin,35.0,34,44,34.0,40.9,40.5,44,0.0,0.0,44.0,44.0,45.7,45.0,28.0,28.0,66.0,64.5,81,21.9,24
2.0,0.1,2.0,Arizona,35.2,35,37,35.0,10.9,11.0,11,0.0,0.0,37.0,37.0,48.0,48.0,28.0,28.0,14.5,15.0,17,0.1,1
1.0,0.05,1.0,Arizona,35.2,35,37,35.0,10.5,11.0,11,0.0,0.0,37.0,37.0,48.6,48.0,28.0,28.0,12.3,12.0,16,0.5,2
0.5,0.05,1.0,Ohio,35.2,32,45,32.0,47.4,48.0,51,0.0,0.0,38.2,35.0,44.1,45.0,46.2,42.0,22.4,22.5,28,16.7,20
0.5,0.05,1.0,California,35.2,33,55,33.0,5.3,5.5,7,2.5,13.0,42.6,36.0,65.2,58.0,28.0,28.0,94.1,95.5,102,26.3,30
1.0,0.05,0.5,California,35.2,33,55,33.0,4.8,5.0,6,4.6,13.0,47.0,36.0,83.9,73.5,28.0,28.0,96.1,99.0,102,27.1,29
0.5,0.05,0.5,New Mexico,35.5,32,41,35.0,10.5,10.5,12,0.0,0.0,40.3,40.0,47.2,51.0,28.0,28.0,14.7,15.0,19,2.3,4
1.0,0.05,0.5,Oklahoma,35.5,34,49,34.0,26.9,27.5,30,0.9,1.0,49.8,50.0,52.1,51.0,28.0,28.0,11.5,12.0,15,2.6,4
2.0,0.05,0.5,Oklahoma,35.5,34,49,34.0,37.4,37.5,41,0.9,1.0,50.6,49.0,52.8,51.0,28.0,28.0,19.0,19.5,23,5.1,9
1.0,0.05,1.0,Oklahoma,35.5,34,49,34.0,35.8,36.0,37,0.9,1.0,49.4,49.0,50.7,51.0,28.0,28.0,16.0,15.5,22,5.6,7
0.5,0.1,1.0,Maryland,35.6,34,42,34.0,12.8,12.5,14,0.8,3.0,57.0,63.0,68.3,66.0,28.7,28.0,25.4,29.5,33,1.4,3
0.5,0.05,2.0,Maryland,35.6,34,42,34.0,12.7,12.5,14,0.6,3.0,58.1,64.5,73.0,70.5,32.7,28.0,25.9,27.0,36,1.9,3
0.5,0.1,2.0,Maryland,35.6,34,42,34.0,14.0,14.0,15,0.1,1.0,48.8,42.0,64.5,63.0,28.0,28.0,28.2,32.0,37,2.0,3
0.5,0.1,1.0,Indiana,35.7,34,51,34.0,51.7,52.0,54,0.0,0.0,44.3,41.0,48.7,48.0,28.0,28.0,26.1,25.5,33,14.0,17
2.0,0.05,0.5,Florida,35.7,31,51,32.0,12.7,13.0,15,0.5,2.0,52.1,54.0,56.2,57.5,28.0,28.0,41.8,42.0,45,22.3,25
0.5,0.05,2.0,Arizona,35.8,35,41,35.0,10.4,10.5,11,0.2,1.0,41.0,37.0,50.2,49.5,29.3,28.0,12.8,13.0,14,0.6,2
0.5,0.25,2.0,New York,35.8,33,40,33.0,17.3,17.0,21,0.0,0.0,41.5,40.5,43.8,44.0,28.0,28.0,189.2,189.0,199,33.2,36
0.5,0.05,1.0,Idaho,35.9,34,53,34.0,6.8,7.0,9,6.6,9.0,47.9,48.0,51.1,52.0,28.0,28.0,47.4,46.5,52,16.4,19
0.5,0.05,0.5,Wisconsin,35.9,34,44,34.0,39.0,39.5,44,0.0,0.0,43.7,43.0,46.4,45.0,28.0,28.0,57.5,58.0,65,23.1,27
2.0,0.05,0.5,Wisconsin,35.9,34,45,34.0,39.9,40.0,44,0.0,0.0,43.2,44.0,45.7,45.0,28.0,28.0,72.8,71.0,81,23.6,28
0.5,0.05,1.0,Arizona,36.0,35,41,35.0,9.8,10.0,11,0.3,1.0,40.9,37.0,52.1,48.0,29.3,28.0,12.5,12.5,15,0.6,2
0.5,0.25,0.5,Pennsylvania,36.0,36,36,36.0,42.8,43.0,45,0.0,0.0,41.4,40.0,43.8,43.0,28.0,28.0,43.3,42.0,50,9.1,11
0.5,0.25,1.0,Pennsylvania,36.0,36,36,36.0,46.6,46.0,51,0.0,0.0,41.4,40.0,43.8,44.0,28.0,28.0,47.8,47.5,53,9.6,12
2.0,0.25,0.5,Pennsylvania,36.0,36,36,36.0,50.0,50.0,52,0.0,0.0,41.8,42.0,44.2,45.0,31.4,28.0,51.5,53.0,59,9.6,11
2.0,0.25,1.0,Pennsylvania,36.0,36,36,36.0,49.2,48.5,53,0.0,0.0,41.7,40.5,43.8,44.0,30.3,28.0,48.1,47.5,59,10.5,12
1.0,0.25,2.0,Pennsylvania,36.0,36,36,36.0,49.1,49.0,53,0.0,0.0,42.0,42.0,44.4,45.0,28.0,28.0,47.5,47.5,52,10.6,13
1.0,0.25,1.0,Pennsylvania,36.0,36,36,36.0,48.8,48.5,51,0.0,0.0,41.3,40.5,43.8,45.0,28.0,28.0,49.6,48.0,60,10.9,13
2.0,0.25,2.0,Pennsylvania,36.0,36,36,36.0,48.8,49.0,51,0.0,0.0,40.9,40.0,43.8,45.0,28.0,28.0,49.0,49.5,52,11.0,14
0.5,0.25,2.0,Pennsylvania,36.0,36,36,36.0,47.9,48.0,52,0.0,0.0,40.9,40.0,43.5,44.0,28.0,28.0,49.8,49.5,56,11.3,16
1.0,0.1,2.0,Pennsylvania,36.0,36,36,36.0,47.2,47.0,50,0.0,0.0,43.4,45.0,45.2,45.0,45.5,49.0,38.5,38.0,45,11.5,15
0.5,0.25,0.5,Indiana,36.0,34,42,34.0,49.9,49.0,55,0.0,0.0,41.2,42.0,45.1,45.0,28.0,28.0,24.1,24.0,26,12.5,15
0.5,0.1,0.5,Indiana,36.0,34,42,34.0,47.6,48.0,49,0.0,0.0,43.1,43.5,49.3,51.0,32.9,28.0,20.9,20.0,26,12.8,16
1.0,0.05,0.5,Florida,36.1,31,57,32.0,9.9,10.5,12,1.4,14.0,53.0,51.0,60.4,57.0,28.0,28.0,30.5,30.0,36,22.8,27
0.5,0.05,1.0,Florida,36.3,32,57,32.0,10.9,11.0,16,0.0,0.0,53.7,54.0,56.9,57.0,28.0,28.0,27.5,26.5,32,21.3,25
2.0,0.1,0.5,Maryland,36.4,34,42,34.0,13.4,13.0,15,0.2,1.0,50.2,48.0,61.4,63.0,28.7,28.0,29.2,31.0,36,2.3,3
1.0,0.25,2.0,Minnesota,36.6,36,37,37.0,32.3,33.0,37,0.0,0.0,38.2,39.0,39.0,39.0,29.2,28.0,73.6,72.0,79,44.2,52
2.0,0.1,2.0,Minnesota,36.7,36,37,37.0,34.7,34.5,39,0.0,0.0,38.4,39.0,39.4,39.0,29.2,28.0,67.2,68.0,72,41.4,44
1.0,0.1,2.0,Minnesota,36.7,36,37,37.0,32.3,31.0,39,0.0,0.0,38.6,39.0,39.6,39.0,29.2,28.0,66.6,67.5,72,43.0,47
0.5,0.25,1.0,Minnesota,36.7,36,37,37.0,28.5,28.0,32,0.0,0.0,38.4,39.0,39.4,39.0,29.2,28.0,66.8,66.0,73,44.0,48
2.0,0.25,1.0,Minnesota,36.7,36,37,37.0,33.3,33.0,37,0.0,0.0,38.4,39.0,39.2,39.0,29.2,28.0,72.7,73.5,77,44.0,47
1.0,0.25,1.0,Minnesota,36.7,36,37,37.0,31.0,31.0,36,0.0,0.0,38.4,39.0,39.4,39.0,28.0,28.0,72.9,73.0,76,44.9,49
0.5,0.05,0.5,Arizona,36.8,31,51,35.0,9.7,10.0,11,0.2,1.0,41.9,37.0,53.2,48.0,28.0,28.0,12.0,12.0,16,0.4,1
1.0,0.05,0.5,Idaho,36.8,34,53,34.0,8.6,8.0,15,6.0,10.0,48.6,48.0,51.5,50.0,28.0,28.0,45.4,45.5,54,14.2,18
2.0,0.05,2.0,Idaho,36.8,34,48,34.0,9.4,9.0,13,5.7,8.0,47.8,48.0,50.4,50.0,28.0,28.0,52.2,51.5,60,17.2,20
2.0,0.1,0.5,Minnesota,36.8,36,37,37.0,31.3,31.5,37,0.0,0.0,39.2,39.0,40.0,40.0,28.0,28.0,66.0,65.5,71,42.1,47
0.5,0.1,2.0,Minnesota,36.8,36,37,37.0,29.7,29.0,36,0.0,0.0,38.8,39.0,39.7,39.0,28.0,28.0,62.2,62.0,66,43.0,46
2.0,0.25,2.0,Minnesota,36.8,36,37,37.0,33.5,34.5,37,0.0,0.0,38.6,39.0,39.2,39.0,28.0,28.0,74.5,75.5,81,43.3,48
0.5,0.25,2.0,Minnesota,36.8,36,37,37.0,31.5,31.5,34,0.0,0.0,38.6,39.0,39.2,39.0,28.0,28.0,71.7,71.0,76,43.4,45
2.0,0.05,1.0,Minnesota,36.8,36,37,37.0,30.4,30.5,34,0.0,0.0,39.8,41.0,41.1,41.0,31.6,28.0,62.2,63.0,66,43.9,48
1.0,0.25,0.5,Pennsylvania,36.9,36,45,36.0,48.9,49.0,52,0.0,0.0,41.2,40.0,44.2,43.0,28.0,28.0,47.9,49.0,53,9.7,12
2.0,0.1,2.0,Pennsylvania,36.9,36,45,36.0,48.0,48.0,50,0.0,0.0,44.8,45.0,48.2,46.0,34.7,28.0,39.7,39.5,45,10.7,13
1.0,0.1,0.5,Pennsylvania,36.9,36,45,36.0,45.8,46.0,49,0.0,0.0,44.5,44.0,47.4,45.0,37.3,28.0,38.7,38.5,46,11.0,14
1.0,0.1,2.0,Indiana,36.9,34,51,34.0,61.5,61.5,63,0.0,0.0,47.2,48.0,52.5,51.5,30.5,28.0,29.4,29.0,34,15.0,17
0.5,0.25,0.5,Minnesota,36.9,36,37,37.0,29.3,30.0,33,0.0,0.0,38.8,39.0,39.2,39.0,29.2,28.0,61.4,62.0,66,40.2,45
1.0,0.1,0.5,Minnesota,36.9,36,37,37.0,31.2,31.5,36,0.0,0.0,38.8,39.0,40.0,40.0,28.0,28.0,61.7,61.5,67,40.5,46
1.0,0.05,0.5,Minnesota,36.9,36,37,37.0,28.0,27.5,32,0.0,0.0,39.8,40.0,41.5,41.0,31.6,28.0,57.0,58.0,67,40.6,44
2.0,0.1,1.0,Minnesota,36.9,36,37,37.0,31.6,33.0,39,0.0,0.0,39.8,40.0,40.3,41.0,28.0,28.0,65.3,65.5,73,43.7,49
2.0,0.25,0.5,Minnesota,36.9,36,37,37.0,31.4,32.0,35,0.0,0.0,38.8,39.0,39.2,39.0,29.2,28.0,74.6,74.5,79,44.1,49
1.0,0.25,0.5,Minnesota,36.9,36,37,37.0,28.3,28.5,34,0.0,0.0,38.8,39.0,39.0,39.0,28.0,28.0,69.8,68.5,76,44.9,51
ALL,ALL,ALL,Minnesota,36.93055555555556,36,47,37.0,29.48611111111111,30.0,39,0.14166666666666666,6.0,40.55277777777778,39.0,42.38611111111111,41.0,31.483333333333334,28.0,58.88611111111111,61.0,81,41.425,54
0.5,0.1,2.0,Indiana,37.0,34,45,34.0,56.2,57.5,59,0.1,1.0,46.3,48.0,52.1,52.5,30.5,28.0,27.4,27.0,32,15.9,20
0.5,0.1,0.5,Michigan,37.0,37,37,37.0,33.0,33.0,35,0.0,0.0,43.2,43.0,51.6,54.0,55.0,55.0,11.2,11.0,15,17.4,23
0.5,0.25,0.5,Michigan,37.0,37,37,37.0,33.7,34.5,37,0.0,0.0,40.3,40.0,47.5,47.0,55.0,55.0,12.9,13.0,16,18.9,24
2.0,0.1,2.0,Michigan,37.0,37,37,37.0,43.4,43.0,48,0.0,0.0,41.1,40.0,50.5,50.0,49.6,55.0,20.2,20.0,23,18.9,21
1.0,0.1,1.0,Michigan,37.0,37,37,37.0,40.2,40.5,44,0.0,0.0,41.2,40.0,49.8,48.0,46.9,55.0,20.2,20.0,24,18.9,22
2.0,0.1,0.5,Michigan,37.0,37,37,37.0,42.0,42.0,44,0.0,0.0,42.4,41.5,51.0,51.0,52.3,55.0,21.0,21.0,26,19.3,21
0.5,0.1,1.0,Michigan,37.0,37,37,37.0,35.7,35.5,40,0.0,0.0,41.2,40.0,52.2,54.0,55.0,55.0,14.3,13.5,19,19.4,22
1.0,0.05,2.0,Michigan,37.0,37,37,37.0,39.9,40.5,43,0.0,0.0,44.8,40.0,52.6,54.0,48.5,55.0,21.5,21.5,25,19.5,25
0.5,0.25,1.0,Michigan,37.0,37,37,37.0,39.5,39.5,43,0.0,0.0,40.3,40.0,47.4,48.0,55.0,55.0,16.0,16.5,19,19.6,22
2.0,0.1,1.0,Michigan,37.0,37,37,37.0,42.6,43.0,44,0.0,0.0,43.1,41.5,51.1,53.0,44.2,55.0,20.1,20.0,24,19.8,22
1.0,0.1,2.0,Michigan,37.0,37,37,37.0,42.9,43.0,48,0.0,0.0,42.3,43.0,49.9,48.0,55.0,55.0,22.2,23.5,25,20.2,24
1.0,0.25,0.5,Michigan,37.0,37,37,37.0,40.2,39.5,45,0.0,0.0,40.0,40.0,47.8,48.0,55.0,55.0,17.1,17.0,19,20.3,23
0.5,0.25,2.0,Michigan,37.0,37,37,37.0,41.3,42.0,43,0.0,0.0,40.0,40.0,47.2,48.0,55.0,55.0,20.8,20.5,24,20.4,23
1.0,0.25,1.0,Michigan,37.0,37,37,37.0,41.2,42.0,44,0.0,0.0,40.6,40.0,47.7,48.0,55.0,55.0,20.4,20.5,25,20.7,24
2.0,0.25,2.0,Michigan,37.0,37,37,37.0,43.8,44.0,47,0.0,0.0,40.0,40.0,47.1,48.0,55.0,55.0,20.8,20.0,27,20.7,25
2.0,0.25,0.5,Michigan,37.0,37,37,37.0,43.4,44.0,46,0.0,0.0,40.0,40.0,46.9,48.0,55.0,55.0,21.4,21.5,25,20.7,23
1.0,0.25,2.0,Michigan,37.0,37,37,37.0,43.9,44.5,46,0.0,0.0,40.0,40.0,47.7,48.0,55.0,55.0,20.6,20.5,24,20.8,24
2.0,0.25,1.0,Michigan,37.0,37,37,37.0,43.4,42.5,49,0.0,0.0,40.3,40.0,48.0,48.0,55.0,55.0,21.0,21.0,26,20.8,24
0.5,0.1,2.0,Michigan,37.0,37,37,37.0,38.8,38.5,44,0.0,0.0,40.6,40.0,50.7,51.0,52.3,55.0,20.5,20.5,25,20.9,23
0.5,0.01,1.0,Minnesota,37.0,37,37,37.0,26.9,27.5,35,0.5,3.0,44.5,42.0,48.3,47.0,35.5,40.0,36.2,35.0,48,35.1,44
2.0,0.01,0.5,Minnesota,37.0,37,37,37.0,30.6,31.5,39,1.0,4.0,47.0,43.0,52.9,51.0,41.8,41.0,43.9,44.5,53,36.2,47
0.5,0.01,0.5,Minnesota,37.0,37,37,37.0,24.0,24.0,27,0.8,3.0,46.4,45.5,50.9,50.0,40.4,40.0,31.4,32.0,37,36.4,42
1.0,0.01,0.5,Minnesota,37.0,37,37,37.0,26.6,26.5,33,0.5,2.0,44.0,43.0,50.3,49.0,36.5,34.0,39.5,37.0,50,36.6,43
1.0,0.01,1.0,Minnesota,37.0,37,37,37.0,28.8,29.0,34,0.0,0.0,41.9,41.5,45.0,43.0,36.8,40.0,45.2,47.0,51,36.6,42
1.0,0.01,2.0,Minnesota,37.0,37,37,37.0,29.2,30.5,38,0.3,2.0,44.1,42.0,48.5,47.5,33.0,28.0,45.3,46.0,58,38.3,45
0.5,0.05,0.5,Minnesota,37.0,37,37,37.0,26.8,28.0,31,0.0,0.0,39.6,39.0,40.8,41.0,30.4,28.0,50.7,51.0,56,38.5,45
2.0,0.01,1.0,Minnesota,37.0,37,37,37.0,29.0,29.0,34,0.3,2.0,43.0,41.0,46.0,45.0,34.1,34.0,48.1,48.0,62,38.6,45
0.5,0.01,2.0,Minnesota,37.0,37,37,37.0,26.1,27.0,30,0.8,3.0,46.1,44.5,51.7,50.0,40.2,40.0,44.3,44.0,51,39.3,46
0.5,0.1,0.5,Minnesota,37.0,37,37,37.0,27.2,28.0,32,0.0,0.0,39.4,39.0,40.2,41.0,28.0,28.0,55.0,55.0,62,40.0,47
0.5,0.05,1.0,Minnesota,37.0,37,37,37.0,25.2,24.5,31,0.0,0.0,40.4,41.0,41.2,41.0,30.4,28.0,57.5,56.0,66,42.5,49
1.0,0.05,1.0,Minnesota,37.0,37,37,37.0,28.7,29.0,31,0.0,0.0,40.2,41.0,41.3,41.5,31.6,28.0,58.6,58.5,66,42.6,48
2.0,0.05,2.0,Minnesota,37.0,37,37,37.0,31.9,31.0,36,0.0,0.0,40.0,40.0,41.0,41.0,32.9,28.0,60.2,58.0,71,42.7,46
1.0,0.05,2.0,Minnesota,37.0,37,37,37.0,30.4,29.5,37,0.0,0.0,39.8,39.0,40.7,41.0,30.4,28.0,61.0,61.5,69,43.2,46
0.5,0.1,1.0,Minnesota,37.0,37,37,37.0,26.4,27.0,31,0.0,0.0,39.0,39.0,40.4,41.0,28.0,28.0,59.9,59.5,65,43.2,46
0.5,0.05,2.0,Minnesota,37.0,37,37,37.0,27.3,27.0,31,0.0,0.0,39.6,39.0,41.1,41.0,29.3,28.0,59.9,58.0,72,43.7,46
2.0,0.05,0.5,Minnesota,37.0,37,37,37.0,28.7,29.0,36,0.0,0.0,39.2,39.0,40.3,41.0,29.2,28.0,62.3,61.0,69,44.0,54
1.0,0.1,1.0,Minnesota,37.0,37,37,37.0,28.7,28.0,33,0.0,0.0,39.4,39.0,40.2,41.0,30.4,28.0,64.8,64.0,74,44.6,48
0.5,0.05,0.5,Oklahoma,37.1,34,50,34.0,18.7,18.5,21,0.7,1.0,50.4,49.0,53.0,52.5,63.888888888888886,75.0,4.444444444444445,4.0,8,1.4,2
0.5,0.05,1.0,Oklahoma,37.1,34,50,34.0,25.1,24.5,30,0.8,1.0,49.3,49.0,51.3,51.0,71.0,78.0,6.7,5.0,13,2.3,4
0.5,0.05,2.0,Idaho,37.1,34,48,34.0,9.7,8.5,14,5.2,8.0,47.9,48.0,50.2,50.0,28.0,28.0,47.9,49.5,58,15.4,17
2.0,0.05,0.5,Arizona,37.3,35,50,35.0,10.6,11.0,11,0.0,0.0,40.2,37.0,51.9,48.0,28.0,28.0,14.1,14.5,18,0.4,1
0.5,0.05,1.0,Michigan,37.3,37,40,37.0,35.3,35.5,40,0.0,0.0,48.3,47.5,54.5,54.0,56.6,55.0,13.5,13.0,16,17.3,22
0.5,0.05,0.5,California,37.4,33,55,33.0,4.6,5.0,6,2.7,15.0,45.8,36.0,68.4,58.0,28.0,28.0,76.0,78.0,84,23.5,26
1.0,0.1,1.0,Indiana,37.6,34,45,34.0,58.2,57.5,63,0.0,0.0,46.3,48.0,51.0,51.5,28.0,28.0,28.6,28.0,33,14.6,20
0.5,0.05,0.5,Idaho,37.6,34,53,34.0,6.7,7.0,12,6.0,9.0,48.9,48.0,53.4,50.0,28.0,28.0,42.0,42.0,45,15.4,17
1.0,0.05,1.0,Michigan,37.6,37,43,37.0,39.8,40.0,45,0.0,0.0,45.8,43.0,53.4,54.0,33.4,28.0,20.6,20.5,25,18.4,20
1.0,0.1,0.5,Michigan,37.6,37,43,37.0,38.4,38.5,42,0.0,0.0,44.5,43.0,51.4,54.0,49.6,55.0,14.3,13.5,18,18.4,21
1.0,0.25,0.5,Colorado,37.8,37,41,37.0,22.0,22.0,24,0.0,0.0,41.3,41.0,42.6,43.0,28.0,28.0,21.9,22.0,23,6.6,9
0.5,0.1,1.0,Pennsylvania,37.8,36,45,36.0,44.3,44.0,49,0.0,0.0,46.5,45.0,49.9,45.0,46.4,43.5,35.3,34.0,45,10.0,14
0.5,0.1,2.0,Pennsylvania,37.8,36,45,36.0,47.4,47.5,51,0.0,0.0,47.2,45.0,51.2,47.0,39.9,28.0,39.5,38.0,50,10.9,14
0.5,0.05,0.5,Maryland,37.9,34,65,34.0,10.3,10.5,11,0.5,1.0,58.4,66.0,65.1,66.0,30.8,28.0,22.3,25.0,31,1.1,2
2.0,0.1,0.5,Pennsylvania,37.9,36,45,36.0,47.3,48.0,50,0.0,0.0,47.0,45.0,51.4,51.0,45.3,54.0,40.3,40.0,54,11.3,16
2.0,0.05,0.5,California,37.9,33,60,33.0,5.9,6.0,9,2.4,11.0,44.8,36.0,77.4,80.0,28.0,28.0,90.8,92.5,102,27.1,29
1.0,0.25,2.0,New York,37.9,33,40,40.0,17.2,16.5,21,0.2,1.0,41.9,42.0,43.6,44.0,28.0,28.0,189.4,189.0,206,33.1,37
0.5,0.25,0.5,South Dakota,38.0,38,38,38.0,37.0,37.0,39,0.0,0.0,40.0,40.0,42.5,42.5,48.1,53.0,12.5,12.5,14,0.9,2
0.5,0.25,2.0,South Dakota,38.0,38,38,38.0,46.3,47.0,48,0.0,0.0,39.6,38.0,42.4,42.0,50.0,53.0,14.8,15.5,18,1.2,3
1.0,0.25,1.0,South Dakota,38.0,38,38,38.0,46.8,47.0,48,0.0,0.0,39.6,38.0,42.4,42.0,51.5,53.0,15.1,15.0,18,1.4,3
1.0,0.25,0.5,South Dakota,38.0,38,38,38.0,42.1,42.0,44,0.0,0.0,40.0,40.0,42.5,42.5,51.4,53.0,13.5,13.0,16,1.9,4
0.5,0.25,1.0,South Dakota,38.0,38,38,38.0,41.0,41.0,43,0.0,0.0,39.2,38.0,42.3,42.0,51.4,53.0,12.9,13.0,14,2.0,3
1.0,0.1,1.0,Maryland,38.0,34,66,34.0,13.6,13.5,15,0.2,1.0,52.4,42.0,66.0,65.5,28.0,28.0,27.8,30.5,35,2.1,3
1.0,0.25,2.0,South Dakota,38.0,38,38,38.0,48.2,48.0,50,0.0,0.0,40.0,40.0,42.5,42.5,51.4,53.0,15.5,15.5,17,4.1,5
2.0,0.25,2.0,South Dakota,38.0,38,38,38.0,48.7,48.5,50,0.0,0.0,40.0,40.0,42.5,42.5,50.6,53.0,15.3,15.0,18,4.3,5
2.0,0.25,1.0,South Dakota,38.0,38,38,38.0,48.8,49.0,50,0.0,0.0,40.4,42.0,42.6,43.0,51.4,53.0,15.2,15.0,18,4.4,6
2.0,0.25,0.5,South Dakota,38.0,38,38,38.0,48.1,48.0,50,0.0,0.0,39.2,38.0,42.3,42.0,50.5,53.0,15.6,16.0,18,4.5,6
1.0,0.1,2.0,South Dakota,38.0,38,38,38.0,46.0,46.0,48,0.0,0.0,40.4,42.0,42.6,43.0,51.2,53.0,14.6,14.0,18,5.4,8
2.0,0.01,2.0,Minnesota,38.0,37,47,37.0,30.7,30.0,36,0.9,6.0,46.1,42.5,50.7,49.0,42.9,41.0,49.9,51.0,61,38.0,42
0.5,0.25,0.5,Iowa,38.0,38,38,38.0,31.4,31.0,35,0.8,1.0,40.0,40.0,41.0,41.0,39.2,39.0,75.8,75.0,82,48.2,52
0.5,0.25,1.0,Iowa,38.0,38,38,38.0,32.7,33.5,37,0.9,1.0,40.0,40.0,41.0,41.0,31.5,28.0,82.0,83.5,88,51.7,59
0.5,0.1,1.0,Iowa,38.0,38,38,38.0,31.5,31.0,34,0.5,1.0,40.0,40.0,41.0,41.0,33.7,33.5,78.4,78.0,83,52.0,57
2.0,0.25,0.5,Iowa,38.0,38,38,38.0,33.9,33.0,39,0.6,1.0,40.0,40.0,41.0,41.0,28.0,28.0,92.6,92.5,98,53.5,56
0.5,0.25,2.0,Iowa,38.0,38,38,38.0,32.3,32.5,35,0.8,1.0,40.0,40.0,41.0,41.0,29.1,28.0,88.1,87.5,93,54.6,58
2.0,0.25,1.0,Iowa,38.0,38,38,38.0,34.1,34.0,36,0.9,1.0,40.0,40.0,41.0,41.0,29.1,28.0,93.9,93.0,100,54.7,58
1.0,0.25,1.0,Iowa,38.0,38,38,38.0,32.2,32.0,35,0.4,1.0,40.0,40.0,41.0,41.0,29.1,28.0,89.5,90.0,96,54.7,57
2.0,0.1,0.5,Iowa,38.0,38,38,38.0,31.5,32.0,35,0.4,1.0,40.0,40.0,41.0,41.0,28.0,28.0,91.3,90.5,100,54.7,60
1.0,0.1,0.5,Iowa,38.0,38,38,38.0,29.0,29.0,32,0.3,1.0,40.0,40.0,41.0,41.0,28.0,28.0,80.6,80.5,86,54.9,60
1.0,0.25,0.5,Iowa,38.0,38,38,38.0,31.0,31.0,32,0.9,1.0,40.0,40.0,41.0,41.0,28.0,28.0,83.4,83.5,89,55.0,57
2.0,0.1,2.0,Iowa,38.0,38,38,38.0,32.2,32.0,36,0.4,1.0,40.0,40.0,41.0,41.0,28.0,28.0,91.8,92.0,100,55.0,58
2.0,0.25,2.0,Iowa,38.0,38,38,38.0,33.1,33.0,36,0.7,1.0,40.0,40.0,41.0,41.0,28.0,28.0,94.4,94.5,102,55.5,58
1.0,0.25,2.0,Iowa,38.0,38,38,38.0,32.3,32.5,36,0.9,1.0,40.0,40.0,41.0,41.0,28.0,28.0,93.5,93.5,100,55.9,59
1.0,0.05,2.0,Florida,38.1,31,57,32.0,10.5,10.0,14,1.5,12.0,52.3,54.5,57.5,57.5,28.0,28.0,46.1,46.5,51,24.9,28
2.0,0.25,1.0,Colorado,38.2,37,41,37.0,23.8,24.0,25,0.0,0.0,41.3,41.0,42.7,43.0,28.0,28.0,22.8,23.0,25,9.2,10
2.0,0.05,0.5,Michigan,38.2,37,43,37.0,42.0,41.5,45,0.0,0.0,44.7,41.5,54.2,54.0,45.8,55.0,22.2,22.0,30,17.3,20
2.0,0.05,2.0,Florida,38.2,31,58,32.0,10.7,10.5,13,0.6,6.0,52.9,57.0,57.1,58.0,28.0,28.0,48.7,48.5,57,24.9,30
0.5,0.1,0.5,Iowa,38.2,38,40,38.0,30.6,30.0,36,0.6,1.0,40.1,40.0,42.0,41.0,39.8,39.0,72.6,74.0,80,46.8,50
2.0,0.05,0.5,Iowa,38.2,38,40,38.0,30.8,31.0,36,0.1,1.0,40.3,40.0,42.4,41.0,28.0,28.0,87.4,86.5,95,53.8,57
1.0,0.1,1.0,Iowa,38.2,38,40,38.0,31.7,32.5,36,0.3,1.0,40.1,40.0,41.0,41.0,28.0,28.0,88.3,90.5,92,53.9,59
1.0,0.05,2.0,Iowa,38.2,38,40,38.0,30.1,31.0,34,0.2,1.0,40.2,40.0,42.3,41.0,28.0,28.0,86.8,84.0,101,55.5,58
2.0,0.1,1.0,Iowa,38.2,38,40,38.0,32.0,32.0,37,0.5,1.0,40.1,40.0,41.0,41.0,28.0,28.0,94.0,94.5,100,55.8,60
1.0,0.1,2.0,Iowa,38.2,38,40,38.0,31.0,31.5,35,0.4,1.0,40.1,40.0,41.0,41.0,28.0,28.0,91.4,92.5,97,56.0,60
0.5,0.1,2.0,Iowa,38.2,38,40,38.0,28.7,28.0,35,0.7,1.0,40.1,40.0,41.0,41.0,29.1,28.0,88.0,89.0,93,56.4,61
2.0,0.1,1.0,Maryland,38.3,34,63,34.0,13.9,14.0,15,0.2,1.0,50.3,42.0,62.7,63.0,28.0,28.0,29.4,31.0,39,1.9,3
0.5,0.25,1.0,New York,38.3,33,44,40.0,16.9,17.0,19,0.1,1.0,42.4,43.0,43.9,44.0,28.0,28.0,169.8,169.5,190,33.7,36
ALL,ALL,ALL,Arizona,38.30277777777778,31,88,35.0,10.158333333333333,11.0,11,0.14722222222222223,3.0,46.169444444444444,37.0,60.330555555555556,48.0,31.341666666666665,28.0,12.925,13.0,18,0.6138888888888889,3
0.5,0.1,1.0,South Dakota,38.4,38,42,38.0,39.5,39.5,42,0.0,0.0,42.1,42.0,43.0,43.0,54.4,55.0,11.5,11.5,15,1.8,4
0.5,0.05,0.5,South Dakota,38.4,38,42,38.0,31.1,31.0,33,0.0,0.0,42.1,42.0,43.0,43.0,37.3,28.0,11.6,12.0,13,2.0,4
1.0,0.1,0.5,South Dakota,38.4,38,42,38.0,39.7,40.0,43,0.0,0.0,39.7,38.0,42.4,42.0,50.7,53.0,13.7,13.5,17,2.4,5
1.0,0.25,0.5,Oregon,38.4,37,39,39.0,15.5,15.5,16,0.0,0.0,44.6,47.0,52.8,53.0,28.0,28.0,5.0,5.0,6,2.7,4
2.0,0.25,0.5,Oregon,38.4,37,39,39.0,17.6,18.0,18,0.0,0.0,45.2,47.0,52.8,53.0,28.0,28.0,5.8,5.5,8,2.8,3
0.5,0.05,2.0,South Dakota,38.4,38,42,38.0,41.3,42.0,43,0.0,0.0,41.8,42.0,43.0,43.0,55.7,55.0,12.0,11.5,16,2.9,5
2.0,0.1,2.0,South Dakota,38.4,38,42,38.0,46.2,46.0,48,0.0,0.0,41.3,42.0,42.8,43.0,51.7,53.0,15.8,15.5,20,5.9,8
1.0,0.1,0.5,Indiana,38.4,34,51,38.0,52.8,53.0,57,0.0,0.0,47.6,48.0,52.5,51.5,28.0,28.0,26.6,26.0,33,14.4,18
2.0,0.1,0.5,Indiana,38.4,34,51,34.0,58.6,58.5,62,0.0,0.0,47.3,48.0,52.4,52.5,30.5,28.0,26.9,27.0,32,16.5,20
2.0,0.05,0.5,Idaho,38.4,34,53,34.0,9.3,9.5,11,5.8,9.0,49.9,48.0,52.7,50.0,28.0,28.0,51.3,52.0,60,17.4,19
2.0,0.05,2.0,Iowa,38.4,38,40,38.0,32.8,32.5,40,0.2,1.0,40.3,40.0,43.1,41.0,28.0,28.0,89.9,91.5,97,54.7,58
2.0,0.05,1.0,Iowa,38.4,38,40,38.0,31.5,32.0,36,0.1,1.0,40.2,40.0,42.0,41.0,28.0,28.0,87.5,87.0,94,55.2,62
ALL,ALL,ALL,Oklahoma,38.458333333333336,34,93,34.0,31.913888888888888,34.0,46,0.7888888888888889,1.0,52.16111111111111,49.0,55.375,51.0,36.57142857142857,28.0,14.855153203342619,15.0,33,4.408333333333333,9
2.0,0.05,1.0,Oklahoma,38.5,34,49,34.0,39.3,39.5,42,0.6,1.0,49.5,49.0,50.9,51.0,28.0,28.0,22.4,22.5,26,5.1,7
1.0,0.25,2.0,Oregon,38.6,37,39,39.0,17.8,18.0,19,0.0,0.0,46.0,47.0,53.8,55.0,28.0,28.0,5.2,5.0,6,2.6,3
0.5,0.25,2.0,Oregon,38.6,37,39,39.0,17.6,18.0,19,0.0,0.0,45.4,47.0,53.4,53.0,28.0,28.0,5.1,5.0,8,2.9,4
2.0,0.25,1.0,Oregon,38.6,37,39,39.0,17.3,17.0,18,0.0,0.0,45.4,47.0,52.6,53.0,28.0,28.0,5.5,5.0,7,3.1,4
1.0,0.1,0.5,Oregon,38.6,37,39,39.0,14.9,15.0,16,0.0,0.0,49.0,47.0,56.0,57.0,28.0,28.0,5.8,5.0,8,3.2,5
2.0,0.1,0.5,Oregon,38.6,37,39,39.0,16.8,17.0,18,0.0,0.0,48.0,47.0,55.6,57.0,28.0,28.0,5.5,5.0,8,3.2,5
2.0,0.1,1.0,Oregon,38.6,37,39,39.0,16.4,16.0,18,0.0,0.0,49.8,47.0,57.0,57.0,28.0,28.0,6.4,6.0,8,3.4,4
1.0,0.1,1.0,Oregon,38.6,37,39,39.0,16.3,16.0,18,0.0,0.0,48.4,47.0,54.6,57.0,37.7,28.0,5.8,5.5,8,3.4,5
2.0,0.25,0.5,Colorado,38.6,37,41,37.0,23.3,23.5,25,0.0,0.0,41.6,41.0,43.0,43.0,28.0,28.0,22.3,22.5,28,9.0,11
2.0,0.05,0.5,Pennsylvania,38.7,36,45,36.0,48.6,48.0,53,0.0,0.0,51.1,45.0,55.5,55.5,47.0,41.5,32.3,32.0,40,9.7,14
0.5,0.1,0.5,Pennsylvania,38.7,36,45,36.0,39.8,41.0,44,0.0,0.0,50.8,50.0,53.6,52.0,40.8,28.0,35.8,34.5,43,10.8,18
1.0,0.05,0.5,Michigan,38.7,37,48,37.0,37.7,38.5,40,0.0,0.0,49.7,53.0,54.1,54.0,50.4,55.0,16.3,16.0,19,17.5,21
2.0,0.05,2.0,Michigan,38.7,37,54,37.0,41.6,41.5,45,0.0,0.0,45.6,43.0,54.2,54.0,46.9,55.0,21.7,23.0,25,18.8,21
0.5,0.05,0.5,Florida,38.7,31,51,32.0,8.8,9.0,11,0.8,6.0,50.2,53.5,57.5,57.0,28.0,28.0,20.9,20.5,24,21.5,24
0.5,0.1,0.5,Maryland,38.8,34,66,34.0,10.7,11.0,11,0.0,0.0,50.3,42.0,65.5,63.0,28.0,28.0,23.3,28.0,38,1.1,3
0.5,0.25,0.5,Oregon,38.8,37,39,39.0,11.0,11.0,11,0.0,0.0,46.8,47.0,54.8,57.0,83.2,68.0,2.7,3.0,4,2.0,2
1.0,0.1,1.0,South Dakota,38.8,38,42,38.0,44.7,44.5,47,0.0,0.0,41.8,42.0,43.0,43.0,54.3,53.0,13.8,14.5,18,2.1,4
0.5,0.1,2.0,South Dakota,38.8,38,42,38.0,42.7,42.5,45,0.0,0.0,42.2,42.0,43.0,43.0,54.3,53.0,14.8,14.5,17,2.5,5
0.5,0.1,1.0,Oregon,38.8,37,39,39.0,14.2,14.0,16,0.0,0.0,49.0,47.0,54.8,57.0,28.0,28.0,5.7,6.0,7,2.8,4
2.0,0.25,2.0,Oregon,38.8,37,39,39.0,17.6,17.5,19,0.0,0.0,46.2,47.0,54.4,55.0,28.0,28.0,5.7,5.5,8,2.9,3
1.0,0.05,1.0,South Dakota,38.8,38,42,38.0,43.0,43.0,45,0.0,0.0,42.2,42.0,43.1,43.0,55.9,55.0,13.6,14.0,16,3.3,5
2.0,0.1,2.0,Oregon,38.8,37,39,39.0,16.0,16.0,17,0.0,0.0,50.2,47.0,56.2,57.0,28.0,28.0,6.5,6.0,9,3.7,5
2.0,0.1,0.5,South Dakota,38.8,38,42,38.0,47.1,47.0,49,0.0,0.0,41.8,42.0,42.9,43.0,53.6,53.0,14.7,14.5,18,5.1,7
0.5,0.25,1.0,Kentucky,38.8,37,43,37.0,39.1,39.0,42,0.0,0.0,46.5,43.0,56.8,55.0,38.4,28.0,16.5,16.0,21,10.9,14
1.0,0.25,0.5,Kentucky,38.8,37,43,37.0,42.8,43.0,48,0.1,1.0,45.6,43.0,55.5,55.0,82.8,80.0,16.0,16.0,18,11.6,15
2.0,0.25,0.5,New York,38.8,33,42,40.0,16.7,16.5,18,0.1,1.0,42.7,44.0,44.0,44.0,28.0,28.0,181.9,180.5,192,33.9,35
0.5,0.05,0.5,Iowa,38.8,38,40,38.0,28.3,27.0,33,0.1,1.0,40.4,40.0,43.2,41.0,37.8,40.0,67.8,67.5,81,46.0,52
ALL,ALL,ALL,Wisconsin,38.891666666666666,34,80,34.0,40.66388888888889,41.0,47,0.013888888888888888,1.0,47.87777777777778,42.0,50.44722222222222,44.0,33.05555555555556,28.0,69.5111111111111,72.0,95,22.28611111111111,32
0.5,0.25,1.0,Nevada,39.0,39,39,39.0,5.0,5.0,5,0.0,0.0,57.0,57.0,78.0,78.0,84.0,84.0,1.0,1.0,1,0.0,0
1.0,0.25,0.5,Nevada,39.0,39,39,39.0,5.0,5.0,5,0.0,0.0,57.0,57.0,78.0,78.0,84.0,84.0,1.1,1.0,2,0.0,0
1.0,0.25,2.0,Nevada,39.0,39,39,39.0,5.0,5.0,5,0.0,0.0,57.0,57.0,78.0,78.0,84.0,84.0,1.0,1.0,1,0.0,0
2.0,0.25,1.0,Nevada,39.0,39,39,39.0,5.0,5.0,5,0.0,0.0,57.0,57.0,78.0,78.0,84.0,84.0,1.1,1.0,2,0.0,0
0.5,0.25,2.0,Nevada,39.0,39,39,39.0,5.0,5.0,5,0.0,0.0,57.0,57.0,78.0,78.0,84.0,84.0,1.0,1.0,1,0.0,0
0.5,0.25,0.5,Nevada,39.0,39,39,39.0,5.0,5.0,5,0.0,0.0,57.0,57.0,78.0,78.0,84.0,84.0,1.0,1.0,1,0.0,0
1.0,0.25,1.0,Nevada,39.0,39,39,39.0,5.0,5.0,5,0.0,0.0,57.0,57.0,78.0,78.0,84.0,84.0,1.0,1.0,1,0.0,0
0.5,0.05,2.0,Nevada,39.0,39,39,39.0,5.0,5.0,5,0.0,0.0,57.0,57.0,78.9,78.0,84.0,84.0,1.4444444444444444,1.0,2,0.0,0
2.0,0.25,2.0,Nevada,39.0,39,39,39.0,5.0,5.0,5,0.0,0.0,57.0,57.0,78.0,78.0,84.0,84.0,1.1,1.0,2,0.0,0
2.0,0.25,0.5,Nevada,39.0,39,39,39.0,5.0,5.0,5,0.0,0.0,57.0,57.0,78.0,78.0,84.0,84.0,1.0,1.0,1,0.0,0
2.0,0.05,2.0,Nevada,39.0,39,39,39.0,5.0,5.0,5,0.0,0.0,57.0,57.0,78.3,78.0,86.4,84.0,1.6,2.0,2,0.0,0
2.0,0.1,1.0,Nevada,39.0,39,39,39.0,5.0,5.0,5,0.0,0.0,57.0,57.0,78.0,78.0,84.0,84.0,1.3,1.0,2,0.0,0
1.0,0.1,0.5,Nevada,39.0,39,39,39.0,5.0,5.0,5,0.0,0.0,57.0,57.0,78.0,78.0,84.0,84.0,1.3,1.0,2,0.0,0
0.5,0.1,1.0,Nevada,39.0,39,39,39.0,5.0,5.0,5,0.0,0.0,57.0,57.0,78.0,78.0,84.0,84.0,1.3,1.0,2,0.0,0
1.0,0.1,2.0,Nevada,39.0,39,39,39.0,5.0,5.0,5,0.0,0.0,57.0,57.0,78.0,78.0,84.0,84.0,1.0,1.0,1,0.0,0
2.0,0.1,2.0,Nevada,39.0,39,39,39.0,5.0,5.0,5,0.0,0.0,57.0,57.0,78.0,78.0,84.0,84.0,1.1,1.0,2,0.0,0
2.0,0.1,0.5,Nevada,39.0,39,39,39.0,5.0,5.0,5,0.0,0.0,57.0,57.0,78.0,78.0,84.0,84.0,1.4,1.0,2,0.0,0
0.5,0.1,2.0,Nevada,39.0,39,39,39.0,5.0,5.0,5,0.0,0.0,57.0,57.0,78.0,78.0,84.0,84.0,1.1,1.0,2,0.0,0
1.0,0.1,1.0,Nevada,39.0,39,39,39.0,5.0,5.0,5,0.0,0.0,57.0,57.0,78.0,78.0,84.0,84.0,1.3,1.0,2,0.0,0
0.5,0.1,0.5,Nevada,39.0,39,39,39.0,5.0,5.0,5,0.0,0.0,57.0,57.0,78.0,78.0,84.0,84.0,1.1,1.0,2,0.0,0
0.5,0.25,1.0,Oregon,39.0,39,39,39.0,14.7,15.0,16,0.0,0.0,47.0,47.0,55.4,57.0,28.0,28.0,4.5,5.0,6,2.7,4
1.0,0.25,1.0,Oregon,39.0,39,39,39.0,17.5,17.5,19,0.0,0.0,47.0,47.0,56.2,57.0,28.0,28.0,5.6,5.0,7,2.7,3
0.5,0.1,2.0,Oregon,39.0,39,39,39.0,16.3,16.0,17,0.0,0.0,49.8,47.0,56.6,57.0,28.0,28.0,6.4,6.0,8,2.9,4
1.0,0.1,2.0,Oregon,39.0,39,39,39.0,16.9,17.0,18,0.0,0.0,51.2,50.0,56.6,57.0,30.1,28.0,5.9,6.0,7,3.3,4
2.0,0.1,2.0,North Dakota,39.0,39,39,39.0,22.1,22.5,23,0.0,0.0,48.6,47.0,53.6,51.0,95.0,95.0,6.1,6.0,9,5.4,7
1.0,0.1,0.5,North Dakota,39.0,39,39,39.0,19.1,19.0,22,0.0,0.0,49.0,49.0,52.0,52.0,95.0,95.0,3.7,3.5,5,5.8,7
2.0,0.1,1.0,North Dakota,39.0,39,39,39.0,21.4,21.5,23,0.0,0.0,48.6,47.0,51.8,51.0,98.2,95.0,6.4,6.0,10,5.9,7
0.5,0.1,0.5,North Dakota,39.0,39,39,39.0,15.6,15.5,18,0.0,0.0,49.4,51.0,52.2,53.0,89.25,111.0,1.7,1.0,5,6.0,8
1.0,0.25,0.5,North Dakota,39.0,39,39,39.0,19.3,19.0,22,0.0,0.0,47.0,47.0,51.0,51.0,103.7,95.0,4.0,4.0,5,6.1,8
1.0,0.25,1.0,North Dakota,39.0,39,39,39.0,21.5,21.5,24,0.0,0.0,47.8,47.0,51.4,51.0,98.1,95.0,4.7,4.0,7,6.1,8
2.0,0.25,0.5,North Dakota,39.0,39,39,39.0,21.2,21.0,23,0.0,0.0,47.8,47.0,51.4,51.0,104.4,95.0,5.9,6.0,7,6.3,7
0.5,0.25,1.0,North Dakota,39.0,39,39,39.0,17.1,17.0,19,0.0,0.0,47.0,47.0,51.0,51.0,109.9,111.0,3.1,3.0,5,6.4,8
2.0,0.25,2.0,North Dakota,39.0,39,39,39.0,21.6,21.0,23,0.0,0.0,47.0,47.0,51.0,51.0,99.8,95.0,6.6,6.5,9,6.4,8
2.0,0.25,1.0,North Dakota,39.0,39,39,39.0,21.4,21.0,23,0.0,0.0,47.0,47.0,51.0,51.0,99.9,95.0,6.0,6.5,8,6.5,8
0.5,0.25,0.5,North Dakota,39.0,39,39,39.0,16.3,16.0,19,0.0,0.0,47.0,47.0,51.0,51.0,54.333333333333336,28.0,2.6,3.0,4,6.6,8
2.0,0.1,0.5,North Dakota,39.0,39,39,39.0,19.9,21.0,22,0.0,0.0,49.8,51.0,52.4,53.0,101.5,95.0,6.3,6.5,10,6.6,8
0.5,0.25,2.0,North Dakota,39.0,39,39,39.0,20.1,20.0,23,0.0,0.0,48.2,47.0,51.6,51.0,104.4,95.0,4.0,4.5,5,6.9,8
1.0,0.1,2.0,North Dakota,39.0,39,39,39.0,19.9,20.0,22,0.0,0.0,48.6,47.0,51.8,51.0,96.6,95.0,5.3,5.0,8,7.0,9
2.0,0.1,2.0,Colorado,39.0,37,41,39.0,25.6,25.5,28,0.0,0.0,41.8,41.5,42.8,43.0,44.0,48.0,21.8,21.5,25,7.0,9
0.5,0.25,2.0,Colorado,39.0,37,41,39.0,23.0,23.0,25,0.0,0.0,41.8,41.5,42.9,43.0,28.0,28.0,25.8,26.0,29,7.3,9
1.0,0.25,2.0,North Dakota,39.0,39,39,39.0,20.3,20.0,22,0.0,0.0,47.4,47.0,51.2,51.0,110.7,95.0,5.8,6.0,7,7.6,9
1.0,0.25,1.0,Colorado,39.0,37,41,39.0,22.5,22.5,24,0.0,0.0,41.6,41.5,42.6,43.0,28.0,28.0,25.4,25.0,29,8.3,9
2.0,0.1,1.0,Indiana,39.0,34,51,34.0,60.7,61.0,63,0.0,0.0,46.4,45.0,51.4,51.0,28.0,28.0,29.8,29.5,35,15.4,18
1.0,0.05,0.5,Iowa,39.0,38,40,39.0,32.4,32.5,37,0.3,1.0,40.6,41.0,44.8,41.0,29.3,28.0,75.1,77.5,85,50.0,58
1.0,0.05,1.0,Iowa,39.0,38,40,39.0,32.1,31.5,37,0.2,1.0,40.5,40.5,42.1,41.0,28.0,28.0,81.1,81.0,88,52.7,57
0.5,0.05,2.0,Iowa,39.0,38,40,39.0,29.6,29.5,37,0.0,0.0,40.6,41.0,43.4,41.0,28.0,28.0,79.3,80.0,83,54.2,59
ALL,ALL,ALL,Ohio,39.016666666666666,32,98,32.0,49.91111111111111,51.0,61,0.12222222222222222,6.0,46.08611111111111,35.0,51.31666666666667,43.0,46.575,28.0,26.644444444444446,28.0,44,18.358333333333334,30
1.0,0.25,0.5,New York,39.1,33,44,40.0,16.9,17.0,20,0.2,1.0,43.8,44.0,44.3,44.0,28.0,28.0,175.4,175.0,186,33.1,39
0.5,0.1,0.5,South Dakota,39.2,38,42,38.0,34.6,35.0,37,0.0,0.0,41.5,42.0,42.8,43.0,35.7,28.0,10.7,10.5,13,1.5,3
1.0,0.05,0.5,South Dakota,39.2,38,42,38.0,37.5,37.5,42,0.0,0.0,42.5,42.0,43.5,43.0,54.6,55.0,11.9,12.0,15,3.0,5
2.0,0.1,1.0,South Dakota,39.2,38,42,38.0,47.2,47.0,49,0.0,0.0,40.7,42.0,42.6,43.0,53.4,53.0,14.2,14.0,16,4.9,6
0.5,0.05,1.0,Iowa,39.2,38,46,38.0,31.4,32.0,35,0.2,1.0,41.3,40.0,44.3,41.0,36.2,40.0,70.9,69.0,88,49.6,55
2.0,0.05,0.5,South Dakota,39.3,38,43,38.0,44.0,44.0,47,0.0,0.0,42.0,42.0,43.2,43.0,51.2,54.0,13.5,14.0,16,5.7,7
0.5,0.05,2.0,Pennsylvania,39.3,36,60,36.0,48.1,48.5,51,0.0,0.0,49.1,45.0,54.4,51.0,42.4,28.0,31.7,31.5,39,9.9,14
1.0,0.1,1.0,Pennsylvania,39.3,36,60,36.0,46.9,46.0,50,0.0,0.0,47.2,45.0,49.2,45.0,42.2,28.0,38.5,37.5,49,11.6,15
1.0,0.25,1.0,New York,39.3,33,40,40.0,17.0,17.0,20,0.3,1.0,43.1,44.0,44.0,44.0,28.0,28.0,183.1,184.0,195,33.4,36
2.0,0.25,2.0,New York,39.3,33,40,40.0,16.8,17.0,20,0.4,1.0,43.4,44.0,43.8,44.0,28.0,28.0,180.1,179.0,189,33.6,37
0.5,0.1,1.0,Colorado,39.4,37,41,41.0,18.8,19.0,21,0.0,0.0,41.9,42.0,43.1,43.0,28.0,28.0,21.3,21.0,25,4.5,6
1.0,0.25,2.0,Colorado,39.4,37,41,41.0,23.5,24.0,24,0.0,0.0,41.8,42.0,42.8,43.0,28.0,28.0,22.1,21.5,25,8.5,10
1.0,0.05,1.0,Pennsylvania,39.4,36,61,36.0,46.2,46.0,51,0.0,0.0,49.4,45.0,55.3,56.5,55.4,61.0,31.1,29.5,39,10.8,15
2.0,0.25,0.5,Kentucky,39.4,37,43,37.0,49.1,48.5,54,0.1,1.0,45.8,43.0,54.0,55.0,83.2,80.0,20.0,20.5,23,16.6,21
2.0,0.25,2.0,Kentucky,39.4,37,43,37.0,50.2,50.0,53,0.3,1.0,47.8,43.0,57.4,55.0,84.0,80.0,17.5,18.0,19,19.5,24
ALL,ALL,ALL,Iowa,39.44444444444444,38,60,38.0,29.70277777777778,31.0,40,0.7361111111111112,8.0,43.355555555555554,40.0,46.669444444444444,41.0,29.825,28.0,83.94444444444444,85.0,107,53.38611111111111,64
0.5,0.05,1.0,South Dakota,39.6,38,42,38.0,35.6,35.5,40,0.0,0.0,42.6,42.5,43.1,43.0,55.0,55.0,11.1,11.5,13,1.9,3
2.0,0.1,2.0,Indiana,39.7,34,51,34.0,60.4,59.5,66,0.0,0.0,47.7,48.0,52.1,51.5,28.0,28.0,30.4,29.5,36,16.6,21
2.0,0.05,1.0,Michigan,39.7,37,52,37.0,42.5,43.0,47,0.0,0.0,47.4,45.5,52.8,54.0,44.2,55.0,22.2,22.5,26,18.0,23
1.0,0.05,1.0,Maryland,39.8,34,63,34.0,13.1,13.0,15,0.5,2.0,59.9,63.0,70.1,66.0,29.4,28.0,21.8,22.5,29,1.4,3
0.5,0.05,2.0,Oregon,39.8,39,47,39.0,15.0,15.0,16,0.0,0.0,55.6,57.0,60.0,57.0,53.6,49.0,6.8,6.5,9,3.1,4
0.5,0.1,1.0,North Dakota,39.8,39,47,39.0,17.1,17.0,19,0.0,0.0,49.0,49.0,52.0,52.0,112.6,110.5,3.0,3.0,4,6.1,7
1.0,0.1,0.5,Colorado,39.8,37,41,41.0,21.1,21.0,23,0.0,0.0,42.0,42.0,43.3,43.0,28.0,28.0,22.6,22.0,27,6.6,9
0.5,0.1,2.0,North Dakota,39.8,39,47,39.0,19.9,20.0,22,0.0,0.0,49.8,51.0,52.4,53.0,95.7,95.0,4.2,4.0,6,6.6,8
0.5,0.05,2.0,Michigan,39.8,37,54,37.0,37.0,37.0,39,0.0,0.0,47.4,45.5,53.9,54.0,51.2,55.0,21.9,21.0,29,19.0,22
2.0,0.01,2.0,New Mexico,39.9,32,47,40.5,10.8,11.5,12,0.1,1.0,46.8,49.0,54.5,51.0,28.0,28.0,18.0,17.5,24,3.1,5
0.5,0.25,1.0,Wyoming,40.0,40,40,40.0,13.1,13.0,14,0.0,0.0,48.2,48.0,52.6,53.0,69.0,69.0,1.0,1.0,1,0.0,0
1.0,0.05,2.0,Wyoming,40.0,40,40,40.0,13.2,13.0,14,0.0,0.0,49.5,48.0,53.8,54.0,164.2,89.0,2.3,2.5,4,0.0,0
1.0,0.25,0.5,Wyoming,40.0,40,40,40.0,13.6,14.0,14,0.0,0.0,47.7,48.0,52.5,53.0,69.0,69.0,1.0,1.0,1,0.0,0
1.0,0.25,2.0,Wyoming,40.0,40,40,40.0,13.3,13.0,14,0.0,0.0,47.7,48.0,52.5,53.0,69.0,69.0,3.0,3.0,3,0.0,0
2.0,0.25,1.0,Wyoming,40.0,40,40,40.0,13.8,14.0,14,0.0,0.0,47.1,48.0,51.5,53.0,84.1,69.0,2.9,3.0,3,0.0,0
0.5,0.25,0.5,Wyoming,40.0,40,40,40.0,13.5,14.0,14,0.0,0.0,48.0,48.0,53.0,53.0,69.0,69.0,1.0,1.0,1,0.0,0
1.0,0.25,1.0,Wyoming,40.0,40,40,40.0,14.0,14.0,14,0.0,0.0,47.3,48.0,51.1,53.0,91.3,69.0,1.9,2.0,2,0.0,0
0.5,0.05,2.0,Wyoming,40.0,40,40,40.0,11.9,12.0,14,0.0,0.0,49.7,48.0,55.0,54.0,199.28571428571428,292.0,1.2857142857142858,1.0,2,0.0,0
2.0,0.25,2.0,Wyoming,40.0,40,40,40.0,13.7,14.0,14,0.0,0.0,48.0,48.0,53.0,53.0,69.0,69.0,3.7,4.0,4,0.0,0
2.0,0.25,0.5,Wyoming,40.0,40,40,40.0,13.6,14.0,14,0.0,0.0,47.4,48.0,52.0,53.0,84.1,69.0,3.0,3.0,4,0.0,0
2.0,0.05,2.0,Wyoming,40.0,40,40,40.0,12.6,12.5,14,0.0,0.0,52.0,53.5,56.4,56.0,123.6,89.0,3.3,3.5,5,0.0,0
2.0,0.1,1.0,Wyoming,40.0,40,40,40.0,13.4,13.0,14,0.0,0.0,49.3,48.0,53.3,53.0,101.2,69.0,2.9,3.0,4,0.0,0
1.0,0.1,2.0,Wyoming,40.0,40,40,40.0,13.5,13.5,14,0.0,0.0,48.5,48.0,53.2,53.0,93.4,69.0,2.4,2.0,3,0.0,0
2.0,0.1,2.0,Wyoming,40.0,40,40,40.0,13.5,13.5,14,0.0,0.0,50.5,50.5,53.7,54.0,110.4,69.0,3.8,4.0,5,0.0,0
2.0,0.1,0.5,Wyoming,40.0,40,40,40.0,13.2,13.0,14,0.0,0.0,48.7,48.0,53.0,53.5,140.6,89.0,2.6,3.0,4,0.0,0
0.5,0.1,0.5,Wyoming,40.0,40,40,40.0,12.2,12.0,14,0.0,0.0,48.2,48.0,52.6,53.0,79.0,79.0,1.25,1.0,2,0.0,0
0.5,0.25,2.0,Wyoming,40.0,40,40,40.0,13.8,14.0,14,0.0,0.0,46.5,46.5,50.5,50.5,69.0,69.0,1.0,1.0,1,0.1,1
1.0,0.05,1.0,Wyoming,40.0,40,40,40.0,12.0,12.0,14,0.0,0.0,49.7,48.0,54.9,54.0,127.44444444444444,89.0,2.0,2.0,3,0.1,1
1.0,0.1,0.5,Wyoming,40.0,40,40,40.0,12.2,12.0,13,0.0,0.0,49.8,48.0,53.6,54.0,69.0,69.0,1.0,1.0,1,0.1,1
0.5,0.1,1.0,Wyoming,40.0,40,40,40.0,12.2,12.0,13,0.0,0.0,49.5,48.0,53.6,54.0,69.0,69.0,1.0,1.0,1,0.1,1
0.5,0.1,2.0,Wyoming,40.0,40,40,40.0,12.7,12.5,14,0.0,0.0,49.1,48.0,54.2,53.0,132.71428571428572,69.0,1.1428571428571428,1.0,2,0.1,1
1.0,0.1,1.0,Wyoming,40.0,40,40,40.0,12.4,12.0,14,0.0,0.0,48.5,48.0,52.8,53.0,139.9,79.0,1.7,2.0,2,0.1,1
2.0,0.05,1.0,Wyoming,40.0,40,40,40.0,12.8,13.0,14,0.0,0.0,51.3,53.0,54.9,54.0,153.8,89.0,1.9,2.0,3,0.2,1
2.0,0.05,1.0,South Dakota,40.0,38,42,40.0,45.1,45.0,48,0.0,0.0,42.5,42.5,43.2,43.0,54.5,54.0,13.5,13.5,16,5.5,7
0.5,0.25,0.5,Kentucky,40.0,37,43,40.0,36.0,37.0,40,0.2,1.0,47.5,44.0,56.9,55.0,85.2,80.0,11.2,12.0,16,11.5,15
2.0,0.1,1.0,Pennsylvania,40.0,36,60,36.0,46.9,47.0,49,0.0,0.0,45.2,45.0,50.0,48.0,36.5,28.0,38.2,39.0,45,11.9,14
1.0,0.25,1.0,Kentucky,40.0,37,43,40.0,44.2,44.0,47,0.1,1.0,48.0,44.0,56.5,55.0,54.0,54.0,20.2,21.0,22,18.0,20
2.0,0.25,1.0,Kentucky,40.0,37,43,40.0,49.4,49.0,54,0.3,1.0,48.0,44.0,57.2,55.0,82.1,80.0,19.8,19.5,23,18.3,21
1.0,0.05,2.0,South Dakota,40.1,38,43,40.0,44.7,44.0,47,0.0,0.0,42.6,42.5,43.3,43.0,54.7,53.0,14.4,15.0,17,5.4,7
2.0,0.25,1.0,New York,40.1,33,44,40.0,17.1,17.0,20,0.2,1.0,43.0,44.0,44.6,44.0,28.0,28.0,182.8,184.0,193,33.2,35
1.0,0.1,2.0,New York,40.1,33,44,40.0,14.9,15.0,17,0.0,0.0,43.8,44.0,44.6,44.0,28.0,28.0,183.0,183.0,190,35.0,38
ALL,ALL,ALL,South Dakota,40.11388888888889,38,71,38.0,41.13333333333333,42.0,50,0.0,0.0,42.81944444444444,42.0,44.9,43.0,51.361111111111114,53.0,13.233333333333333,13.0,22,3.6055555555555556,10
0.5,0.25,0.5,Colorado,40.2,37,41,41.0,16.1,16.0,18,0.0,0.0,42.0,42.0,42.9,43.0,28.0,28.0,19.0,19.0,21,4.4,6
2.0,0.05,1.0,North Dakota,40.2,39,51,39.0,20.7,20.5,22,0.0,0.0,51.6,51.0,57.8,53.0,100.4,95.0,5.1,5.0,7,5.0,7
1.0,0.05,1.0,North Dakota,40.2,39,51,39.0,19.8,20.0,21,0.0,0.0,50.0,51.0,54.2,53.0,105.8,95.0,4.0,4.0,6,5.6,8
1.0,0.05,2.0,Colorado,40.2,37,41,41.0,24.6,24.5,26,0.0,0.0,42.6,43.0,45.1,46.0,28.0,28.0,26.8,27.0,33,7.1,9
0.5,0.1,2.0,Colorado,40.2,37,41,41.0,22.8,23.0,24,0.0,0.0,42.4,43.0,43.0,43.0,28.0,28.0,28.0,27.5,35,7.6,9
1.0,0.1,2.0,Colorado,40.2,37,41,41.0,24.1,24.0,26,0.0,0.0,42.4,43.0,43.0,43.0,28.0,28.0,22.7,23.0,27,7.8,10
2.0,0.25,2.0,Colorado,40.2,37,41,41.0,24.4,24.0,26,0.0,0.0,41.9,42.0,42.8,43.0,44.0,48.0,22.0,22.0,25,8.6,10
1.0,0.25,0.5,Utah,40.3,37,48,37.0,15.2,15.0,17,0.0,0.0,48.7,48.0,52.3,51.0,43.7,38.0,11.0,11.0,15,2.8,4
2.0,0.25,0.5,Utah,40.3,37,48,37.0,16.8,17.0,18,0.0,0.0,49.2,48.0,52.5,52.0,43.7,38.0,14.4,14.0,16,2.8,4
2.0,0.01,1.0,Iowa,40.3,40,41,40.0,26.1,26.0,33,0.8,3.0,48.1,52.5,57.5,55.0,28.0,28.0,90.4,92.0,104,57.1,62
2.0,0.05,2.0,South Dakota,40.4,38,42,42.0,45.4,45.5,48,0.0,0.0,42.8,43.0,43.4,43.0,56.4,55.0,13.8,14.0,22,6.6,9
ALL,ALL,ALL,Idaho,40.49722222222222,34,89,34.0,7.980555555555555,8.0,16,6.633333333333334,14.0,52.833333333333336,48.0,61.18888888888889,52.0,30.991666666666667,28.0,48.291666666666664,51.0,68,17.35,24
1.0,0.1,1.0,New York,40.5,33,44,40.0,15.6,15.5,21,0.1,1.0,43.5,44.0,45.6,44.0,28.0,28.0,183.9,187.5,200,34.1,37
2.0,0.1,2.0,New York,40.5,33,44,40.0,14.8,15.5,16,0.0,0.0,44.0,44.0,45.2,44.0,28.0,28.0,175.2,175.5,191,34.8,39
0.5,0.1,0.5,Colorado,40.6,37,41,41.0,14.7,14.5,17,0.0,0.0,42.4,42.5,43.3,43.0,28.0,28.0,20.6,20.5,24,3.5,5
0.5,0.25,1.0,Colorado,40.6,37,41,41.0,19.6,19.5,22,0.0,0.0,42.1,42.0,43.0,43.0,28.0,28.0,20.2,20.0,24,5.5,7
1.0,0.1,1.0,North Dakota,40.6,39,47,39.0,20.6,21.0,22,0.0,0.0,49.8,51.0,52.4,53.0,98.1,95.0,4.6,5.0,6,5.9,7
1.0,0.05,1.0,Colorado,40.6,37,41,41.0,23.2,23.0,26,0.0,0.0,42.7,43.0,44.5,44.5,28.0,28.0,26.5,26.0,31,6.6,8
1.0,0.1,1.0,Colorado,40.6,37,41,41.0,23.0,23.0,25,0.0,0.0,42.5,43.0,42.9,43.0,28.0,28.0,25.2,25.5,29,7.2,9
2.0,0.1,0.5,Colorado,40.6,37,41,41.0,23.4,23.5,25,0.0,0.0,42.6,43.0,43.3,43.0,28.0,28.0,25.1,25.0,29,8.7,11
2.0,0.1,1.0,Colorado,40.6,37,41,41.0,23.9,24.0,26,0.0,0.0,42.8,43.0,43.3,43.0,30.0,28.0,23.7,23.5,28,9.1,11
0.5,0.25,2.0,Kentucky,40.6,37,43,43.0,43.3,43.5,46,0.3,1.0,48.2,47.5,55.8,55.0,78.8,80.0,19.2,19.0,22,16.8,20
2.0,0.1,2.0,Kentucky,40.6,37,43,43.0,48.2,48.0,53,0.1,1.0,50.2,55.0,60.4,62.0,88.1,90.0,18.5,17.5,22,17.1,21
ALL,ALL,ALL,California,40.67777777777778,33,92,33.0,5.930555555555555,6.0,10,3.2256267409470754,25.0,52.77715877437326,36.0,75.78932584269663,58.0,28.0,28.0,88.84722222222223,93.0,107,26.28611111111111,31
1.0,0.05,2.0,Pennsylvania,40.7,36,47,40.5,47.9,49.5,54,0.0,0.0,54.2,52.5,60.3,56.0,53.2,57.0,31.7,31.5,37,10.0,16
1.0,0.05,1.0,Indiana,40.7,34,51,39.0,54.2,55.0,57,0.0,0.0,52.0,51.0,56.5,55.5,30.5,28.0,25.1,25.5,32,16.1,18
0.5,0.25,0.5,New York,40.7,33,44,40.0,15.8,16.5,18,0.2,1.0,43.6,44.0,44.9,44.0,28.0,28.0,137.2,136.5,149,31.0,34
1.0,0.05,1.0,Nevada,40.8,39,57,39.0,5.0,5.0,5,0.0,0.0,57.2,57.0,78.0,78.0,84.0,84.0,1.6,2.0,2,0.0,0
2.0,0.05,1.0,Colorado,40.8,37,43,41.0,24.2,24.0,27,0.0,0.0,42.8,43.0,43.9,43.0,30.0,28.0,26.5,26.0,32,8.3,9
0.5,0.05,0.5,Pennsylvania,40.8,36,60,36.0,38.1,37.5,44,0.0,0.0,49.4,45.0,55.7,50.0,36.1,28.0,28.1,28.5,35,10.1,14
2.0,0.05,0.5,Maryland,40.9,34,66,34.0,13.4,13.0,15,0.3,3.0,52.1,42.0,71.9,67.0,33.0,28.0,23.1,27.0,32,1.4,3
0.5,0.05,1.0,Nevada,41.0,39,59,39.0,4.9,5.0,5,0.0,0.0,58.6,57.0,78.0,78.0,84.0,84.0,1.3333333333333333,1.0,2,0.0,0
1.0,0.05,0.5,Colorado,41.0,37,43,41.0,21.1,21.0,24,0.0,0.0,43.0,43.0,45.1,43.0,28.0,28.0,28.1,29.0,33,5.9,7
2.0,0.05,0.5,Colorado,41.0,37,43,41.0,23.2,23.0,26,0.0,0.0,43.0,43.0,47.7,46.0,28.0,28.0,23.2,23.5,27,7.4,10
0.5,0.25,1.0,Washington,41.0,39,43,41.0,16.3,17.0,17,0.0,0.0,44.0,44.0,47.0,47.0,47.0,47.0,12.6,13.0,14,8.9,10
2.0,0.1,1.0,New York,41.1,33,44,41.0,15.6,15.0,18,0.1,1.0,43.9,44.0,47.3,44.0,28.0,28.0,179.8,179.0,197,34.1,37
0.5,0.1,0.5,Oregon,41.2,37,57,39.0,10.5,10.5,11,0.0,0.0,51.0,55.0,58.0,57.0,98.4,125.0,2.0,2.0,3,2.4,3
1.0,0.01,1.0,New Mexico,41.2,32,51,40.0,10.0,10.5,12,0.1,1.0,47.0,47.0,58.4,51.0,28.0,28.0,17.3,17.5,23,3.0,6
2.0,0.05,2.0,Colorado,41.2,41,43,41.0,25.6,26.0,27,0.0,0.0,42.8,43.0,43.9,43.0,34.0,28.0,24.7,25.0,32,7.1,9
2.0,0.05,1.0,Indiana,41.2,34,51,36.0,57.9,58.0,62,0.0,0.0,49.3,48.0,56.7,54.5,28.0,28.0,27.0,26.5,31,15.6,19
1.0,0.1,2.0,Kentucky,41.2,37,43,43.0,48.7,50.0,53,0.0,0.0,52.4,55.0,62.4,65.0,84.8,90.0,19.0,18.5,23,15.7,20
1.0,0.25,2.0,Kentucky,41.2,37,43,43.0,50.9,51.0,54,0.4,1.0,51.4,55.0,60.5,65.0,79.3,80.0,20.1,20.0,23,16.1,18
2.0,0.1,0.5,New York,41.3,33,44,42.0,15.2,14.5,21,0.1,1.0,43.6,44.0,45.5,45.5,28.0,28.0,173.6,174.0,191,34.2,37
0.5,0.25,0.5,Utah,41.4,37,48,37.0,12.3,12.0,15,0.0,0.0,49.2,48.0,52.8,52.0,45.6,38.0,9.0,9.0,12,2.9,3
0.5,0.25,1.0,Utah,41.4,37,48,37.0,14.2,14.0,15,0.0,0.0,49.5,48.0,52.0,51.0,45.6,38.0,10.6,10.0,14,3.1,4
1.0,0.05,2.0,North Dakota,41.4,39,51,39.0,19.0,18.0,22,0.0,0.0,50.6,51.0,58.0,53.0,100.9,95.0,4.9,4.5,9,6.8,9
0.5,0.05,2.0,Colorado,41.4,41,43,41.0,22.2,22.5,24,0.0,0.0,42.9,43.0,44.2,43.0,29.7,28.0,26.2,27.5,31,7.1,10
1.0,0.25,0.5,Washington,41.4,39,43,43.0,16.8,16.5,19,0.0,0.0,44.2,45.0,47.4,49.0,47.0,47.0,12.9,13.0,16,9.2,12
1.0,0.01,1.0,Iowa,41.4,38,53,40.0,25.5,24.5,30,1.4,6.0,49.6,47.0,56.3,54.0,28.0,28.0,84.4,85.0,95,54.7,58
1.0,0.01,2.0,Iowa,41.4,38,53,40.0,25.3,24.5,32,1.6,4.0,51.9,53.0,64.2,61.5,28.0,28.0,85.3,85.5,94,56.2,59
0.5,0.05,1.0,Wyoming,41.5,40,55,40.0,10.7,10.5,13,0.0,0.0,51.9,53.0,55.2,54.0,74.0,69.0,1.25,1.0,2,0.0,0
0.5,0.01,2.0,New Mexico,41.5,32,51,42.5,9.7,9.5,13,0.0,0.0,46.9,51.0,55.6,51.5,28.0,28.0,19.3,19.5,24,3.1,5
0.5,0.05,1.0,Colorado,41.5,41,43,41.0,17.3,17.0,20,0.0,0.0,43.5,43.0,45.8,46.0,29.7,28.0,23.0,23.0,27,4.7,7
1.0,0.25,2.0,Washington,41.5,39,44,43.0,16.8,17.0,18,0.0,0.0,44.4,45.0,49.0,49.0,47.1,47.0,15.6,16.0,18,9.4,12
0.5,0.25,2.0,Washington,41.5,39,44,43.0,16.6,16.5,19,0.0,0.0,44.2,45.0,47.4,49.0,43.2,47.0,16.6,16.0,21,9.4,11
2.0,0.05,0.5,New York,41.5,33,44,43.0,13.9,14.5,16,0.2,1.0,45.5,45.5,53.0,50.5,28.0,28.0,177.2,179.0,187,35.6,39
0.5,0.01,1.0,Iowa,41.5,38,53,40.5,22.7,22.5,27,1.8,8.0,52.9,53.0,62.7,60.0,29.5,28.0,74.3,76.5,86,49.8,53
0.5,0.05,1.0,North Dakota,41.6,39,53,39.0,16.4,16.5,17,0.0,0.0,52.8,51.0,60.2,53.0,129.9,151.0,2.3,2.0,4,5.7,7
0.5,0.25,0.5,Washington,41.6,39,45,43.0,11.5,11.5,13,0.1,1.0,44.8,45.0,48.4,49.0,46.6,47.0,12.4,12.0,15,7.6,10
2.0,0.05,1.0,Maryland,41.7,34,66,38.0,13.7,14.0,15,0.4,1.0,66.2,65.5,79.1,77.5,48.3,28.0,19.0,22.0,29,1.4,3
0.5,0.1,1.0,New York,41.7,33,44,44.0,14.6,15.0,16,0.2,1.0,44.3,44.0,46.8,47.0,28.0,28.0,162.5,164.0,175,34.0,37
1.0,0.05,0.5,Wyoming,41.8,40,58,40.0,11.2,11.0,13,0.0,0.0,52.3,54.0,58.1,58.0,,,0.0,0.0,0,0.2,1
0.5,0.01,1.0,New Mexico,41.8,32,51,43.0,8.9,9.0,12,0.1,1.0,49.6,51.0,58.6,51.5,28.0,28.0,16.5,16.5,21,3.2,5
2.0,0.25,2.0,Washington,41.8,39,43,43.0,18.1,18.5,19,0.0,0.0,44.4,45.0,47.8,49.0,41.3,47.0,15.1,15.0,19,9.1,11
2.0,0.25,0.5,Washington,41.8,39,43,43.0,17.2,17.0,19,0.0,0.0,44.4,45.0,47.8,49.0,43.3,47.0,15.2,15.0,18,9.1,10
0.5,0.1,1.0,Kentucky,41.8,37,43,43.0,37.8,38.0,41,0.1,1.0,53.6,55.0,64.4,65.0,28.0,28.0,13.9,14.5,18,9.5,13
2.0,0.1,0.5,Kentucky,41.8,37,43,43.0,46.4,46.0,52,0.0,0.0,53.6,55.0,64.6,66.0,81.2,81.0,17.2,17.0,21,15.7,20
1.0,0.25,1.0,Utah,41.9,37,51,37.0,16.6,16.0,18,0.0,0.0,49.5,48.0,51.9,51.0,45.6,38.0,15.7,16.0,18,2.8,4
0.5,0.1,1.0,Washington,41.9,39,44,43.0,16.5,16.5,18,0.0,0.0,44.7,45.0,52.0,49.0,41.6,47.0,12.7,13.0,15,8.4,10
ALL,ALL,ALL,Florida,41.958333333333336,31,181,32.0,10.86111111111111,11.0,19,0.8194444444444444,15.0,58.85,51.0,71.27222222222223,57.0,30.325,28.0,35.51111111111111,36.0,61,21.883333333333333,30
1.0,0.05,0.5,Maryland,42.0,34,66,34.0,12.6,13.0,15,0.7,3.0,65.7,66.0,81.6,88.0,34.9,28.0,18.6,24.0,32,0.9,3
0.5,0.05,1.0,Maryland,42.0,34,66,34.0,12.3,12.5,14,0.2,1.0,61.3,64.5,77.0,78.0,28.7,28.0,16.6,22.0,29,1.0,3
0.5,0.05,0.5,Michigan,42.1,37,54,40.0,33.9,34.5,37,0.0,0.0,49.4,50.0,56.6,54.0,58.6,55.0,8.6,8.5,11,14.6,16
1.0,0.01,1.0,Wisconsin,42.1,34,66,39.0,38.6,37.0,46,0.1,1.0,59.2,53.0,67.4,67.5,42.6,36.5,58.5,58.0,75,22.4,25
0.5,0.1,2.0,Washington,42.2,39,45,43.0,17.3,17.5,19,0.0,0.0,47.8,45.0,53.2,49.0,45.7,47.0,16.0,16.0,20,7.9,10
2.0,0.25,1.0,Washington,42.2,39,43,43.0,18.2,19.0,20,0.0,0.0,44.6,45.0,48.2,49.0,43.2,47.0,15.5,15.5,19,9.1,10
1.0,0.25,1.0,Washington,42.2,39,43,43.0,16.4,16.0,18,0.0,0.0,44.6,45.0,48.2,49.0,45.1,47.0,15.5,15.5,18,9.4,11
0.5,0.1,0.5,New York,42.2,40,44,43.0,13.9,14.0,18,0.1,1.0,43.8,44.0,45.8,47.0,28.0,28.0,134.9,133.5,145,32.4,35
1.0,0.01,0.5,South Dakota,42.3,38,47,42.0,33.3,33.0,35,0.0,0.0,48.2,45.0,50.0,47.0,45.7,52.5,10.8,10.5,15,3.2,5
1.0,0.05,2.0,Indiana,42.3,34,51,41.0,57.6,58.0,62,0.0,0.0,49.8,48.0,56.2,55.0,30.5,28.0,26.1,27.0,30,14.4,19
0.5,0.1,0.5,Washington,42.4,39,57,41.0,11.3,11.5,12,0.0,0.0,46.2,45.0,53.7,51.0,45.9,47.0,12.7,13.0,15,6.8,9
1.0,0.1,0.5,Kentucky,42.4,37,43,43.0,40.7,41.0,44,0.1,1.0,58.2,55.0,66.5,65.0,87.0,80.0,14.2,14.0,17,10.1,13
1.0,0.1,1.0,Kentucky,42.4,37,55,43.0,43.4,43.5,47,0.1,1.0,53.1,55.0,61.0,62.5,82.8,80.0,15.4,15.5,20,14.4,18
2.0,0.1,1.0,Kentucky,42.4,37,55,43.0,49.4,49.5,52,0.0,0.0,56.0,55.0,64.0,65.0,87.8,80.0,18.8,19.0,22,15.2,18
0.5,0.1,2.0,New York,42.4,40,44,44.0,14.6,14.0,18,0.0,0.0,44.0,44.0,45.8,47.0,28.0,28.0,179.3,179.0,196,35.1,39
2.0,0.25,1.0,Utah,42.5,37,48,42.5,17.1,17.0,19,0.0,0.0,49.5,49.0,52.4,51.5,47.5,47.5,16.5,16.5,20,2.6,4
1.0,0.25,2.0,Utah,42.5,37,48,42.5,16.4,16.0,18,0.0,0.0,49.9,50.5,53.5,55.0,47.5,47.5,15.4,15.5,18,2.9,4
1.0,0.01,2.0,New Mexico,42.5,38,47,42.5,10.2,11.0,11,0.0,0.0,50.2,51.0,60.4,56.5,28.0,28.0,18.4,18.5,22,3.2,5
2.0,0.01,1.0,South Dakota,42.5,38,47,42.0,40.4,40.5,42,0.0,0.0,45.0,43.0,47.5,46.5,47.3,40.5,15.0,13.0,22,5.2,10
0.5,0.05,0.5,Indiana,42.5,34,51,42.5,42.2,43.0,46,0.1,1.0,53.3,54.0,60.1,62.0,43.6,40.5,18.5,19.0,22,13.5,16
1.0,0.05,1.0,New York,42.5,33,44,44.0,13.1,13.0,18,0.0,0.0,44.9,44.0,49.7,47.0,28.0,28.0,176.7,179.5,193,36.3,40
1.0,0.05,2.0,Nevada,42.6,39,57,39.0,5.0,5.0,5,0.0,0.0,57.4,57.0,78.0,78.0,84.0,84.0,1.3,1.0,2,0.0,0
1.0,0.05,2.0,Oregon,42.6,39,57,39.0,15.3,15.0,17,0.0,0.0,55.0,57.0,59.6,57.0,44.4,28.0,6.3,6.0,9,4.1,5
2.0,0.01,2.0,Oklahoma,42.6,34,57,34.0,29.4,28.0,35,0.5,1.0,60.4,57.0,68.9,58.0,28.0,28.0,15.5,15.0,22,5.4,9
1.0,0.1,2.0,Washington,42.6,39,45,43.0,16.4,16.5,18,0.2,1.0,47.2,45.0,55.0,55.0,50.0,47.5,14.8,14.5,19,8.8,11
0.5,0.05,0.5,New York,42.6,40,44,44.0,12.7,12.0,16,0.1,1.0,44.9,44.0,49.0,47.0,28.0,28.0,132.2,131.5,146,31.6,34
0.5,0.05,2.0,New York,42.6,40,44,44.0,14.5,14.0,18,0.0,0.0,44.9,44.0,52.5,47.0,28.0,28.0,175.5,175.5,188,34.8,38
1.0,0.01,0.5,Iowa,42.6,38,53,40.0,23.1,23.0,30,2.0,5.0,56.5,55.0,63.3,65.0,28.0,28.0,74.9,74.5,89,52.3,59
0.5,0.05,0.5,Colorado,42.7,37,62,41.0,15.8,16.0,18,0.0,0.0,44.4,43.0,47.6,46.0,28.0,28.0,17.2,19.0,22,2.1,4
2.0,0.1,2.0,Washington,42.8,39,45,43.0,18.3,18.5,19,0.1,1.0,49.4,45.0,56.5,61.0,35.6,28.0,15.4,15.0,22,8.6,10
2.0,0.05,0.5,Indiana,42.8,34,56,41.5,56.8,57.0,58,0.0,0.0,52.5,51.0,61.2,62.5,28.0,28.0,26.3,26.5,29,15.0,18
1.0,0.1,0.5,New York,42.8,40,44,44.0,15.4,15.0,19,0.1,1.0,44.9,44.0,48.9,47.0,28.0,28.0,168.7,171.5,182,34.0,37
0.5,0.01,0.5,New Mexico,43.0,32,51,44.0,8.0,8.0,10,0.0,0.0,47.0,51.0,62.1,56.5,28.0,28.0,12.6,12.5,16,2.4,5
2.0,0.01,1.0,New Mexico,43.0,32,51,41.0,10.3,10.0,13,0.0,0.0,49.6,51.0,65.4,72.0,28.0,28.0,16.6,17.0,20,3.7,6
1.0,0.1,1.0,Washington,43.0,43,43,43.0,16.9,17.0,19,0.0,0.0,45.0,45.0,52.4,49.0,43.8,47.0,15.9,16.5,18,8.1,10
1.0,0.1,0.5,Washington,43.0,39,45,43.0,16.4,17.0,19,0.8,2.0,51.2,45.0,56.6,61.0,35.9,28.0,13.4,13.5,16,8.4,13
2.0,0.1,1.0,Washington,43.0,39,45,43.5,18.3,18.0,21,0.3,2.0,49.6,45.0,53.7,49.0,39.4,28.0,15.1,15.0,18,8.5,11
0.5,0.1,0.5,Kentucky,43.0,43,43,43.0,32.1,31.0,35,0.2,1.0,55.0,55.0,65.6,65.0,85.6,80.0,8.6,8.5,11,9.4,12
2.0,0.05,2.0,New York,43.0,40,44,44.0,13.1,13.0,17,0.1,1.0,44.6,44.0,51.4,47.0,28.0,28.0,179.2,177.0,199,36.0,38
2.0,0.05,1.0,New York,43.1,40,47,44.0,13.2,13.0,16,0.2,2.0,46.3,44.0,53.2,47.0,28.0,28.0,174.2,174.0,186,36.0,39
1.0,0.05,1.0,Oregon,43.2,37,57,39.0,16.0,16.0,18,0.0,0.0,55.2,57.0,61.5,57.0,41.8,28.0,6.7,7.0,9,3.5,5
0.5,0.25,2.0,Georgia,43.2,42,48,42.0,51.4,52.0,54,0.0,0.0,55.2,50.0,62.6,60.0,90.0,90.0,4.5,4.5,7,3.6,5
0.5,0.05,2.0,North Dakota,43.2,39,53,39.0,19.0,19.0,20,0.0,0.0,56.6,51.0,62.4,62.0,106.3,95.0,4.0,3.5,6,6.4,8
0.5,0.05,0.5,Wyoming,43.4,40,61,40.0,11.2,11.0,12,0.0,0.0,51.3,48.0,55.6,54.0,74.0,69.0,1.0,1.0,1,0.0,0
1.0,0.05,2.0,Washington,43.4,39,45,45.0,17.6,18.0,20,0.3,1.0,54.0,60.0,60.4,61.5,44.4,37.5,15.0,15.0,19,7.4,10
1.0,0.05,0.5,Pennsylvania,43.5,36,69,36.0,46.4,46.0,49,0.0,0.0,54.4,48.0,60.6,55.5,44.1,28.0,30.8,31.0,37,8.9,12
ALL,ALL,ALL,Colorado,43.56944444444444,37,70,41.0,20.502777777777776,22.0,28,0.041666666666666664,2.0,47.05833333333333,43.0,50.18333333333333,43.0,29.711111111111112,28.0,23.866666666666667,24.0,37,6.705555555555556,11
0.5,0.05,0.5,North Dakota,43.6,39,71,39.0,14.6,14.5,16,0.0,0.0,54.4,51.0,60.4,53.0,88.25,110.0,1.4,1.5,3,5.8,7
2.0,0.1,0.5,Washington,43.6,39,61,43.0,17.2,17.0,19,0.0,0.0,46.3,45.0,50.9,49.0,47.8,47.0,14.2,14.0,16,8.3,10
2.0,0.01,2.0,Arizona,43.8,37,51,41.0,9.1,9.0,10,0.5,1.0,58.4,51.0,94.3,99.5,34.4,28.0,14.4,14.5,18,1.9,3
2.0,0.01,0.5,Iowa,43.8,38,53,41.0,24.2,24.5,29,2.2,8.0,56.2,54.0,66.2,65.0,30.9,28.0,84.1,83.5,107,56.8,64
2.0,0.01,0.5,New Mexico,43.9,32,51,47.0,9.7,9.5,11,0.3,3.0,54.2,51.0,61.6,56.5,28.0,28.0,17.5,16.5,23,3.4,5
1.0,0.01,1.0,South Dakota,43.9,42,47,43.0,35.8,36.5,39,0.0,0.0,46.4,46.0,49.4,47.0,60.2,59.0,12.5,12.5,17,5.1,8
0.5,0.05,1.0,Washington,43.9,39,61,43.0,15.8,15.5,19,0.2,1.0,50.0,45.0,59.5,61.0,48.2,47.0,13.0,12.5,16,7.2,9
0.5,0.05,1.0,New York,43.9,40,47,44.0,11.7,11.5,16,0.7,7.0,48.7,47.0,58.9,61.0,28.0,28.0,156.2,157.5,168,35.8,39
1.0,0.05,2.0,New York,43.9,40,55,44.0,12.3,13.0,15,0.2,2.0,48.1,47.0,57.5,61.0,28.0,28.0,179.4,178.5,196,37.1,40
0.5,0.01,1.0,South Dakota,44.0,38,55,43.0,31.4,31.5,36,0.0,0.0,46.6,44.0,50.4,47.0,47.0,40.5,9.2,9.5,14,2.3,5
2.0,0.01,0.5,South Dakota,44.0,38,56,43.5,37.5,38.0,40,0.0,0.0,50.1,50.0,54.6,55.0,51.7,55.5,12.1,11.5,17,5.5,9
1.0,0.05,1.0,Washington,44.0,39,45,45.0,16.5,16.5,19,0.3,2.0,56.0,61.0,61.1,62.0,54.5,69.0,13.5,13.5,17,7.9,10
1.0,0.05,0.5,Nevada,44.2,39,73,39.0,5.0,5.0,5,0.0,0.0,59.3,57.0,78.2,78.0,84.0,84.0,1.3,1.0,2,0.0,0
1.0,0.05,0.5,Oregon,44.2,39,57,39.0,13.8,14.0,16,0.0,0.0,56.0,57.0,64.4,64.5,37.1,28.0,6.1,6.0,7,3.1,4
2.0,0.05,2.0,Oregon,44.2,37,57,39.0,16.0,16.5,17,0.0,0.0,55.2,57.0,62.0,57.0,28.0,28.0,6.2,6.0,8,3.4,5
2.0,0.05,1.0,Oregon,44.2,39,57,39.0,15.7,16.0,16,0.0,0.0,53.8,55.0,63.3,57.0,28.0,28.0,6.0,6.0,10,3.5,5
1.0,0.05,0.5,North Dakota,44.2,39,53,39.0,18.0,18.0,20,0.0,0.0,55.0,51.0,64.0,71.0,99.7,95.0,4.1,4.0,7,5.6,8
1.0,0.25,1.0,Georgia,44.2,42,50,42.0,50.6,51.0,52,0.0,0.0,56.6,55.0,65.3,63.0,90.0,90.0,5.7,6.0,7,5.8,8
2.0,0.05,1.0,Pennsylvania,44.2,36,71,38.5,47.6,47.0,53,0.0,0.0,54.2,51.0,61.7,61.5,61.6,61.0,33.2,33.0,40,10.5,14
1.0,0.05,2.0,Maryland,44.3,34,82,37.5,13.7,14.0,15,0.2,1.0,64.7,66.0,76.0,72.0,48.3,28.0,20.3,20.5,33,0.8,2
2.0,0.05,1.0,Nevada,44.4,39,57,39.0,5.0,5.0,5,0.0,0.0,59.7,57.0,78.3,78.0,84.0,84.0,1.4,1.0,2,0.0,0
2.0,0.05,0.5,Nevada,44.4,39,73,39.0,5.0,5.0,5,0.0,0.0,60.7,57.0,78.2,78.0,84.0,84.0,1.4,1.0,2,0.0,0
2.0,0.05,0.5,Wyoming,44.4,40,63,40.0,12.5,12.5,13,0.0,0.0,53.7,53.5,58.2,56.0,173.33333333333334,220.0,2.2222222222222223,2.0,4,0.1,1
0.5,0.05,0.5,Oregon,44.4,39,57,39.0,9.6,10.0,11,0.0,0.0,60.5,57.0,68.3,64.5,108.3,119.5,2.5,2.0,6,2.3,4
1.0,0.01,0.5,New Mexico,44.6,32,51,47.0,9.7,9.5,11,0.2,2.0,52.8,51.0,59.5,55.5,28.0,28.0,16.4,16.5,21,2.8,4
0.5,0.05,2.0,Indiana,44.6,34,51,51.0,54.5,55.5,59,0.0,0.0,51.5,54.0,56.4,57.5,35.5,28.0,25.0,25.0,29,16.0,20
1.0,0.01,1.0,Arizona,44.7,35,65,38.0,8.8,9.0,10,0.6,1.0,69.9,51.0,93.5,80.0,39.6,28.0,10.1,10.5,14,2.1,3
2.0,0.25,2.0,Utah,44.7,37,48,48.0,16.9,17.0,18,0.0,0.0,50.0,50.5,53.2,53.5,51.3,57.0,15.7,15.0,19,2.7,3
0.5,0.01,2.0,Oklahoma,44.7,34,57,41.5,20.2,20.0,23,0.4,1.0,57.9,57.5,66.4,60.5,71.1,28.0,5.4,6.0,9,2.7,5
2.0,0.05,2.0,Indiana,44.7,34,51,48.0,59.8,59.0,63,0.0,0.0,53.6,51.5,60.8,63.0,35.5,28.0,27.2,27.0,35,14.7,18
2.0,0.05,2.0,North Dakota,44.8,39,71,39.0,21.6,22.0,23,0.0,0.0,56.4,51.0,62.7,62.0,102.0,95.0,5.7,6.0,7,5.0,7
0.5,0.05,1.0,Indiana,44.8,34,51,48.0,46.9,47.0,54,0.1,1.0,54.5,55.0,61.4,61.0,38.0,28.0,22.4,22.5,25,15.3,19
0.5,0.1,2.0,Kentucky,44.9,43,55,43.0,41.7,43.0,44,0.6,1.0,57.0,55.0,65.4,65.0,76.7,80.0,17.5,17.5,21,15.7,19
0.5,0.01,2.0,Iowa,44.9,38,53,40.0,24.6,23.0,28,2.2,7.0,54.4,53.5,63.5,62.0,29.3,28.0,80.7,81.0,90,53.5,58
1.0,0.1,0.5,Utah,45.0,37,55,48.0,14.4,14.0,17,0.0,0.0,53.0,55.0,56.4,55.0,49.4,57.0,11.8,12.0,13,2.9,4
1.0,0.25,2.0,Georgia,45.0,42,50,42.0,55.7,55.5,58,0.0,0.0,57.7,50.0,63.7,60.0,90.0,90.0,6.1,6.0,9,5.1,7
2.0,0.05,1.0,Washington,45.1,39,61,43.5,18.6,18.5,20,0.1,1.0,51.4,45.0,56.8,59.0,46.3,47.0,14.7,15.0,17,7.6,9
0.5,0.01,0.5,Iowa,45.1,38,53,41.0,20.0,19.5,25,1.3,3.0,53.1,53.0,61.3,61.5,32.1,28.0,63.8,64.0,73,44.0,49
ALL,ALL,ALL,Wyoming,45.2,40,85,40.0,11.8,13.0,14,0.0,0.0,55.71111111111111,48.0,66.26944444444445,54.0,118.70652173913044,69.0,1.8986013986013985,2.0,5,0.07222222222222222,1
0.5,0.25,0.5,Georgia,45.2,42,50,45.0,28.5,28.0,32,0.0,0.0,53.8,50.0,65.1,60.0,77.6,90.0,2.5,2.0,4,0.6,2
1.0,0.01,2.0,South Dakota,45.2,42,56,43.0,38.3,38.0,42,0.0,0.0,47.6,45.5,50.5,47.0,51.1,55.5,12.9,12.0,19,5.8,9
1.0,0.05,0.5,Indiana,45.2,34,59,48.0,49.4,49.5,52,0.1,1.0,54.5,52.5,59.4,58.5,34.3,28.0,24.2,23.5,29,14.2,18
0.5,0.01,0.5,South Dakota,45.4,42,56,45.0,25.6,25.0,28,0.0,0.0,48.7,47.0,53.4,55.5,43.5,43.0,7.9,8.0,11,1.7,3
0.5,0.1,1.0,Utah,45.4,37,55,48.0,13.2,13.0,15,0.0,0.0,52.6,53.5,57.7,55.0,51.0,57.0,11.2,11.0,16,3.0,4
2.0,0.05,2.0,Kentucky,45.4,43,55,43.0,44.2,44.0,46,0.3,1.0,63.2,65.0,69.2,67.0,93.9,100.0,18.7,18.0,24,18.1,22
0.5,0.05,2.0,Kentucky,45.5,37,65,43.0,41.1,41.5,43,0.0,0.0,61.7,66.0,68.8,70.5,77.4,81.0,14.8,15.0,20,13.8,17
2.0,0.05,0.5,North Dakota,45.6,39,71,39.0,20.6,20.5,23,0.0,0.0,55.2,51.0,62.4,53.0,97.2,95.0,5.8,5.5,8,5.1,8
1.0,0.05,0.5,Washington,45.6,43,61,44.0,16.7,17.0,18,0.3,1.0,55.2,61.0,59.7,62.0,50.1,47.0,13.2,13.0,16,7.2,9
1.0,0.1,2.0,Utah,45.7,37,55,48.0,15.1,15.0,16,0.0,0.0,51.5,51.0,56.0,55.0,51.3,57.0,15.7,15.5,20,3.5,4
2.0,0.01,2.0,Iowa,45.8,38,60,41.0,27.6,27.5,30,0.8,3.0,53.2,53.0,58.5,57.5,28.0,28.0,88.7,89.0,96,56.5,61
2.0,0.05,0.5,Oregon,46.0,39,57,43.0,15.3,16.0,16,0.0,0.0,58.2,57.0,67.5,72.0,35.0,28.0,6.7,6.5,8,4.2,7
0.5,0.01,2.0,South Dakota,46.1,38,56,42.5,36.0,36.0,39,0.0,0.0,48.7,45.0,51.6,47.0,61.4,58.0,10.8,11.0,12,3.3,4
2.0,0.05,2.0,Pennsylvania,46.1,36,77,45.0,46.6,47.0,49,0.1,1.0,56.5,60.0,60.9,61.5,59.1,61.0,30.4,31.0,37,11.3,15
ALL,ALL,ALL,Michigan,46.138888888888886,37,96,37.0,38.48888888888889,39.0,49,0.07777777777777778,3.0,52.95,43.0,60.355555555555554,54.0,62.71944444444444,55.0,18.3,19.0,30,17.919444444444444,25
0.5,0.25,2.0,Utah,46.4,37,51,48.0,16.7,17.0,18,0.0,0.0,51.6,51.0,54.3,55.0,53.2,57.0,12.5,12.5,15,2.9,4
ALL,ALL,ALL,Indiana,46.483333333333334,34,101,38.0,52.958333333333336,55.0,68,0.030555555555555555,2.0,56.03611111111111,51.0,61.94444444444444,54.0,43.388888888888886,28.0,24.82777777777778,26.0,37,14.33611111111111,21
2.0,0.01,2.0,South Dakota,46.5,38,71,43.0,40.1,40.0,43,0.0,0.0,49.6,46.5,53.1,49.5,50.2,54.0,15.6,15.0,22,5.1,6
0.5,0.1,0.5,Utah,46.6,37,55,48.0,12.1,12.0,14,0.0,0.0,51.9,51.0,56.8,55.0,51.3,57.0,10.3,11.0,12,3.3,5
0.5,0.05,0.5,Washington,46.6,39,61,44.0,11.2,11.0,14,0.1,1.0,53.5,53.0,61.1,61.5,54.4,58.0,10.6,11.0,12,6.0,8
0.5,0.25,0.5,Nebraska,47.0,47,47,47.0,25.1,25.0,27,0.0,0.0,47.1,47.0,48.0,48.0,48.0,48.0,4.3,4.0,6,5.2,6
0.5,0.05,0.5,Nebraska,47.0,47,47,47.0,19.9,20.0,21,0.0,0.0,48.0,48.0,49.8,49.0,58.6,48.0,3.0,3.0,5,5.3,7
0.5,0.1,0.5,Nebraska,47.0,47,47,47.0,23.0,23.0,25,0.0,0.0,47.3,47.0,48.2,48.0,48.0,48.0,4.2,4.0,6,5.3,6
0.5,0.05,1.0,Nebraska,47.0,47,47,47.0,25.2,25.0,28,0.0,0.0,48.3,48.0,49.8,48.5,51.4,48.0,4.2,4.5,6,5.7,8
0.5,0.1,1.0,Nebraska,47.0,47,47,47.0,27.8,27.5,30,0.0,0.0,47.6,48.0,48.4,48.0,48.0,48.0,4.7,4.5,6,6.6,8
0.5,0.25,1.0,Nebraska,47.0,47,47,47.0,29.6,29.0,33,0.0,0.0,47.1,47.0,48.0,48.0,48.5,48.0,4.7,5.0,6,6.7,8
1.0,0.05,0.5,Nebraska,47.0,47,47,47.0,28.6,28.5,31,0.0,0.0,47.7,47.5,50.8,48.5,56.3,50.5,5.9,5.5,9,6.7,8
1.0,0.1,1.0,Nebraska,47.0,47,47,47.0,38.6,38.5,41,0.0,0.0,47.3,47.0,48.2,48.0,48.0,48.0,5.2,5.0,7,6.7,9
0.5,0.1,2.0,Nebraska,47.0,47,47,47.0,37.4,38.0,39,0.0,0.0,47.6,48.0,48.7,48.0,48.0,48.0,4.9,5.0,6,6.8,8
1.0,0.25,0.5,Nebraska,47.0,47,47,47.0,34.0,34.0,36,0.0,0.0,47.3,47.0,48.0,48.0,49.8,48.0,5.3,6.0,6,6.9,8
1.0,0.25,1.0,Nebraska,47.0,47,47,47.0,39.5,39.0,42,0.0,0.0,47.0,47.0,48.0,48.0,49.0,48.0,5.0,5.0,7,6.9,8
0.5,0.25,2.0,Nebraska,47.0,47,47,47.0,38.1,38.0,40,0.0,0.0,47.2,47.0,48.1,48.0,48.5,48.0,4.6,4.0,7,7.0,9
1.0,0.1,0.5,Nebraska,47.0,47,47,47.0,31.7,32.0,34,0.0,0.0,47.4,47.0,48.4,48.0,51.8,48.0,4.9,5.0,7,7.1,8
2.0,0.05,0.5,Washington,47.0,39,61,44.0,17.3,17.0,19,0.3,1.0,55.1,60.0,59.3,61.5,48.3,47.5,15.8,16.0,20,7.6,9
1.0,0.05,1.0,Nebraska,47.0,47,47,47.0,35.2,35.5,37,0.0,0.0,47.6,48.0,50.7,50.0,51.4,48.0,4.8,5.0,7,7.8,9
2.0,0.05,2.0,Washington,47.0,39,62,43.5,17.4,17.0,20,0.4,2.0,53.6,55.0,63.2,61.5,43.0,28.0,15.2,15.5,17,8.5,11
2.0,0.25,0.5,Nebraska,47.0,47,47,47.0,41.7,41.0,44,0.0,0.0,47.0,47.0,48.0,48.0,48.5,48.0,5.1,5.0,6,9.2,11
2.0,0.05,1.0,Nebraska,47.0,47,47,47.0,38.3,38.0,41,0.0,0.0,47.8,48.0,50.0,50.0,48.0,48.0,6.2,6.5,9,9.7,11
2.0,0.1,0.5,Nebraska,47.0,47,47,47.0,40.2,40.5,43,0.0,0.0,47.4,47.0,48.8,48.0,49.0,48.0,4.7,5.0,6,9.7,11
1.0,0.25,2.0,Nebraska,47.0,47,47,47.0,42.7,43.0,45,0.0,0.0,47.2,47.0,48.4,48.0,48.5,48.0,7.1,7.0,8,9.8,11
1.0,0.1,2.0,Nebraska,47.0,47,47,47.0,41.4,41.0,44,0.0,0.0,47.5,47.5,48.2,48.0,53.7,48.0,6.5,6.5,9,9.8,11
2.0,0.25,1.0,Nebraska,47.0,47,47,47.0,42.8,43.0,45,0.0,0.0,47.0,47.0,48.0,48.0,48.5,48.0,7.7,7.5,9,9.9,11
2.0,0.05,0.5,Nebraska,47.0,47,47,47.0,36.5,36.5,40,0.0,0.0,48.3,48.0,49.8,50.0,54.8,48.0,5.0,5.0,7,10.0,13
2.0,0.1,1.0,Nebraska,47.0,47,47,47.0,40.5,40.5,43,0.0,0.0,47.6,48.0,49.2,48.0,48.0,48.0,6.1,6.0,8,10.0,11
2.0,0.1,2.0,Nebraska,47.0,47,47,47.0,41.8,41.5,43,0.0,0.0,47.5,47.5,48.2,48.0,49.5,48.0,5.9,5.5,7,10.1,11
2.0,0.25,2.0,Nebraska,47.0,47,47,47.0,43.7,44.0,45,0.0,0.0,47.3,47.0,48.2,48.0,48.0,48.0,6.9,7.0,9,10.2,11
1.0,0.05,2.0,Nebraska,47.0,47,47,47.0,37.9,38.0,41,0.0,0.0,47.9,48.0,49.5,49.5,67.3,65.0,5.1,5.0,7,10.5,13
2.0,0.05,2.0,Nebraska,47.0,47,47,47.0,39.1,39.0,41,0.0,0.0,47.7,48.0,48.8,48.0,48.0,48.0,5.8,5.0,8,11.2,12
1.0,0.05,0.5,New York,47.0,40,71,44.0,13.1,13.5,15,0.2,2.0,49.6,47.0,57.5,55.0,28.0,28.0,168.5,167.5,194,35.6,39
1.0,0.25,2.0,Illinois,47.1,47,48,47.0,62.5,62.5,65,0.0,0.0,48.2,48.0,50.2,50.0,67.0,67.0,18.6,18.5,24,6.7,9
0.5,0.05,2.0,Nebraska,47.1,47,48,47.0,33.9,34.0,37,0.0,0.0,47.9,48.0,50.5,50.5,65.7,57.0,3.9,4.0,6,6.7,8
0.5,0.25,1.0,Illinois,47.2,47,48,47.0,55.9,56.0,58,0.0,0.0,48.4,48.0,50.4,50.0,67.0,67.0,13.6,13.5,16,5.3,7
0.5,0.25,2.0,Illinois,47.2,47,48,47.0,61.2,61.5,64,0.0,0.0,48.4,48.0,50.4,50.0,51.4,67.0,15.6,16.5,18,6.2,8
2.0,0.25,0.5,Illinois,47.2,47,48,47.0,61.5,61.0,66,0.0,0.0,48.4,48.0,50.4,50.0,67.0,67.0,19.2,19.0,23,7.1,8
1.0,0.01,1.0,Ohio,47.2,32,83,45.0,48.4,49.5,51,0.3,2.0,63.4,56.0,77.7,75.0,71.5,56.0,18.2,17.5,24,13.4,19
2.0,0.25,0.5,Georgia,47.3,42,67,45.0,54.1,54.5,56,0.0,0.0,57.4,50.0,64.9,61.5,90.0,90.0,5.7,6.0,7,5.0,7
2.0,0.25,1.0,Illinois,47.3,47,48,47.0,61.9,61.0,65,0.0,0.0,48.6,48.0,50.6,50.0,67.0,67.0,18.2,18.0,23,7.1,9
1.0,0.25,1.0,Illinois,47.4,47,48,47.0,60.9,60.5,63,0.0,0.0,48.8,48.0,50.8,50.0,51.4,67.0,16.3,16.0,21,6.2,8
0.5,0.25,0.5,Illinois,47.5,47,48,47.5,48.3,48.0,50,0.0,0.0,49.0,49.0,51.0,51.0,67.0,67.0,10.2,10.0,12,2.0,3
1.0,0.1,1.0,Utah,47.5,37,55,48.0,15.7,16.0,17,0.0,0.0,53.5,55.0,59.9,55.0,53.2,57.0,15.0,14.5,18,2.7,3
2.0,0.05,1.0,Utah,47.5,37,55,48.0,15.3,15.0,17,0.0,0.0,54.8,55.0,62.6,66.5,53.2,57.0,14.5,14.5,19,2.9,4
0.5,0.05,1.0,Oregon,47.5,39,72,43.0,13.4,13.5,15,0.0,0.0,58.3,57.0,66.9,64.5,28.0,28.0,5.2,5.0,6,3.0,4
1.0,0.25,0.5,Illinois,47.5,47,48,47.5,58.2,57.5,62,0.0,0.0,49.2,50.0,51.2,52.0,67.0,67.0,15.0,15.0,18,4.8,6
2.0,0.25,2.0,Illinois,47.5,47,48,47.5,61.8,62.0,65,0.0,0.0,49.0,49.0,51.0,51.0,67.0,67.0,18.4,19.0,22,7.1,10
1.0,0.1,2.0,Illinois,47.5,47,48,47.5,58.1,58.5,61,0.0,0.0,49.0,49.0,51.0,51.0,67.0,67.0,19.9,20.0,24,8.3,11
2.0,0.25,1.0,Georgia,47.6,42,78,42.0,56.0,56.0,57,0.0,0.0,56.8,55.0,65.3,63.0,90.0,90.0,5.9,6.0,7,5.2,7
2.0,0.1,2.0,Illinois,47.6,47,50,47.0,59.4,59.5,62,0.0,0.0,49.0,48.0,51.0,50.0,67.0,67.0,19.4,19.5,23,7.5,9
2.0,0.05,1.0,Kentucky,47.6,43,67,43.0,45.8,46.0,50,0.2,1.0,61.6,60.0,68.6,70.0,91.1,100.0,19.5,20.5,22,15.3,22
0.5,0.1,2.0,Utah,47.7,37,55,48.0,15.1,15.0,17,0.0,0.0,52.8,53.5,57.3,55.0,53.2,57.0,14.0,14.0,18,3.2,4
1.0,0.1,0.5,Illinois,47.7,47,50,47.5,55.9,56.0,58,0.0,0.0,49.6,49.0,52.0,52.0,59.2,67.0,17.2,17.0,22,5.3,8
0.5,0.1,1.0,Illinois,47.7,47,50,47.5,52.1,51.5,55,0.0,0.0,49.6,50.0,51.8,52.0,55.3,67.0,14.3,14.5,17,5.5,7
0.5,0.05,1.0,Pennsylvania,47.7,36,71,36.0,42.7,42.0,47,0.0,0.0,58.6,56.5,64.0,60.0,47.0,28.0,29.0,29.5,36,10.0,16
1.0,0.25,0.5,Georgia,47.8,42,78,42.0,41.8,41.5,45,0.0,0.0,55.4,50.0,64.3,60.0,90.0,90.0,4.5,4.5,5,5.1,6
2.0,0.01,2.0,Ohio,47.8,32,83,43.0,48.8,48.5,54,0.1,1.0,68.2,74.0,84.1,83.0,71.1,55.0,20.0,20.0,28,14.8,19
0.5,0.1,0.5,Illinois,47.9,47,50,48.0,42.6,42.0,46,0.0,0.0,50.6,50.0,52.6,52.0,67.0,67.0,10.4,9.5,14,3.2,4
ALL,ALL,ALL,North Dakota,47.93888888888889,39,93,39.0,18.386111111111113,19.0,24,0.002777777777777778,1.0,58.99166666666667,51.0,64.91666666666667,53.0,107.64788732394366,95.0,4.655555555555556,5.0,11,5.288888888888889,9
0.5,0.25,1.0,West Virginia,48.0,48,48,48.0,8.3,8.0,9,0.0,0.0,59.0,59.0,65.1,65.0,103.6,95.0,3.2,2.5,6,0.0,0
0.5,0.25,0.5,West Virginia,48.0,48,48,48.0,6.2,6.0,7,0.0,0.0,59.0,59.0,70.0,65.0,97.88888888888889,95.0,1.2222222222222223,1.0,2,0.0,0
2.0,0.25,0.5,West Virginia,48.0,48,48,48.0,12.9,12.5,15,0.0,0.0,59.0,59.0,70.0,65.0,122.0,95.0,3.4,3.0,6,0.0,0
1.0,0.25,1.0,West Virginia,48.0,48,48,48.0,11.5,11.5,13,0.0,0.0,59.0,59.0,72.8,65.0,122.8,95.0,3.5,3.5,5,0.1,1
1.0,0.25,2.0,West Virginia,48.0,48,48,48.0,13.5,13.5,15,0.0,0.0,59.0,59.0,65.0,65.0,95.0,95.0,4.5,4.0,6,0.2,1
2.0,0.25,1.0,West Virginia,48.0,48,48,48.0,13.9,14.0,15,0.0,0.0,59.0,59.0,75.0,65.0,117.2,95.0,4.2,4.0,6,0.2,1
0.5,0.25,2.0,West Virginia,48.0,48,48,48.0,11.6,11.5,13,0.0,0.0,59.0,59.0,70.2,65.0,120.9,95.0,3.9,4.0,6,0.2,1
2.0,0.25,2.0,West Virginia,48.0,48,48,48.0,14.5,14.5,16,0.0,0.0,59.0,59.0,67.8,65.0,114.5,95.0,4.7,4.5,7,0.3,1
2.0,0.25,0.5,Virginia,48.0,46,50,48.0,35.2,35.0,38,0.0,0.0,50.2,50.0,51.9,50.0,96.8,98.0,9.0,8.5,14,3.5,5
1.0,0.1,1.0,Illinois,48.1,47,50,48.0,57.4,57.5,61,0.0,0.0,50.6,52.0,52.6,54.0,51.4,67.0,18.2,19.0,21,7.2,10
2.0,0.1,1.0,Illinois,48.1,47,50,48.0,59.5,59.0,63,0.0,0.0,50.4,50.0,52.2,52.0,67.0,67.0,20.6,20.5,24,7.5,10
ALL,ALL,ALL,Nebraska,48.22222222222222,47,73,47.0,32.63055555555555,34.0,45,0.005555555555555556,1.0,50.74722222222222,48.0,53.24166666666667,48.0,61.638888888888886,48.0,5.15,5.0,12,7.777777777777778,13
0.5,0.1,2.0,Illinois,48.3,47,52,48.0,57.4,57.5,61,0.0,0.0,50.0,50.0,52.0,52.0,31.9,28.0,17.5,17.5,20,6.2,8
0.5,0.05,2.0,Illinois,48.3,47,50,48.0,52.3,52.5,55,0.0,0.0,51.2,50.0,54.1,54.0,43.6,28.0,20.1,20.0,24,6.9,8
1.0,0.05,1.0,Illinois,48.3,47,50,48.0,53.3,53.0,58,0.0,0.0,51.2,51.0,53.6,54.0,63.1,67.0,19.7,19.5,25,8.2,10
1.0,0.05,2.0,Utah,48.4,37,55,49.0,15.3,15.0,18,0.0,0.0,56.7,55.0,61.2,60.0,58.1,57.0,14.2,14.0,19,2.8,4
2.0,0.25,1.0,Virginia,48.4,46,52,49.0,37.5,37.0,41,0.0,0.0,50.7,50.0,51.5,52.0,95.7,98.0,8.5,9.0,10,3.9,8
2.0,0.1,0.5,Illinois,48.4,47,52,48.0,58.1,58.0,60,0.0,0.0,50.0,50.0,52.0,52.0,67.0,67.0,19.6,19.5,22,7.7,11
2.0,0.05,1.0,Illinois,48.4,47,50,48.0,56.0,55.5,59,0.0,0.0,51.4,51.0,53.4,54.0,67.0,67.0,21.1,21.5,26,8.8,10
0.5,0.05,0.5,Nevada,48.5,39,78,39.0,5.0,5.0,5,0.0,0.0,61.9,57.0,78.6,78.0,86.66666666666667,84.0,1.5555555555555556,2.0,2,0.0,0
0.5,0.05,0.5,Illinois,48.6,47,52,48.0,39.0,38.5,43,0.0,0.0,52.2,52.0,54.9,54.0,67.0,67.0,8.7,9.0,12,3.0,4
2.0,0.25,2.0,Georgia,48.6,42,78,45.0,56.0,56.0,57,0.0,0.0,59.5,50.0,67.6,61.5,90.0,90.0,6.0,6.0,8,5.2,7
1.0,0.05,0.5,Illinois,48.6,47,54,48.0,50.1,49.5,55,0.0,0.0,51.6,51.0,54.0,54.0,52.0,67.0,16.4,16.0,19,5.9,8
2.0,0.05,0.5,Illinois,48.7,47,52,48.0,54.6,55.0,59,0.0,0.0,51.8,52.0,54.0,54.0,67.0,67.0,21.4,22.0,24,8.3,11
1.0,0.05,1.0,Kentucky,48.7,37,72,43.0,41.7,41.5,45,0.1,1.0,62.4,65.0,70.5,69.5,91.2,91.0,15.4,16.0,18,13.7,18
0.5,0.25,1.0,Virginia,48.8,46,50,49.0,26.8,27.0,30,0.0,0.0,50.6,50.0,51.9,52.0,100.0,102.5,7.7,8.0,9,3.8,6
2.0,0.01,2.0,Colorado,48.8,41,62,44.5,20.3,20.0,25,0.0,0.0,58.2,62.0,70.2,69.0,28.0,28.0,29.8,30.0,37,6.7,9
2.0,0.05,2.0,Illinois,48.8,47,50,49.0,56.7,57.0,60,0.0,0.0,51.8,52.0,54.0,54.0,67.0,67.0,21.6,22.0,26,8.6,11
2.0,0.05,0.5,Kentucky,48.8,43,65,43.0,43.1,44.0,47,0.0,0.0,61.6,64.5,71.2,69.5,92.3,100.0,17.5,17.5,22,14.6,18
1.0,0.01,1.0,Oklahoma,49.0,34,57,55.0,22.2,22.0,26,0.2,1.0,58.6,57.0,69.1,60.5,28.0,28.0,6.7,7.0,12,2.7,7
2.0,0.1,2.0,Utah,49.0,37,55,48.0,15.2,15.0,16,0.0,0.0,53.4,55.0,58.4,55.0,55.1,57.0,15.1,15.0,17,3.2,5
0.5,0.25,2.0,Virginia,49.0,46,52,50.0,32.2,32.5,35,0.0,0.0,50.7,50.0,52.3,52.0,95.7,98.0,7.9,8.0,10,3.6,6
1.0,0.25,0.5,Virginia,49.0,46,50,50.0,28.0,28.5,31,0.0,0.0,51.3,52.0,52.2,53.0,98.8,98.0,7.9,8.0,10,3.9,7
1.0,0.05,0.5,Kentucky,49.0,43,69,43.0,37.1,37.0,41,0.1,1.0,66.3,69.0,70.4,70.0,71.2,90.0,10.2,10.5,14,11.1,14
0.5,0.01,2.0,Wisconsin,49.0,34,66,48.5,38.2,38.5,43,0.0,0.0,62.2,63.5,66.9,67.5,55.8,38.5,57.3,58.5,65,22.4,27
ALL,ALL,ALL,New York,49.05,33,132,44.0,13.808333333333334,14.0,21,0.8305555555555556,27.0,57.019444444444446,44.0,66.09722222222223,47.0,29.583333333333332,28.0,162.66944444444445,170.0,206,34.644444444444446,42
1.0,0.25,0.5,West Virginia,49.1,48,59,48.0,9.8,10.0,11,0.0,0.0,62.3,59.0,68.6,65.0,97.6,95.0,3.8,3.5,6,0.0,0
1.0,0.01,2.0,Wisconsin,49.1,34,76,48.0,39.1,39.0,44,0.1,1.0,60.8,61.0,65.0,66.0,43.8,28.0,53.8,52.5,61,22.7,27
ALL,ALL,ALL,Nevada,49.18611111111111,39,120,39.0,4.836111111111111,5.0,5,0.0,0.0,68.33888888888889,57.0,93.40336134453781,78.0,87.10034602076125,84.0,1.2110726643598615,1.0,2,0.0,0
1.0,0.25,1.0,Virginia,49.2,46,52,50.0,33.9,34.0,38,0.0,0.0,51.1,51.0,54.3,52.5,93.8,98.0,8.2,8.0,10,3.8,7
2.0,0.25,2.0,Virginia,49.2,46,50,50.0,37.5,37.5,40,0.0,0.0,50.6,50.0,52.0,52.0,99.0,102.5,7.9,8.0,11,4.3,6
ALL,ALL,ALL,Pennsylvania,49.25833333333333,36,142,36.0,45.333333333333336,46.0,54,0.025,2.0,59.86944444444445,45.0,65.27777777777777,51.0,48.791666666666664,28.0,33.80833333333333,34.0,60,9.436111111111112,18
0.5,0.01,1.0,Nebraska,49.3,47,70,47.0,19.1,18.5,23,0.0,0.0,56.2,56.5,64.0,60.0,83.8,82.5,3.0,3.0,5,3.2,5
1.0,0.05,1.0,Utah,49.5,37,55,50.5,15.3,16.0,16,0.0,0.0,55.1,55.0,59.2,55.0,54.8,57.0,13.6,13.5,16,2.6,4
2.0,0.1,0.5,Utah,49.5,48,55,48.0,15.8,16.0,17,0.0,0.0,52.2,51.5,57.2,55.0,57.0,57.0,15.7,16.0,18,2.7,4
2.0,0.1,1.0,Utah,49.5,48,55,48.0,16.0,16.0,18,0.0,0.0,54.8,55.0,57.6,55.0,57.0,57.0,14.4,14.0,20,2.9,4
0.5,0.05,1.0,Illinois,49.5,47,56,48.0,46.4,46.5,51,0.0,0.0,52.7,52.0,55.5,54.0,47.5,47.5,14.7,15.0,21,6.5,9
1.0,0.01,1.0,Nebraska,49.5,47,59,47.5,26.3,25.5,31,0.0,0.0,54.6,55.0,63.6,64.5,84.9,82.5,4.1,4.0,6,7.3,13
2.0,0.25,0.5,Missouri,49.5,43,56,49.5,78.0,78.5,80,0.0,0.0,57.4,56.0,62.1,63.0,41.2,28.0,11.4,12.0,13,8.8,12
1.0,0.01,2.0,Oklahoma,49.6,34,57,51.0,25.9,26.0,30,0.4,1.0,59.4,58.0,69.4,67.0,32.8,28.0,8.9,8.0,14,3.9,8
1.0,0.05,2.0,Illinois,49.6,48,54,49.0,54.5,54.0,58,0.0,0.0,52.2,52.0,53.7,54.0,67.0,67.0,20.1,20.0,22,8.3,12
1.0,0.25,1.0,Missouri,49.7,43,56,50.0,73.7,74.0,78,0.0,0.0,57.1,59.5,63.6,65.0,28.0,28.0,11.7,11.5,14,9.1,12
1.0,0.01,0.5,Arizona,49.8,35,68,51.0,8.9,9.0,11,0.5,2.0,76.4,80.0,88.8,84.5,62.4,67.0,9.2,8.5,14,1.2,3
0.5,0.25,2.0,Missouri,49.8,43,56,49.5,70.0,70.0,76,0.0,0.0,56.7,56.0,61.4,63.0,28.0,28.0,12.1,11.5,16,8.9,13
1.0,0.05,0.5,Utah,49.9,37,68,51.0,14.1,13.5,17,0.0,0.0,58.1,55.0,61.8,61.5,59.2,57.0,10.9,11.0,14,2.2,4
1.0,0.05,2.0,Kentucky,49.9,37,70,43.0,45.8,46.0,48,0.0,0.0,59.6,60.0,70.0,68.0,65.2,80.0,18.8,19.0,22,15.2,19
0.5,0.25,1.0,Mississippi,50.0,50,50,50.0,9.5,10.0,10,0.0,0.0,62.0,56.0,76.9,76.0,,,0.0,0.0,0,0.0,0
1.0,0.05,2.0,Mississippi,50.0,50,50,50.0,13.3,13.5,15,0.0,0.0,78.5,76.0,95.6,101.0,49.44444444444444,28.0,1.6666666666666667,2.0,3,0.0,0
1.0,0.25,0.5,Mississippi,50.0,50,50,50.0,10.1,10.0,11,0.0,0.0,56.0,56.0,76.0,76.0,28.0,28.0,1.0,1.0,1,0.0,0
1.0,0.25,2.0,Mississippi,50.0,50,50,50.0,15.0,15.0,15,0.0,0.0,62.0,56.0,76.9,76.0,28.0,28.0,3.0,3.0,3,0.0,0
0.5,0.25,2.0,Mississippi,50.0,50,50,50.0,11.8,12.0,12,0.0,0.0,56.0,56.0,76.0,76.0,28.0,28.0,1.0,1.0,1,0.0,0
1.0,0.05,1.0,Mississippi,50.0,50,50,50.0,9.9,10.0,12,0.0,0.0,73.1,76.0,88.9,79.0,28.0,28.0,1.3333333333333333,1.0,2,0.0,0
0.5,0.25,0.5,Mississippi,50.0,50,50,50.0,9.5,9.5,10,0.0,0.0,58.0,56.0,76.3,76.0,199.0,199.0,1.0,1.0,1,0.0,0
1.0,0.25,1.0,Mississippi,50.0,50,50,50.0,12.0,12.0,12,0.0,0.0,60.0,56.0,76.6,76.0,28.0,28.0,1.9,2.0,2,0.0,0
0.5,0.05,2.0,Mississippi,50.0,50,50,50.0,8.4,9.0,11,0.0,0.0,68.0,76.0,91.5,101.0,28.0,28.0,1.0,1.0,1,0.0,0
2.0,0.25,2.0,Mississippi,50.0,50,50,50.0,16.0,16.0,16,0.0,0.0,60.0,56.0,76.6,76.0,28.0,28.0,3.1,3.0,4,0.0,0
2.0,0.25,0.5,Mississippi,50.0,50,50,50.0,12.8,13.0,14,0.0,0.0,64.0,56.0,79.4,76.0,28.0,28.0,2.8,3.0,3,0.0,0
2.0,0.05,2.0,Mississippi,50.0,50,50,50.0,14.8,15.0,16,0.0,0.0,68.3,76.0,84.4,79.0,28.0,28.0,3.7,3.5,5,0.0,0
1.0,0.1,0.5,Mississippi,50.0,50,50,50.0,10.1,10.5,11,0.0,0.0,62.0,56.0,79.1,76.0,28.0,28.0,1.0,1.0,1,0.0,0
0.5,0.1,1.0,Mississippi,50.0,50,50,50.0,8.6,9.0,9,0.0,0.0,62.0,56.0,76.9,76.0,,,0.0,0.0,0,0.0,0
1.0,0.1,2.0,Mississippi,50.0,50,50,50.0,14.8,15.0,15,0.0,0.0,68.0,76.0,80.0,79.0,47.3,28.0,2.1,2.0,3,0.0,0
2.0,0.1,2.0,Mississippi,50.0,50,50,50.0,15.8,16.0,16,0.0,0.0,68.0,76.0,84.4,79.0,28.0,28.0,2.4,2.0,4,0.0,0
2.0,0.1,0.5,Mississippi,50.0,50,50,50.0,12.8,13.0,14,0.0,0.0,66.0,66.0,82.5,77.5,47.3,28.0,2.0,2.0,3,0.0,0
0.5,0.1,2.0,Mississippi,50.0,50,50,50.0,10.3,10.0,12,0.0,0.0,64.0,56.0,79.4,76.0,28.0,28.0,1.0,1.0,1,0.0,0
1.0,0.1,1.0,Mississippi,50.0,50,50,50.0,10.7,11.0,12,0.0,0.0,62.0,56.0,79.1,76.0,28.0,28.0,2.0,2.0,2,0.0,0
0.5,0.1,0.5,Mississippi,50.0,50,50,50.0,8.0,8.5,9,0.0,0.0,68.0,76.0,84.4,79.0,,,0.0,0.0,0,0.0,0
2.0,0.05,1.0,Mississippi,50.0,50,50,50.0,13.1,13.5,14,0.0,0.0,78.5,76.0,93.0,101.0,47.3,28.0,2.1,2.0,3,0.8,1
2.0,0.1,1.0,Mississippi,50.0,50,50,50.0,13.4,13.5,15,0.0,0.0,68.0,76.0,82.2,79.0,28.0,28.0,2.4,3.0,3,0.9,1
2.0,0.25,1.0,Mississippi,50.0,50,50,50.0,14.0,14.0,14,0.0,0.0,62.0,56.0,76.9,76.0,28.0,28.0,2.9,3.0,3,1.0,1
0.5,0.25,0.5,Virginia,50.0,46,52,50.0,20.5,20.5,22,0.0,0.0,51.1,50.0,51.8,52.0,95.6,98.0,7.1,7.0,10,2.0,5
0.5,0.25,1.0,Georgia,50.0,42,78,48.0,39.7,40.0,42,0.0,0.0,58.0,50.0,66.2,65.0,90.0,90.0,3.5,3.0,6,2.7,5
1.0,0.25,2.0,Virginia,50.0,48,52,50.0,37.0,37.0,40,0.0,0.0,50.9,50.0,52.0,52.0,104.3,98.0,8.3,8.5,10,4.1,8
1.0,0.1,2.0,West Virginia,50.2,48,59,48.0,12.0,12.0,14,0.0,0.0,65.1,59.0,82.4,65.0,136.0,122.5,4.7,5.0,7,0.0,0
2.0,0.01,0.5,Arizona,50.2,35,61,51.0,9.2,9.0,10,0.4,2.0,75.4,74.0,91.4,80.0,37.2,28.0,10.6,10.5,13,1.7,3
2.0,0.01,1.0,Oklahoma,50.2,34,57,54.0,27.1,27.0,30,0.1,1.0,64.3,57.5,70.0,58.0,34.5,28.0,9.6,8.5,14,4.2,6
1.0,0.01,1.0,California,50.3,33,87,33.0,4.9,4.0,7,7.9,25.0,96.9,87.5,134.8,105.5,28.0,28.0,82.7,80.0,93,25.4,28
1.0,0.01,1.0,Colorado,50.5,41,62,46.5,16.8,17.0,19,0.1,1.0,53.6,47.0,59.7,53.0,30.0,28.0,26.4,27.0,31,6.6,10
0.5,0.05,1.0,Mississippi,50.6,50,56,50.0,6.2,6.0,7,0.0,0.0,68.0,76.0,85.6,79.0,,,0.0,0.0,0,0.0,0
1.0,0.01,2.0,Arizona,50.6,35,77,51.0,9.1,9.0,10,0.2,1.0,70.6,66.0,92.1,86.0,33.1,28.0,11.2,11.5,16,1.9,3
ALL,ALL,ALL,Oregon,50.794444444444444,37,141,39.0,14.255555555555556,15.0,19,0.0,0.0,63.76111111111111,57.0,75.55,57.0,52.92777777777778,28.0,5.436111111111111,5.0,12,3.1638888888888888,7
1.0,0.1,2.0,Virginia,50.8,46,52,52.0,36.0,36.0,40,0.0,0.0,54.2,53.0,59.9,62.0,102.5,98.0,8.6,8.5,12,3.0,4
0.5,0.25,1.0,Missouri,50.8,43,56,55.5,64.3,64.5,66,0.0,0.0,58.8,56.5,62.1,63.0,91.0,87.0,9.8,10.0,14,6.6,9
0.5,0.05,2.0,Washington,50.8,43,61,45.0,16.9,16.5,19,0.2,1.0,58.3,61.5,60.9,62.5,40.9,28.0,14.5,15.5,17,7.4,9
1.0,0.01,1.0,Wyoming,51.0,40,70,40.0,9.0,8.5,12,0.0,0.0,62.6,61.0,92.7,79.0,201.77777777777777,292.0,1.0,1.0,2,0.1,1
0.5,0.1,0.5,Georgia,51.0,42,78,48.0,22.8,23.0,25,0.0,0.0,65.5,69.0,78.7,83.0,82.9,90.0,2.4,2.5,4,1.4,4
1.0,0.1,0.5,Virginia,51.0,46,58,52.0,24.6,25.0,26,0.0,0.0,54.2,53.0,63.3,62.0,102.9,98.0,7.0,7.0,10,1.7,3
ALL,ALL,ALL,Illinois,51.01111111111111,47,87,48.0,51.19722222222222,54.0,66,0.06944444444444445,1.0,56.71944444444444,50.0,60.61388888888889,54.0,68.66111111111111,67.0,16.230555555555554,17.0,26,6.041666666666667,12
1.0,0.01,0.5,Nebraska,51.1,47,70,47.0,20.2,20.5,23,0.1,1.0,62.0,60.0,67.2,70.0,82.7,82.5,4.6,4.5,8,4.5,6
0.5,0.01,0.5,Arizona,51.2,35,73,51.0,6.8,7.0,9,1.0,3.0,89.2,72.5,108.8,105.5,45.7,35.5,8.6,8.5,13,1.7,3
0.5,0.01,1.0,Oklahoma,51.3,34,57,51.0,13.8,14.0,16,0.2,1.0,58.7,58.0,67.1,64.0,60.6,28.0,2.4,2.5,5,1.6,3
0.5,0.1,2.0,West Virginia,51.4,48,65,48.0,10.3,10.0,12,0.0,0.0,70.3,59.0,95.5,90.0,163.0,138.0,2.6,3.0,4,0.0,0
0.5,0.05,1.0,Utah,51.5,37,65,51.0,13.2,13.0,16,0.0,0.0,57.9,55.0,61.2,58.5,57.2,57.0,10.0,10.0,15,2.3,3
2.0,0.1,2.0,Virginia,51.5,50,53,52.0,35.8,36.0,39,0.0,0.0,55.2,53.0,58.2,53.5,102.5,98.0,7.6,7.5,10,3.7,6
2.0,0.25,0.5,Vermont,51.5,50,53,51.0,9.7,10.0,11,0.4,2.0,55.8,53.0,69.3,69.0,84.4,95.0,8.4,8.0,11,4.3,6
0.5,0.1,1.0,Virginia,51.6,50,53,52.0,23.0,23.0,26,0.0,0.0,58.0,57.5,65.1,62.0,107.9,107.0,7.0,6.5,10,1.9,3
0.5,0.05,2.0,Utah,51.6,37,68,55.0,14.4,15.0,16,0.0,0.0,59.2,55.0,62.9,68.0,61.1,57.0,12.5,12.5,16,3.0,4
1.0,0.25,1.0,Vermont,51.6,51,53,51.0,9.5,9.5,11,0.3,1.0,55.8,53.0,73.1,72.0,102.8,105.0,8.3,8.0,11,4.5,6
1.0,0.01,2.0,Nebraska,51.6,47,69,47.0,30.2,30.0,34,0.0,0.0,58.1,59.5,65.3,65.0,116.6,83.0,6.1,6.5,12,8.1,11
0.5,0.01,1.0,Arizona,51.8,37,80,51.0,8.6,9.0,10,0.0,0.0,64.0,62.5,82.3,72.0,45.9,28.0,9.1,9.0,13,0.9,2
0.5,0.25,2.0,Vermont,51.8,51,53,51.0,9.8,10.0,12,0.5,2.0,57.1,53.0,69.3,66.0,87.9,95.0,7.8,8.0,10,4.2,6
2.0,0.25,1.0,North Carolina,51.9,50,69,50.0,32.4,33.0,34,0.2,1.0,67.6,69.0,125.0,118.0,173.4,209.0,5.0,5.0,8,3.7,6
0.5,0.1,2.0,Georgia,51.9,42,83,50.0,46.0,46.0,48,0.0,0.0,75.4,78.0,79.2,83.0,85.5,85.5,4.1,4.5,6,4.3,7
1.0,0.25,0.5,Missouri,51.9,43,56,55.0,68.6,69.0,71,0.0,0.0,58.8,56.0,63.4,63.0,86.6,87.0,9.4,9.5,13,7.2,9
2.0,0.01,1.0,Nebraska,51.9,47,59,47.5,30.6,30.5,33,0.0,0.0,61.0,60.0,68.4,70.0,93.2,82.5,6.2,6.5,8,9.0,11
1.0,0.25,2.0,Vermont,52.0,51,53,52.0,9.6,9.5,11,0.6,2.0,57.6,57.5,68.8,66.0,98.5,97.0,7.6,8.0,9,4.4,6
0.5,0.01,2.0,Nebraska,52.0,47,70,47.5,25.3,25.0,30,0.0,0.0,62.8,60.0,69.6,72.0,112.1,83.0,4.4,4.5,7,7.0,10
0.5,0.25,0.5,Vermont,52.1,50,53,53.0,9.5,9.5,10,0.8,2.0,58.8,62.0,69.0,66.0,95.7,95.0,7.7,8.0,8,4.5,5
2.0,0.25,2.0,Vermont,52.1,50,53,53.0,9.3,9.0,11,0.9,2.0,58.6,62.0,69.1,66.0,98.0,100.0,7.5,7.0,10,4.7,6
2.0,0.05,2.0,Maryland,52.3,34,84,52.5,14.0,14.0,15,0.2,1.0,70.9,73.5,77.5,79.0,32.1,28.0,18.3,13.0,35,0.9,3
2.0,0.25,1.0,Missouri,52.3,44,56,56.0,77.2,77.5,81,0.0,0.0,59.5,60.0,64.3,65.0,28.0,28.0,12.3,12.0,15,10.6,15
ALL,ALL,ALL,Washington,52.355555555555554,39,130,43.0,15.533333333333333,16.0,21,0.2222222222222222,5.0,60.15833333333333,45.0,69.09444444444445,61.0,51.730555555555554,47.0,14.102777777777778,14.0,24,8.169444444444444,13
2.0,0.1,2.0,Vermont,52.4,51,53,53.0,9.7,10.0,12,0.8,2.0,60.0,62.0,74.3,74.0,103.1,107.0,8.3,8.5,12,4.3,7
2.0,0.25,1.0,Vermont,52.4,51,53,53.0,9.3,9.0,10,0.9,2.0,60.9,62.5,74.7,74.0,103.6,121.0,7.0,7.0,8,4.7,6
1.0,0.25,0.5,Vermont,52.4,51,53,53.0,9.2,9.0,11,0.9,2.0,59.5,62.0,69.3,66.0,97.8,100.0,7.3,6.5,12,4.8,6
0.5,0.01,0.5,Colorado,52.5,43,62,54.0,9.8,10.0,13,0.2,2.0,60.4,62.0,68.9,74.0,28.0,28.0,17.6,18.5,24,3.0,5
0.5,0.1,2.0,Virginia,52.5,46,73,52.0,30.3,29.5,33,0.0,0.0,57.5,53.0,65.1,62.0,95.1,98.0,8.4,8.0,13,3.0,4
1.0,0.1,0.5,Vermont,52.5,50,53,53.0,10.4,10.0,13,0.9,2.0,64.0,64.0,79.1,82.5,100.9,103.0,9.0,8.5,13,3.6,5
2.0,0.1,0.5,Vermont,52.5,50,53,53.0,10.3,10.0,12,0.9,2.0,62.6,63.0,72.5,72.0,105.5,113.0,9.4,9.5,11,3.7,5
2.0,0.1,0.5,Virginia,52.5,50,62,52.0,33.0,33.0,35,0.0,0.0,55.9,53.0,64.1,62.0,101.3,107.0,8.3,8.0,12,4.1,7
1.0,0.05,0.5,Mississippi,52.6,50,76,50.0,7.0,7.0,8,0.0,0.0,72.5,76.0,90.0,90.0,28.0,28.0,1.0,1.0,1,0.0,0
2.0,0.01,1.0,Arizona,52.6,35,88,51.0,9.0,9.0,10,0.5,1.0,77.6,70.5,104.9,119.0,36.7,28.0,11.3,10.5,18,1.9,3
0.5,0.01,2.0,Arizona,52.7,35,80,52.0,8.9,9.0,10,0.5,1.0,70.6,68.0,95.0,92.0,30.8,28.0,11.7,11.5,18,1.9,3
0.5,0.1,0.5,Virginia,52.8,50,62,52.0,15.3,16.0,18,0.0,0.0,60.4,57.5,69.7,66.0,105.2,102.5,7.2,7.5,10,1.1,2
0.5,0.05,0.5,Utah,52.8,37,68,53.0,11.9,12.0,13,0.0,0.0,57.9,55.0,65.5,68.0,65.6,67.5,9.5,10.0,11,2.4,3
2.0,0.05,2.0,Vermont,52.8,51,53,53.0,11.2,11.0,13,1.0,2.0,69.8,65.5,84.4,84.5,103.2,107.0,9.4,9.5,11,2.8,4
0.5,0.1,2.0,Vermont,52.8,51,53,53.0,10.4,10.5,12,1.3,2.0,65.5,65.0,80.0,83.0,113.1,114.0,9.6,9.5,12,3.6,6
2.0,0.1,1.0,Virginia,52.8,50,62,52.0,34.6,34.0,38,0.0,0.0,55.9,53.0,63.7,62.0,97.4,96.0,8.5,9.0,12,3.7,5
1.0,0.1,2.0,Vermont,52.8,51,53,53.0,10.3,10.5,12,1.1,2.0,67.6,65.0,77.2,79.0,101.7,102.5,8.5,9.0,12,3.7,5
0.5,0.1,1.0,Vermont,52.8,51,53,53.0,10.2,10.5,11,1.0,2.0,66.6,64.0,79.4,83.0,93.9,106.0,9.5,9.5,12,3.8,5
1.0,0.1,1.0,Vermont,52.8,51,53,53.0,10.1,10.0,12,0.9,2.0,62.2,63.0,76.4,76.0,104.3,104.5,8.3,9.0,11,3.9,6
2.0,0.1,1.0,Vermont,52.8,51,53,53.0,10.0,9.5,13,1.0,2.0,65.3,63.0,74.9,74.0,108.5,110.0,8.8,8.5,12,4.0,5
0.5,0.25,1.0,Vermont,52.8,51,53,53.0,9.4,10.0,10,1.0,2.0,61.5,62.0,69.0,69.0,94.5,95.0,8.0,8.5,10,4.6,6
2.0,0.1,0.5,Georgia,52.8,42,83,49.0,51.0,50.5,54,0.0,0.0,69.6,78.0,78.4,83.0,92.9,90.0,5.3,5.0,7,4.8,6
1.0,0.1,2.0,Missouri,52.9,43,56,55.0,75.6,76.0,80,0.0,0.0,58.2,56.0,64.0,63.0,33.9,28.0,12.4,12.0,15,7.3,10
0.5,0.05,2.0,Vermont,53.0,53,53,53.0,11.1,11.0,12,1.0,2.0,77.7,83.0,84.9,84.5,106.3,106.5,9.9,9.5,13,2.9,4
1.0,0.05,1.0,Vermont,53.0,53,53,53.0,10.3,10.0,12,1.3,2.0,70.8,65.0,78.3,83.0,105.6,104.0,11.3,11.5,15,3.7,5
0.5,0.1,0.5,Vermont,53.0,53,53,53.0,9.9,10.0,12,1.1,2.0,64.4,63.0,77.5,79.5,102.5,103.0,9.0,8.5,12,3.7,5
2.0,0.01,2.0,Wisconsin,53.0,34,80,46.0,38.3,39.0,43,0.1,1.0,66.1,64.5,73.2,75.0,51.0,43.5,53.9,55.0,59,23.4,29
0.5,0.05,0.5,Kentucky,53.1,43,72,49.0,29.5,29.0,33,0.1,1.0,64.1,66.0,72.2,69.5,67.8,78.0,6.8,7.0,9,7.8,11
2.0,0.05,0.5,Mississippi,53.2,50,76,50.0,12.0,12.0,13,0.0,0.0,75.1,76.0,88.3,79.0,47.3,28.0,1.9,2.0,3,0.0,0
1.0,0.1,1.0,Virginia,53.2,50,62,52.0,31.7,32.0,35,0.0,0.0,58.1,53.0,63.4,62.0,102.1,98.0,8.4,7.5,13,3.8,5
1.0,0.25,2.0,Missouri,53.2,43,56,55.5,76.8,77.0,81,0.0,0.0,58.2,56.5,62.3,63.0,28.0,28.0,13.1,13.0,16,10.4,13
2.0,0.25,2.0,Missouri,53.3,43,56,56.0,79.3,80.0,82,0.0,0.0,59.7,60.0,64.4,65.0,28.0,28.0,12.4,13.0,15,10.1,13
1.0,0.01,1.0,Idaho,53.3,34,73,50.0,9.6,10.0,12,2.3,7.0,62.2,54.0,73.5,64.5,28.0,28.0,34.6,35.0,44,13.8,17
0.5,0.01,1.0,Wisconsin,53.4,34,78,57.0,36.8,36.5,42,0.0,0.0,67.5,67.5,73.7,76.0,66.8,62.5,48.1,49.0,53,23.0,29
ALL,ALL,ALL,Maryland,53.46111111111111,34,198,34.0,12.494444444444444,13.0,15,0.21944444444444444,3.0,71.88055555555556,60.5,85.04722222222222,66.0,59.62222222222222,28.0,24.22222222222222,29.0,47,1.5222222222222221,5
0.5,0.05,0.5,Vermont,53.6,51,61,53.0,10.8,10.5,13,0.9,2.0,71.4,69.0,81.4,83.0,102.7,101.5,10.8,10.0,13,2.5,5
0.5,0.01,0.5,Nebraska,53.6,47,70,51.0,12.2,12.0,16,0.0,0.0,64.1,64.5,67.9,70.0,81.3,82.0,3.0,3.0,5,3.3,5
0.5,0.01,0.5,Oklahoma,53.7,49,57,54.0,10.1,9.5,14,0.2,1.0,63.0,57.0,70.4,63.5,49.25,28.0,1.7,1.5,4,1.1,3
0.5,0.1,2.0,Missouri,53.7,44,63,56.0,68.1,69.0,72,0.0,0.0,61.4,63.0,68.2,67.0,35.3,28.0,11.1,11.0,13,5.4,8
2.0,0.01,0.5,Oklahoma,53.8,34,93,54.0,24.6,24.5,28,0.3,1.0,64.2,58.0,68.8,63.0,42.5,28.0,10.4,10.0,19,3.1,7
2.0,0.01,0.5,Nebraska,53.8,47,73,49.5,26.8,25.5,31,0.1,1.0,62.5,60.0,65.2,65.0,95.1,83.0,5.4,5.0,9,9.5,12
ALL,ALL,ALL,Utah,53.80833333333333,37,103,48.0,14.297222222222222,15.0,19,0.008333333333333333,1.0,61.38611111111111,55.0,67.00277777777778,55.0,64.825,57.0,12.169444444444444,12.0,20,2.716666666666667,8
1.0,0.01,2.0,Colorado,53.9,41,64,58.0,19.5,19.5,21,0.2,2.0,62.1,68.0,69.4,80.0,29.7,28.0,28.5,28.5,33,7.4,10
1.0,0.05,2.0,Vermont,54.0,53,63,53.0,11.2,11.5,13,1.3,2.0,75.4,78.0,86.9,84.5,107.0,107.0,10.4,10.0,15,2.8,5
2.0,0.05,0.5,Utah,54.0,37,68,55.0,15.4,16.0,17,0.0,0.0,59.6,55.0,65.8,68.0,63.5,57.0,13.8,13.0,17,2.8,4
2.0,0.01,2.0,Idaho,54.0,34,73,57.0,9.7,10.0,13,3.4,7.0,67.3,63.0,97.6,90.0,33.4,28.0,37.0,37.5,48,13.9,18
2.0,0.01,2.0,Nebraska,54.1,47,72,47.0,29.8,29.0,34,0.0,0.0,63.0,70.0,66.8,72.5,86.5,82.5,6.9,7.0,9,10.6,13
0.5,0.05,1.0,Vermont,54.2,53,65,53.0,10.8,11.0,12,1.1,2.0,79.7,83.0,82.6,85.0,101.7,98.5,11.6,12.0,16,3.2,5
1.0,0.1,0.5,West Virginia,54.4,48,101,48.0,9.1,9.0,10,0.0,0.0,66.4,59.0,100.1,96.5,158.6,165.5,2.7,2.0,6,0.0,0
0.5,0.05,2.0,Virginia,54.4,46,70,52.0,27.1,27.0,30,0.0,0.0,65.2,66.0,73.3,70.0,102.2,107.0,6.7,7.0,9,3.0,4
0.5,0.25,0.5,Missouri,54.5,43,56,56.0,53.7,53.0,59,0.0,0.0,60.3,63.0,65.4,67.0,96.1,101.0,5.4,5.0,9,7.0,8
2.0,0.1,1.0,Missouri,54.5,43,67,56.0,76.6,76.5,82,0.2,2.0,62.4,63.0,68.1,67.0,61.7,57.5,11.6,11.5,15,7.5,10
2.0,0.05,1.0,Vermont,54.6,53,61,53.0,11.5,12.0,14,0.8,2.0,73.9,76.0,81.4,83.5,98.1,100.5,10.6,10.5,13,2.5,5
1.0,0.1,1.0,West Virginia,54.7,48,65,53.5,10.5,10.0,12,0.0,0.0,83.1,62.0,102.8,103.0,131.0,108.0,3.3,3.5,5,0.0,0
0.5,0.05,0.5,Virginia,54.8,50,70,52.0,13.0,13.0,15,0.0,0.0,63.7,64.0,69.9,70.0,101.9,102.5,6.1,6.0,11,0.7,2
1.0,0.25,2.0,North Carolina,54.9,50,69,50.0,31.7,31.5,34,0.5,1.0,69.9,69.0,132.8,159.0,142.0,152.0,4.8,4.5,9,4.2,5
2.0,0.01,1.0,Colorado,54.9,41,64,60.5,19.4,19.0,24,0.2,2.0,62.6,67.5,75.4,80.0,28.0,28.0,28.1,28.5,37,7.2,10
0.5,0.05,1.0,Virginia,55.0,50,66,52.0,20.0,19.5,23,0.0,0.0,66.6,62.0,79.3,71.5,107.2,107.0,7.2,7.0,11,1.9,5
2.0,0.05,2.0,Utah,55.0,48,68,55.0,15.4,16.0,17,0.0,0.0,61.3,61.5,63.4,68.5,63.3,57.0,14.3,14.5,17,2.5,5
2.0,0.25,2.0,Maine,55.0,55,55,55.0,11.4,11.0,12,0.0,0.0,68.0,68.0,114.8,118.0,128.57142857142858,76.0,1.3,1.5,3,2.6,3
1.0,0.05,1.0,Virginia,55.0,52,62,52.0,29.8,29.5,34,0.0,0.0,65.4,68.0,73.5,70.0,92.6,95.5,7.5,8.0,9,2.7,5
2.0,0.05,0.5,Vermont,55.0,53,65,53.0,11.2,11.5,13,1.0,2.0,73.5,75.0,82.2,83.5,107.5,107.0,10.1,10.0,13,2.8,4
0.5,0.01,2.0,Colorado,55.0,41,70,62.0,15.9,16.0,19,0.3,2.0,61.9,62.0,67.7,69.0,28.0,28.0,25.9,26.0,31,6.5,11
2.0,0.1,2.0,Georgia,55.1,42,83,50.0,54.0,54.0,56,0.0,0.0,70.4,70.5,76.4,80.5,89.1,90.0,6.4,6.0,8,5.2,7
0.5,0.05,0.5,Mississippi,55.2,50,76,50.0,5.9,6.0,7,0.0,0.0,77.7,76.0,90.9,90.0,,,0.0,0.0,0,0.0,0
0.5,0.1,1.0,Missouri,55.3,43,67,56.0,59.4,60.0,62,0.2,2.0,63.4,63.0,69.2,67.0,96.9,101.0,8.4,8.5,10,6.7,9
1.0,0.1,1.0,Missouri,55.4,44,67,56.0,70.4,70.5,73,0.0,0.0,63.5,63.0,69.0,67.0,42.6,28.0,9.4,9.5,13,6.5,10
2.0,0.1,0.5,Missouri,55.4,44,63,56.0,73.1,73.0,75,0.0,0.0,62.2,63.0,68.7,67.0,42.6,28.0,10.8,10.5,12,7.5,10
2.0,0.01,0.5,Colorado,55.5,41,62,59.0,18.2,18.0,20,0.2,1.0,63.3,68.0,70.5,80.0,37.0,28.0,27.3,27.5,35,7.1,10
1.0,0.05,0.5,Virginia,55.6,50,87,52.0,22.0,21.5,27,0.0,0.0,65.4,62.0,73.8,70.0,96.9,107.0,6.6,7.0,11,2.1,4
0.5,0.01,1.0,Colorado,55.8,43,62,62.0,12.6,13.0,15,0.1,1.0,61.9,68.0,70.0,80.0,31.5,28.0,19.0,20.0,24,4.7,7
2.0,0.25,0.5,Maine,56.0,55,60,55.0,10.3,10.0,11,0.0,0.0,66.4,60.0,121.6,114.0,94.77777777777777,76.0,1.9,2.0,4,1.3,2
0.5,0.1,1.0,West Virginia,56.1,48,101,48.0,8.1,8.0,10,0.0,0.0,70.9,59.0,103.7,103.0,153.66666666666666,176.0,2.6666666666666665,3.0,4,0.0,0
2.0,0.05,0.5,Virginia,56.1,50,83,52.0,31.2,31.5,35,0.0,0.0,63.1,57.5,72.9,70.0,103.9,107.0,7.7,7.5,11,3.2,5
2.0,0.01,0.5,Idaho,56.1,34,73,57.0,9.9,10.0,13,3.2,6.0,70.3,66.0,82.8,71.0,28.0,28.0,37.7,38.0,48,14.3,17
ALL,ALL,ALL,Kentucky,56.108333333333334,37,131,43.0,39.480555555555554,41.0,54,0.11666666666666667,1.0,67.62777777777778,55.0,76.08055555555555,67.0,82.70833333333333,80.0,15.333333333333334,16.0,24,13.458333333333334,24
0.5,0.05,1.0,Kentucky,56.2,43,69,60.0,35.0,35.5,38,0.1,1.0,65.7,69.5,73.1,72.5,28.0,28.0,11.5,12.5,15,10.2,13
0.5,0.01,2.0,Indiana,56.3,34,94,51.0,41.7,41.5,46,0.1,1.0,80.8,82.5,91.1,94.0,73.9,79.0,18.9,19.0,22,14.1,18
1.0,0.05,0.5,Vermont,56.4,53,79,53.0,11.3,11.5,13,0.9,2.0,71.1,68.5,84.6,84.0,108.1,107.0,11.1,10.0,16,2.7,5
1.0,0.01,0.5,Oklahoma,56.4,51,57,57.0,16.4,16.5,21,0.5,1.0,63.3,60.5,77.5,72.5,52.3,28.0,5.3,5.5,9,2.9,4
2.0,0.01,1.0,Wisconsin,56.4,34,77,56.5,37.8,38.5,40,0.0,0.0,66.6,68.0,70.5,69.0,39.9,28.0,55.2,54.5,67,23.2,27
2.0,0.05,1.0,West Virginia,56.5,48,65,56.5,11.5,12.0,12,0.0,0.0,96.3,93.0,120.6,148.0,128.4,95.0,4.0,4.0,7,0.1,1
2.0,0.25,2.0,North Carolina,56.5,50,77,50.0,32.0,32.0,34,0.2,1.0,70.0,69.0,89.8,86.0,148.4,132.5,5.4,5.0,8,3.9,5
0.5,0.1,0.5,Missouri,56.5,44,67,56.0,47.7,48.0,52,0.2,2.0,65.2,63.0,71.3,67.0,95.4,101.0,4.4,4.5,7,6.0,8
2.0,0.1,2.0,Missouri,56.6,44,67,56.0,76.5,76.0,79,0.1,1.0,64.7,63.0,70.7,67.0,33.9,28.0,11.8,12.0,14,9.1,11
1.0,0.1,0.5,Missouri,56.8,44,63,56.0,63.0,63.0,66,0.0,0.0,62.6,63.0,70.0,67.0,96.2,101.0,10.1,10.0,13,6.5,9
0.5,0.01,2.0,Ohio,56.8,32,95,55.5,45.4,45.5,48,0.1,1.0,70.8,68.0,82.2,78.5,93.2,76.0,17.3,18.0,21,13.7,23
0.5,0.1,0.5,West Virginia,56.9,48,92,48.0,5.2,5.0,7,0.0,0.0,77.3,59.0,96.4,76.5,117.1,95.0,1.0,1.0,1,0.0,0
1.0,0.1,2.0,Georgia,56.9,42,83,50.0,53.8,54.0,56,0.0,0.0,72.0,80.5,80.5,83.5,89.1,90.0,5.0,5.0,6,5.0,6
0.5,0.01,0.5,Idaho,56.9,34,73,58.5,7.4,7.5,12,1.2,4.0,65.9,64.0,87.2,73.0,58.0,66.5,22.9,24.0,28,8.9,13
2.0,0.1,2.0,West Virginia,57.0,48,116,48.0,12.0,12.0,13,0.0,0.0,67.0,59.0,103.7,104.0,138.1,95.0,3.3,3.0,6,0.0,0
1.0,0.25,1.0,Maine,57.1,55,76,55.0,10.2,10.0,11,0.0,0.0,82.0,76.0,147.4,152.0,249.7,269.0,1.1,1.0,2,1.3,2
1.0,0.25,2.0,Maine,57.1,55,76,55.0,10.9,11.0,11,0.0,0.0,80.4,76.0,131.4,152.0,195.125,269.0,1.4,1.0,4,1.4,3
1.0,0.01,0.5,Colorado,57.2,41,62,62.0,12.8,12.5,16,0.2,1.0,66.2,66.0,73.7,74.0,28.0,28.0,21.9,22.0,26,6.5,10
1.0,0.01,0.5,Wisconsin,57.2,34,76,60.0,37.4,37.0,41,0.1,1.0,67.1,68.5,73.8,75.5,42.6,28.0,47.8,48.0,54,22.2,27
2.0,0.25,1.0,Delaware,57.3,53,75,55.0,3.0,3.0,3,0.0,0.0,78.0,83.0,237.7,304.0,237.0,237.0,1.0,1.0,1,0.0,0
0.5,0.01,2.0,California,57.3,33,87,53.5,5.1,5.0,10,6.444444444444445,12.0,89.33333333333333,87.0,101.33333333333333,88.0,28.0,28.0,81.9,82.0,92,24.1,28
1.0,0.05,2.0,Virginia,57.4,46,83,53.0,32.3,33.0,35,0.0,0.0,67.1,70.0,77.3,77.5,99.6,98.0,8.0,8.0,9,3.3,7
1.0,0.01,2.0,Illinois,57.4,50,61,61.0,44.2,44.0,47,0.4,1.0,71.2,67.0,78.9,79.5,111.9,115.0,15.3,16.0,22,6.1,9
2.0,0.1,1.0,Georgia,57.5,42,83,50.0,54.5,54.5,57,0.0,0.0,71.3,80.5,77.2,83.5,88.2,90.0,5.9,5.0,8,5.0,7
0.5,0.25,0.5,North Carolina,57.6,50,77,50.0,4.7,4.5,7,0.3,1.0,77.5,69.0,115.9,86.0,123.5,138.5,1.6666666666666667,1.0,4,0.8,2
0.5,0.1,1.0,Georgia,57.7,42,83,50.0,34.8,34.5,39,0.0,0.0,69.1,69.0,73.8,75.0,77.6,90.0,4.1,4.0,6,2.9,5
2.0,0.01,0.5,Wisconsin,57.7,34,78,65.0,40.8,40.5,46,0.0,0.0,65.6,70.0,70.1,74.5,51.4,28.0,54.0,54.0,65,20.4,24
0.5,0.25,2.0,North Carolina,57.9,50,69,55.5,27.6,28.0,30,0.2,1.0,69.2,69.0,119.6,118.0,153.0,180.5,7.4,7.5,10,3.6,6
1.0,0.05,2.0,Georgia,57.9,42,83,50.0,49.3,49.0,53,0.0,0.0,78.2,83.0,80.9,84.0,99.0,90.0,4.2,4.5,6,5.0,10
2.0,0.01,1.0,Illinois,57.9,48,61,61.0,44.4,44.5,48,0.3,1.0,77.9,86.0,89.8,90.0,96.5,111.0,15.6,15.5,22,5.8,10
1.0,0.01,2.0,California,58.0,33,87,58.0,5.5,5.5,8,4.4,19.0,83.9,87.0,103.9,108.5,28.0,28.0,76.9,75.5,93,25.4,27
1.0,0.25,0.5,New Jersey,58.2,48,78,57.0,6.0,6.0,6,0.0,0.0,96.4,92.0,113.2,114.0,68.5,68.5,1.0,1.0,1,0.0,0
0.5,0.01,1.0,Idaho,58.2,34,73,63.0,8.3,8.5,10,2.1,5.0,72.6,72.0,82.4,82.0,52.5,44.0,27.6,26.5,40,10.1,12
2.0,0.05,2.0,Virginia,58.3,48,73,62.0,31.6,31.5,35,0.0,0.0,72.3,70.0,83.8,83.0,106.1,107.0,8.0,7.5,12,3.6,7
0.5,0.25,0.5,Delaware,58.4,53,75,55.0,2.2,2.0,3,0.0,0.0,79.6,83.0,83.0,83.0,,,0.0,0.0,0,0.0,0
2.0,0.01,0.5,Wyoming,58.4,40,69,62.0,9.8,10.0,12,0.0,0.0,72.2,69.0,88.3,70.0,161.8,89.0,1.0,1.0,2,0.2,1
1.0,0.05,2.0,Missouri,58.6,55,67,56.5,71.4,71.5,73,0.1,1.0,66.7,67.0,75.2,76.0,57.4,28.0,9.8,10.0,13,7.4,10
0.5,0.05,2.0,West Virginia,58.7,48,127,48.0,9.5,9.5,11,0.0,0.0,81.6,59.0,113.9,115.0,154.3,176.0,3.2,3.0,6,0.0,0
2.0,0.05,1.0,Virginia,58.7,50,73,53.0,32.0,31.5,37,0.0,0.0,71.6,71.5,80.7,81.0,96.3,98.0,6.7,7.0,10,3.4,5
2.0,0.25,0.5,North Carolina,58.7,50,69,55.5,30.3,30.5,32,0.2,1.0,78.8,69.0,140.7,168.0,134.2,132.5,5.8,5.0,8,3.7,5
1.0,0.01,1.0,Illinois,58.7,50,87,56.5,39.3,38.5,44,0.4,1.0,73.6,74.5,82.5,88.5,99.7,116.0,14.2,13.5,19,5.7,7
0.5,0.01,0.5,Wisconsin,58.7,34,77,59.0,31.2,32.0,35,0.1,1.0,68.5,68.5,74.2,72.5,38.4,28.0,41.5,40.0,50,26.1,32
1.0,0.25,2.0,New Jersey,58.8,48,66,66.0,6.0,6.0,6,0.0,0.0,92.0,92.0,113.6,114.0,132.42857142857142,84.0,1.1428571428571428,1.0,2,0.0,0
0.5,0.25,2.0,New Jersey,58.8,48,66,66.0,6.0,6.0,6,0.0,0.0,100.1,92.0,114.1,115.5,66.28571428571429,53.0,1.1428571428571428,1.0,2,0.0,0
1.0,0.1,1.0,Georgia,58.8,42,83,50.0,47.0,47.0,48,0.0,0.0,73.0,78.0,79.2,83.0,87.3,90.0,5.1,5.0,7,5.4,8
2.0,0.01,2.0,Illinois,58.9,48,67,61.0,46.7,46.5,51,0.2,1.0,73.7,72.5,81.6,87.0,95.6,95.5,16.5,15.5,24,6.1,9
1.0,0.01,0.5,Illinois,59.1,52,61,61.0,34.1,34.0,39,0.2,1.0,77.5,85.0,88.4,88.5,80.9,71.0,11.9,12.0,16,3.5,6
2.0,0.01,2.0,Wyoming,59.2,40,85,58.0,10.5,10.5,11,0.0,0.0,72.1,65.5,95.2,79.0,175.875,89.0,1.75,1.5,3,0.0,0
0.5,0.25,1.0,Delaware,59.3,53,75,55.0,2.8,3.0,3,0.0,0.0,83.0,83.0,248.75,304.0,,,0.0,0.0,0,0.0,0
2.0,0.05,0.5,Missouri,59.3,56,67,56.0,70.9,71.0,73,0.4,2.0,70.3,67.0,79.7,80.0,57.2,28.0,9.8,9.5,13,6.4,9
2.0,0.01,1.0,Wyoming,59.4,40,69,61.0,11.2,11.0,13,0.0,0.0,65.1,69.5,99.8,104.0,147.125,89.0,1.375,1.0,2,0.0,0
0.5,0.01,0.5,Wyoming,59.4,40,69,68.0,5.8,6.0,8,0.0,0.0,88.9,79.0,125.8,129.0,129.66666666666666,150.0,1.0,1.0,1,0.0,0
1.0,0.1,0.5,Georgia,59.4,42,83,49.0,37.2,37.0,40,0.0,0.0,71.5,80.5,77.8,83.5,90.0,90.0,4.3,4.0,6,4.8,7
1.0,0.01,1.0,Indiana,59.4,34,77,57.0,45.6,45.0,49,0.1,1.0,79.4,77.0,90.1,94.0,70.4,85.0,17.1,17.5,25,12.4,16
1.0,0.01,2.0,Ohio,59.4,32,83,58.5,49.9,49.0,55,0.3,2.0,74.5,83.0,87.8,95.0,71.5,83.0,20.1,18.5,29,13.5,21
1.0,0.25,0.5,North Carolina,59.5,50,69,59.5,20.1,20.0,24,0.2,1.0,84.4,73.0,142.7,159.0,218.3,209.0,4.4,4.5,7,0.8,2
1.0,0.25,1.0,North Carolina,59.5,50,77,55.5,29.5,29.5,31,0.2,1.0,78.8,69.0,129.3,150.0,179.3,209.0,6.2,6.0,10,3.8,5
0.5,0.05,2.0,Georgia,59.6,42,83,50.0,41.6,41.5,45,0.0,0.0,77.8,83.0,82.0,84.0,98.7,90.0,3.6,3.0,5,4.2,6
2.0,0.25,1.0,Maine,59.7,55,76,55.0,11.0,11.0,12,0.0,0.0,88.8,76.0,153.2,152.0,172.5,172.5,0.9,1.0,2,2.0,3
1.0,0.01,2.0,Idaho,59.7,34,89,62.0,10.4,10.0,16,1.9,7.0,70.0,64.0,95.3,89.0,28.0,28.0,38.0,38.5,47,14.1,17
2.0,0.01,1.0,Idaho,59.9,48,73,61.0,10.7,11.0,14,2.8,7.0,71.1,70.5,77.3,81.0,34.9,28.0,37.2,35.5,45,12.8,15
2.0,0.01,0.5,Illinois,60.1,48,83,61.0,44.2,44.0,49,0.3,1.0,78.2,81.0,89.3,88.5,77.1,49.5,15.0,14.5,21,5.6,7
2.0,0.01,0.5,New York,60.1,44,98,50.5,10.4,10.5,14,0.9,4.0,84.2,88.0,93.7,96.0,28.0,28.0,147.2,145.5,177,36.9,42
1.0,0.25,0.5,Maine,60.2,55,76,55.0,10.3,10.0,11,0.0,0.0,95.6,76.0,148.9,163.0,191.2,269.0,1.7,1.0,4,1.5,2
1.0,0.01,0.5,Ohio,60.2,32,83,65.5,40.1,40.5,43,0.4,4.0,82.5,83.0,95.1,96.0,96.3,96.0,14.0,13.5,24,11.1,14
1.0,0.25,2.0,Delaware,60.5,53,75,55.0,3.0,3.0,3,0.0,0.0,76.6,83.0,257.3,304.0,237.0,237.0,1.0,1.0,1,0.0,0
1.0,0.25,0.5,Delaware,60.6,53,75,55.5,3.0,3.0,3,0.0,0.0,74.6,83.0,237.7,304.0,237.0,237.0,1.0,1.0,1,0.0,0
2.0,0.25,1.0,New Jersey,60.6,48,66,66.0,6.0,6.0,6,0.0,0.0,94.5,92.0,114.7,114.0,135.0,84.0,1.7777777777777777,2.0,3,0.0,0
0.5,0.01,1.0,Wyoming,60.7,40,69,65.0,6.1,6.0,9,0.0,0.0,76.1,70.0,123.3,123.0,170.2,89.0,0.7142857142857143,1.0,1,0.5,1
0.5,0.25,2.0,Delaware,60.9,53,75,55.0,3.0,3.0,3,0.0,0.0,115.8,83.0,215.6,304.0,237.0,237.0,1.0,1.0,1,0.0,0
2.0,0.1,0.5,West Virginia,60.9,48,116,48.0,12.0,12.0,13,0.0,0.0,75.5,59.0,91.4,65.0,128.7,108.0,3.7,4.0,6,0.0,0
0.5,0.01,2.0,Wyoming,60.9,40,73,65.5,9.1,9.5,11,0.0,0.0,78.7,73.5,102.0,89.0,282.75,221.0,0.8333333333333334,1.0,2,0.2,1
0.5,0.05,1.0,Missouri,60.9,55,67,63.0,55.2,55.5,60,0.2,2.0,68.8,67.0,76.4,77.5,96.9,101.0,7.8,8.0,11,4.1,5
2.0,0.01,0.5,Ohio,60.9,35,83,64.0,49.0,49.0,51,0.0,0.0,77.6,86.0,85.8,90.0,84.0,96.0,18.3,18.0,23,12.6,16
2.0,0.01,1.0,Ohio,61.0,35,83,63.5,48.8,51.0,54,0.5,3.0,80.9,74.0,87.5,83.0,78.7,64.5,17.5,18.0,22,13.5,20
0.5,0.01,1.0,Illinois,61.2,54,77,61.0,32.5,31.0,42,0.1,1.0,75.7,76.0,83.5,90.0,76.7,82.5,9.8,10.0,14,2.8,5
0.5,0.01,2.0,Idaho,61.2,48,73,63.0,10.4,10.5,13,1.9,6.0,70.3,71.0,83.8,82.0,48.1,28.0,33.1,32.5,44,12.1,15
2.0,0.25,2.0,Delaware,61.3,53,75,55.5,3.0,3.0,3,0.0,0.0,102.6,83.0,283.3,304.0,237.0,237.0,1.0,1.0,1,0.0,0
0.5,0.25,1.0,Maine,61.3,55,76,55.0,9.6,10.0,11,0.0,0.0,90.8,68.0,132.2,152.0,171.9,172.5,1.8,1.5,4,1.6,2
1.0,0.05,1.0,West Virginia,61.4,48,116,48.0,9.3,9.0,11,0.0,0.0,73.9,59.0,127.6,127.0,125.6,108.0,3.3,3.5,6,0.0,0
1.0,0.01,2.0,Wyoming,61.5,40,74,67.5,10.1,10.5,14,0.0,0.0,74.8,70.0,93.4,88.0,133.85714285714286,89.0,1.5,1.5,3,0.2,1
1.0,0.25,1.0,Delaware,61.6,53,75,55.5,3.0,3.0,3,0.0,0.0,140.4,83.0,281.9,304.0,237.0,237.0,1.0,1.0,1,0.0,0
0.5,0.01,2.0,Illinois,61.6,54,83,61.0,39.2,40.0,45,0.3,1.0,80.0,86.0,88.1,90.0,64.7,28.0,13.3,12.5,19,5.0,7
2.0,0.05,1.0,Missouri,61.6,43,67,65.0,71.6,71.5,75,0.3,1.0,69.9,70.5,78.1,80.0,72.1,94.0,9.9,10.0,12,7.6,12
0.5,0.01,1.0,Ohio,61.6,35,94,58.5,39.2,39.5,42,0.7,4.0,80.4,81.0,89.8,90.0,92.1,76.0,13.5,13.0,20,8.5,12
1.0,0.01,0.5,Idaho,61.7,34,73,63.0,8.0,8.0,10,2.3,7.0,72.6,73.0,110.4,91.0,48.8,28.0,27.8,27.0,38,10.9,13
0.5,0.05,0.5,Missouri,61.8,44,67,65.0,41.3,41.5,46,0.3,1.0,73.6,71.0,81.7,84.5,104.0,101.0,4.0,4.0,7,3.7,5
ALL,ALL,ALL,Vermont,61.861111111111114,50,117,53.0,10.058333333333334,10.0,14,0.7916666666666666,4.0,76.53888888888889,65.0,89.78055555555555,83.0,103.58888888888889,105.0,9.825,9.0,20,3.808333333333333,7
1.0,0.01,1.0,Florida,62.0,31,89,57.0,10.9,10.5,16,4.5,12.0,91.3,89.0,118.4,127.0,28.0,28.0,23.6,23.5,30,18.4,22
2.0,0.05,2.0,Missouri,62.2,55,67,65.0,75.9,75.0,82,0.2,1.0,70.5,70.5,79.6,80.0,68.8,64.5,10.3,10.0,14,6.4,10
0.5,0.25,1.0,New Jersey,62.4,48,66,66.0,6.0,6.0,6,0.0,0.0,95.0,92.0,113.9,114.0,76.25,84.0,1.125,1.0,2,0.0,0
0.5,0.25,0.5,New Jersey,62.4,48,66,66.0,6.0,6.0,6,0.0,0.0,93.5,92.0,112.5,114.0,73.42857142857143,84.0,1.1428571428571428,1.0,2,0.0,0
2.0,0.25,0.5,New Jersey,62.4,48,66,66.0,6.0,6.0,6,0.0,0.0,92.0,92.0,111.9,114.0,97.11111111111111,84.0,1.5555555555555556,1.0,3,0.0,0
0.5,0.25,1.0,North Carolina,62.5,50,69,69.0,15.7,16.0,17,0.1,1.0,72.2,77.0,114.0,86.0,160.44444444444446,209.0,4.333333333333333,4.0,7,0.4,2
2.0,0.1,1.0,West Virginia,62.6,48,139,48.0,12.8,12.5,14,0.0,0.0,74.2,59.0,95.2,78.5,135.9,95.0,3.8,3.5,6,0.1,1
1.0,0.01,0.5,California,63.2,33,87,58.0,5.8,6.0,8,1.1,6.0,77.5,87.0,99.1,88.5,28.0,28.0,70.6,66.5,91,22.5,26
2.0,0.25,0.5,Delaware,63.3,53,75,58.5,3.0,3.0,3,0.0,0.0,78.8,83.0,259.8,304.0,237.0,237.0,1.0,1.0,1,0.0,0
2.0,0.1,1.0,North Carolina,63.3,50,69,69.0,29.4,29.0,31,0.1,1.0,104.4,77.0,161.7,176.0,274.0,310.0,4.7,5.0,7,3.5,5
0.5,0.25,2.0,Tennessee,63.3,60,71,60.0,41.0,41.0,44,0.0,0.0,74.5,75.0,81.6,79.5,101.4,104.0,20.7,21.0,25,8.8,10
0.5,0.01,0.5,California,63.3,33,87,71.0,4.5,3.5,9,5.6,16.0,92.8,88.0,123.25,113.0,28.0,28.0,55.1,55.0,64,20.6,23
0.5,0.05,0.5,West Virginia,63.6,48,116,48.0,4.0,4.0,6,0.0,0.0,84.2,59.0,130.1,126.5,130.6,121.0,1.4,1.0,2,0.0,0
0.5,0.05,1.0,Georgia,63.6,48,83,55.0,29.6,29.0,33,0.0,0.0,80.4,83.0,85.0,87.0,93.0,90.0,3.6,3.5,6,2.4,4
1.0,0.05,1.0,Missouri,63.6,56,67,65.0,66.9,67.0,73,0.5,2.0,73.7,70.5,81.6,80.0,61.7,28.0,8.8,9.0,13,5.4,9
ALL,ALL,ALL,Missouri,64.06111111111112,43,103,56.0,62.394444444444446,65.5,82,0.09444444444444444,2.0,72.06388888888888,67.0,78.09722222222223,75.0,70.46648044692738,87.0,8.625,9.0,16,6.191666666666666,15
2.0,0.01,2.0,Florida,64.1,32,94,58.0,13.4,13.5,19,1.0,6.0,94.7,101.5,111.0,117.0,36.2,28.0,31.1,31.0,38,19.0,24
0.5,0.01,1.0,California,64.1,33,87,72.5,4.4,4.5,7,7.2,16.0,94.7,94.5,116.88888888888889,118.0,28.0,28.0,72.6,73.5,81,24.2,27
1.0,0.25,1.0,New Jersey,64.2,48,66,66.0,6.0,6.0,6,0.0,0.0,93.5,92.0,113.6,114.0,76.25,84.0,1.0,1.0,1,0.0,0
2.0,0.25,2.0,New Jersey,64.2,48,66,66.0,6.0,6.0,6,0.0,0.0,92.0,92.0,112.6,114.0,92.55555555555556,84.0,2.0,2.0,3,0.0,0
1.0,0.1,2.0,New Jersey,64.2,48,66,66.0,6.0,6.0,6,0.0,0.0,94.5,92.0,113.6,114.0,141.28571428571428,84.0,1.2857142857142858,1.0,2,0.0,0
1.0,0.01,1.0,North Dakota,64.4,51,93,62.0,15.9,17.0,18,0.0,0.0,80.7,73.0,91.1,93.0,119.5,123.0,4.9,4.5,8,3.3,5
1.0,0.05,0.5,Missouri,64.4,55,76,65.0,60.5,60.5,65,0.3,1.0,74.2,75.0,82.4,84.0,98.5,101.0,8.8,9.0,12,4.3,6
1.0,0.1,1.0,North Carolina,64.4,50,77,69.0,26.3,26.5,28,0.3,2.0,116.7,86.0,174.1,191.0,217.6,259.5,7.5,7.5,10,4.3,7
0.5,0.25,0.5,Tennessee,64.8,60,77,60.0,25.6,25.5,27,0.0,0.0,75.5,79.0,82.2,80.0,103.7,104.0,6.4,6.0,11,4.2,5
0.5,0.05,2.0,Missouri,64.8,56,75,67.0,64.6,64.5,68,0.4,2.0,75.7,75.5,81.3,84.0,50.3,28.0,9.8,9.5,13,4.8,8
0.5,0.1,1.0,North Carolina,64.9,50,77,69.0,12.9,13.0,16,0.0,0.0,132.4,128.0,192.7,191.5,285.6,310.0,3.2,3.0,5,0.7,1
2.0,0.01,0.5,North Dakota,65.0,39,93,71.0,17.0,16.5,20,0.0,0.0,80.9,73.0,93.7,93.0,138.2,137.0,6.5,7.0,10,2.9,6
2.0,0.25,2.0,Tennessee,65.1,60,79,60.0,45.8,46.0,48,0.0,0.0,75.6,74.0,80.6,79.0,104.0,104.0,26.1,25.5,32,8.2,11
0.5,0.25,1.0,Tennessee,65.2,60,79,60.0,35.2,35.5,37,0.0,0.0,76.7,79.0,81.8,80.0,104.0,104.0,15.4,15.5,17,5.9,8
0.5,0.01,0.5,Illinois,65.5,54,87,61.0,22.9,23.0,28,0.3,1.0,81.2,87.0,89.6,90.0,122.9,122.5,6.7,6.5,11,1.5,3
2.0,0.25,1.0,Tennessee,65.5,60,77,60.0,45.4,45.0,48,0.0,0.0,76.1,79.0,80.7,80.0,103.4,104.0,25.9,26.5,28,8.1,11
1.0,0.01,0.5,Wyoming,65.6,40,85,65.0,7.4,7.0,9,0.0,0.0,83.7,69.5,114.4,121.5,203.66666666666666,250.0,1.0,1.0,2,0.3,1
0.5,0.05,1.0,West Virginia,65.7,48,114,53.5,7.2,7.0,9,0.0,0.0,89.1,73.5,119.8,127.5,163.7,178.5,2.0,2.0,5,0.0,0
0.5,0.01,2.0,Florida,65.8,32,89,79.0,13.4,14.0,18,1.0,10.0,87.1,91.5,125.6,127.0,35.9,28.0,17.2,17.0,22,13.8,21
1.0,0.25,1.0,Tennessee,65.9,60,79,60.0,43.6,43.5,47,0.0,0.0,77.9,79.0,83.2,80.0,107.4,104.0,25.0,24.0,30,7.9,12
ALL,ALL,ALL,Mississippi,65.93611111111112,50,344,50.0,9.716666666666667,10.0,16,0.0,0.0,97.28531073446328,76.0,127.32840236686391,79.0,44.07234042553191,28.0,1.9110169491525424,2.0,5,0.08055555555555556,1
2.0,0.01,2.0,California,66.0,33,87,80.0,6.4,7.0,9,2.9,11.0,74.9,84.5,96.5,92.5,28.0,28.0,74.1,72.0,91,24.6,27
2.0,0.1,0.5,North Carolina,66.3,50,69,69.0,27.8,27.5,31,0.1,1.0,120.1,113.5,178.7,191.0,227.5,209.0,6.6,6.5,9,3.8,6
0.5,0.01,1.0,Michigan,66.5,37,96,65.0,30.7,31.0,36,0.4,2.0,81.1,79.0,88.8,87.0,87.8,81.0,14.1,14.5,22,14.3,20
2.0,0.05,0.5,West Virginia,66.7,48,139,48.0,11.1,11.0,12,0.0,0.0,83.6,59.0,135.4,132.0,168.77777777777777,176.0,2.7777777777777777,2.0,7,0.0,0
1.0,0.01,2.0,New York,66.7,44,110,54.0,9.7,9.0,13,4.3,27.0,94.6,88.5,117.5,127.5,35.3,28.0,147.6,142.0,175,38.2,42
0.5,0.25,2.0,Maine,66.8,55,152,55.0,10.1,10.0,11,0.0,0.0,91.0,76.0,143.3,152.0,229.2,269.0,1.4,1.0,3,1.5,2
2.0,0.25,1.0,South Carolina,66.8,64,68,68.0,14.6,15.0,15,0.0,0.0,70.8,72.0,112.8,123.0,47.9,28.0,7.4,8.0,10,2.0,2
1.0,0.05,1.0,Georgia,66.8,48,83,69.0,44.3,44.5,47,0.0,0.0,81.5,83.0,84.5,84.0,91.1,90.0,5.0,5.0,7,4.5,7
1.0,0.25,0.5,Tennessee,66.8,60,79,65.0,40.4,40.0,44,0.0,0.0,77.3,79.0,83.8,83.5,104.0,104.0,18.1,18.0,20,5.9,7
1.0,0.01,2.0,Indiana,66.8,34,94,73.0,45.0,45.0,52,0.0,0.0,82.2,86.0,90.4,91.0,83.7,97.5,18.8,18.5,25,14.1,21
2.0,0.05,2.0,Georgia,66.9,42,83,72.5,51.4,52.0,54,0.0,0.0,80.1,83.0,82.9,84.0,88.2,90.0,6.1,6.0,8,4.9,9
0.5,0.25,2.0,Massachusetts,67.0,58,68,68.0,8.9,9.0,10,0.0,0.0,84.7,82.5,95.3,94.0,147.4,88.0,2.0,2.0,3,0.0,0
2.0,0.1,2.0,New Jersey,67.2,66,78,66.0,6.0,6.0,6,0.0,0.0,103.2,99.5,117.6,117.0,96.0,84.0,1.9,2.0,3,0.0,0
0.5,0.25,1.0,South Carolina,67.2,64,68,68.0,12.8,13.0,14,0.0,0.0,71.2,72.0,112.8,123.0,47.8,28.0,4.8,4.5,9,1.2,3
0.5,0.25,2.0,South Carolina,67.2,64,68,68.0,13.7,14.0,15,0.0,0.0,81.4,72.0,112.8,123.0,97.6,28.0,6.0,6.0,8,1.2,3
1.0,0.25,1.0,South Carolina,67.2,64,68,68.0,14.4,14.0,15,0.0,0.0,71.2,72.0,112.8,123.0,67.6,28.0,6.3,6.0,9,1.4,3
2.0,0.1,2.0,South Carolina,67.2,64,68,68.0,14.3,14.0,15,0.0,0.0,91.6,72.0,118.1,123.0,62.5,28.0,7.8,8.0,10,2.1,3
1.0,0.01,0.5,Florida,67.3,32,126,54.5,9.8,10.5,14,3.3,15.0,97.8,95.0,113.8,120.5,28.0,28.0,17.1,17.5,22,14.1,19
2.0,0.25,2.0,Massachusetts,67.5,58,83,68.0,9.4,10.0,10,0.0,0.0,86.0,86.5,95.2,94.0,127.6,88.0,4.2,4.0,6,0.0,0
0.5,0.25,0.5,South Carolina,67.6,64,68,68.0,5.6,5.5,7,0.0,0.0,97.1,97.5,117.9,123.0,102.33333333333333,77.5,1.6666666666666667,1.5,3,0.0,0
1.0,0.1,1.0,South Carolina,67.6,64,68,68.0,13.1,13.0,14,0.0,0.0,97.5,97.5,125.2,123.0,191.3,227.0,5.4,5.0,8,1.5,3
1.0,0.25,0.5,South Carolina,67.6,64,68,68.0,13.0,13.0,14,0.0,0.0,71.6,72.0,117.9,123.0,77.3,28.0,5.3,5.0,7,1.8,3
1.0,0.25,2.0,South Carolina,67.6,64,68,68.0,14.4,14.0,15,0.0,0.0,86.9,72.0,117.9,123.0,47.9,28.0,7.3,7.0,9,2.2,4
1.0,0.1,2.0,South Carolina,67.6,64,68,68.0,13.9,14.0,14,0.0,0.0,86.9,72.0,124.3,123.0,52.7,28.0,7.9,8.0,10,2.3,4
2.0,0.25,2.0,South Carolina,67.6,64,68,68.0,14.3,14.0,15,0.0,0.0,76.7,72.0,117.9,123.0,52.6,28.0,7.8,8.0,10,2.6,4
2.0,0.01,0.5,California,67.6,33,92,84.5,5.0,5.0,8,9.9,17.0,105.8,108.5,183.8,120.0,28.0,28.0,76.5,73.0,93,25.4,29
0.5,0.01,2.0,New York,67.6,44,110,60.5,10.3,10.0,13,1.9,6.0,90.5,90.0,105.6,104.0,32.5,28.0,139.8,141.5,158,36.4,39
ALL,ALL,ALL,Virginia,67.64166666666667,46,235,52.0,26.102777777777778,27.0,41,0.002777777777777778,1.0,79.76388888888889,62.0,90.20055710306407,70.0,124.21348314606742,107.0,6.707865168539326,7.0,14,2.7555555555555555,8
2.0,0.05,1.0,Georgia,67.8,42,83,78.0,51.7,52.0,55,0.0,0.0,78.7,83.0,83.3,85.5,94.9,90.0,5.9,6.0,9,4.6,7
0.5,0.01,2.0,Michigan,67.9,37,87,87.0,36.5,36.0,38,0.2,1.0,82.4,87.0,92.0,91.5,84.5,81.0,20.3,20.5,24,14.5,18
2.0,0.25,0.5,South Carolina,68.0,68,68,68.0,14.2,14.0,15,0.0,0.0,77.1,72.0,123.0,123.0,37.9,28.0,8.2,8.0,10,2.0,4
2.0,0.01,0.5,Florida,68.2,32,112,61.0,13.0,12.5,18,1.3,5.0,96.6,95.5,122.8,127.0,37.3,28.0,27.2,26.0,36,18.4,23
1.0,0.01,1.0,Oregon,68.5,39,99,64.5,11.6,12.0,15,0.0,0.0,94.2,97.5,119.4,124.0,113.1,118.0,6.3,6.0,10,3.7,5
1.0,0.01,1.0,Utah,68.6,48,94,68.5,13.9,13.5,17,0.0,0.0,83.6,70.0,95.3,75.0,107.0,110.0,8.2,9.0,13,1.6,3
1.0,0.01,1.0,Michigan,68.6,37,87,69.5,35.9,36.5,40,0.2,1.0,75.6,75.0,82.8,83.5,70.6,45.5,18.6,18.5,26,14.4,19
0.5,0.01,0.5,Ohio,68.7,35,98,78.5,28.9,30.0,34,0.7,6.0,83.8,84.0,92.7,95.0,112.0,99.0,8.7,7.5,13,8.4,14
1.0,0.25,2.0,Connecticut,68.9,60,85,60.0,5.4,5.5,6,0.7,2.0,82.0,85.0,92.7,97.0,78.1,77.0,4.1,3.5,7,1.4,2
2.0,0.1,0.5,Delaware,69.0,55,75,75.0,3.0,3.0,3,0.0,0.0,144.6,90.0,304.9,304.0,237.0,237.0,1.0,1.0,1,0.0,0
0.5,0.01,0.5,Michigan,69.0,37,87,80.5,26.5,26.0,32,0.2,1.0,86.2,87.0,89.5,87.0,109.2,117.0,10.0,10.0,14,9.8,14
1.0,0.25,2.0,Tennessee,69.1,60,79,70.5,45.9,45.5,48,0.0,0.0,78.1,79.0,83.1,83.5,104.0,104.0,25.6,26.0,29,7.8,9
1.0,0.1,0.5,Delaware,69.2,55,75,75.0,3.0,3.0,3,0.0,0.0,143.2,83.0,304.9,304.0,237.0,237.0,1.0,1.0,1,0.0,0
1.0,0.01,1.0,Nevada,69.2,39,89,68.5,4.7,5.0,5,0.0,0.0,92.1,87.0,111.4,112.5,90.0,84.0,1.0,1.0,1,0.0,0
0.5,0.1,1.0,Montana,69.2,52,91,60.0,10.0,10.0,12,0.0,0.0,87.6,91.0,96.1,94.0,90.9,84.0,2.2,2.0,4,0.5,1
0.5,0.01,0.5,Florida,69.2,32,181,54.0,7.3,7.0,12,2.0,10.0,95.1,88.0,124.8,120.0,61.1,28.0,8.9,9.0,15,9.9,14
1.0,0.05,0.5,West Virginia,69.3,48,148,53.5,8.4,9.0,9,0.0,0.0,104.0,116.0,129.1,143.5,166.2,176.0,2.9,3.0,5,0.0,0
2.0,0.25,0.5,Montana,69.4,52,91,68.0,13.0,13.0,15,0.0,0.0,86.6,91.0,92.1,92.0,118.3,107.0,2.6,2.5,4,0.5,1
0.5,0.25,1.0,Montana,69.4,52,91,68.0,10.3,10.0,14,0.0,0.0,88.9,91.0,92.8,93.0,94.88888888888889,105.0,2.3333333333333335,2.0,3,0.9,2
1.0,0.25,1.0,Montana,69.4,52,91,68.0,11.8,12.0,13,0.0,0.0,86.6,91.0,92.3,93.0,111.2,105.0,2.7,3.0,4,1.0,2
0.5,0.25,0.5,Maine,69.4,55,152,55.0,5.3,5.0,7,0.0,0.0,106.0,76.0,143.5,152.0,170.25,172.5,2.125,2.0,4,1.3,3
ALL,ALL,ALL,Georgia,69.46666666666667,42,194,50.0,39.30833333333333,42.0,58,0.002777777777777778,1.0,85.22777777777777,83.0,94.94166666666666,84.0,132.90548780487805,90.0,4.180232558139535,4.0,9,3.5527777777777776,10
1.0,0.05,2.0,Tennessee,69.7,60,79,70.5,40.2,40.0,44,0.0,0.0,84.6,79.0,92.1,91.5,119.7,125.0,25.6,26.0,28,8.9,12
2.0,0.01,1.0,California,69.9,33,87,84.5,5.0,5.0,7,5.9,16.0,94.2,89.5,141.2,116.0,28.0,28.0,78.3,75.5,93,25.1,28
1.0,0.25,2.0,Montana,70.1,52,91,68.0,13.3,13.0,16,0.0,0.0,84.7,91.0,92.3,92.0,110.1,105.0,3.1,3.0,5,0.8,1
1.0,0.1,0.5,New Jersey,70.2,66,108,66.0,6.0,6.0,6,0.0,0.0,94.2,92.0,115.2,114.0,84.0,84.0,1.0,1.0,1,0.0,0
0.5,0.25,0.5,Connecticut,70.3,60,85,67.0,4.6,5.0,6,0.5,1.0,84.0,85.0,93.9,97.0,77.0,77.0,4.5,5.0,6,0.5,1
2.0,0.01,2.0,Pennsylvania,70.3,36,102,76.0,44.1,43.5,47,0.2,1.0,95.1,99.0,108.7,112.5,88.8,85.0,17.8,17.5,22,7.7,11
1.0,0.01,1.0,New York,70.3,44,128,56.5,10.9,10.5,16,2.0,16.0,86.7,86.5,107.8,123.0,28.0,28.0,141.3,139.0,168,36.5,41
2.0,0.01,1.0,North Dakota,70.4,53,93,72.0,17.9,18.0,20,0.0,0.0,84.9,93.0,92.3,96.0,115.6,112.0,7.3,6.5,11,2.6,5
2.0,0.25,0.5,Tennessee,70.4,60,79,71.0,44.2,44.0,47,0.0,0.0,78.3,78.0,82.8,79.5,107.4,104.0,24.7,25.0,29,7.5,12
2.0,0.01,1.0,Florida,70.4,31,129,67.0,12.1,13.0,16,2.9,12.0,105.3,110.0,122.4,128.0,33.5,28.0,30.0,30.5,37,20.6,25
1.0,0.1,0.5,Tennessee,70.5,60,79,71.0,35.6,35.5,40,0.0,0.0,80.2,79.0,86.7,87.0,104.0,104.0,17.1,17.0,21,7.3,10
1.0,0.25,1.0,Massachusetts,70.6,58,91,68.0,8.8,9.0,9,0.0,0.0,86.6,94.0,95.1,96.5,145.11111111111111,187.0,2.5555555555555554,3.0,4,0.1,1
1.0,0.25,2.0,Massachusetts,70.7,58,91,68.0,9.5,9.5,10,0.0,0.0,88.1,92.5,95.9,98.0,145.8,137.5,4.3,4.5,6,0.0,0
1.0,0.1,1.0,Maine,70.7,55,152,57.5,9.0,9.0,10,0.0,0.0,117.2,118.0,176.9,184.0,209.9,269.0,1.5,1.0,3,1.4,2
1.0,0.1,1.0,New Jersey,70.8,66,102,66.0,6.0,6.0,6,0.0,0.0,101.1,92.0,115.5,117.0,84.0,84.0,1.0,1.0,1,0.0,0
1.0,0.01,2.0,North Dakota,70.8,39,93,71.0,16.5,16.5,19,0.0,0.0,83.0,83.0,96.0,94.5,138.8,137.0,6.4,6.5,10,3.0,5
2.0,0.05,0.5,Georgia,70.9,42,83,80.5,47.4,47.0,51,0.0,0.0,78.8,83.5,82.8,85.5,88.2,90.0,5.7,5.5,8,4.7,8
2.0,0.1,1.0,Delaware,71.0,55,75,75.0,3.0,3.0,3,0.0,0.0,162.8,90.0,310.8,304.0,237.0,237.0,1.0,1.0,1,0.0,0
0.5,0.25,0.5,Montana,71.0,52,91,68.0,10.6,10.5,12,0.0,0.0,89.1,91.0,92.3,91.0,110.5,105.0,1.5555555555555556,1.0,3,0.6,1
0.5,0.05,0.5,Georgia,71.0,42,83,80.5,18.1,19.0,21,0.0,0.0,76.0,83.5,83.9,85.5,88.875,90.0,2.1,2.5,4,1.9,4
2.0,0.01,2.0,North Dakota,71.0,39,93,73.0,17.3,17.0,20,0.1,1.0,85.6,93.0,98.4,98.5,114.5,111.5,7.2,6.5,11,4.1,7
2.0,0.01,2.0,Indiana,71.0,34,94,75.5,45.3,45.5,50,0.0,0.0,84.3,94.0,93.6,97.5,72.0,68.5,19.3,20.0,22,16.0,19
2.0,0.1,2.0,Delaware,71.1,55,75,75.0,3.0,3.0,3,0.0,0.0,200.6,279.0,304.0,304.0,237.0,237.0,1.0,1.0,1,0.0,0
2.0,0.1,0.5,New Jersey,71.1,66,117,66.0,6.0,6.0,6,0.0,0.0,104.3,103.0,117.3,117.0,108.0,84.0,1.8,2.0,4,0.0,0
1.0,0.1,1.0,Delaware,71.1,55,75,75.0,3.0,3.0,3,0.0,0.0,123.6,83.0,304.0,304.0,237.0,237.0,1.0,1.0,1,0.0,0
2.0,0.01,1.0,Michigan,71.1,37,87,76.0,37.9,38.5,43,0.7,3.0,85.1,87.0,90.5,87.0,86.3,74.0,20.3,20.0,23,14.4,19
0.5,0.1,1.0,Tennessee,71.3,60,79,74.0,33.4,34.0,36,0.0,0.0,79.5,79.0,85.8,87.0,119.1,115.0,15.1,15.5,20,5.7,7
0.5,0.25,1.0,Massachusetts,71.6,58,91,68.0,8.3,8.0,9,0.1,1.0,91.7,94.5,97.7,96.5,137.5,137.5,1.25,1.0,2,0.1,1
1.0,0.01,0.5,North Dakota,71.6,39,93,73.0,13.2,13.0,17,0.0,0.0,87.7,92.5,93.7,96.0,127.9,123.0,4.1,3.5,8,2.3,5
1.0,0.05,0.5,Georgia,71.6,50,83,78.0,33.2,34.0,36,0.0,0.0,81.7,83.0,83.4,85.5,98.1,90.0,3.9,4.0,5,3.5,7
1.0,0.1,2.0,Maine,71.8,55,152,55.0,9.6,10.0,10,0.0,0.0,133.0,152.0,172.6,179.0,269.0,269.0,0.8,1.0,1,1.5,2
0.5,0.01,0.5,Utah,71.8,55,94,69.0,9.6,9.5,12,0.0,0.0,83.3,72.5,94.2,84.5,106.3,98.5,6.1,6.5,9,1.6,3
0.5,0.01,1.0,New York,72.1,33,110,68.0,9.2,8.5,15,5.8,24.0,104.5,112.0,139.7,129.5,36.8,28.0,125.5,130.0,152,36.0,42
0.5,0.1,2.0,Tennessee,72.4,60,79,74.0,39.6,39.5,43,0.0,0.0,80.6,79.0,89.5,87.0,112.3,104.0,22.7,23.0,28,8.5,9
0.5,0.1,0.5,Delaware,72.5,53,75,75.0,1.8,2.0,2,0.0,0.0,83.0,83.0,,,,,0.0,0.0,0,0.0,0
2.0,0.25,2.0,Connecticut,72.5,60,85,72.5,5.6,6.0,7,0.5,1.0,85.8,85.5,96.7,98.0,77.5,79.0,4.7,4.5,8,1.3,2
0.5,0.01,1.0,Florida,72.5,32,112,75.0,9.0,9.0,12,2.7,13.0,104.8,97.0,120.8,120.5,47.7,28.0,13.4,13.5,22,12.1,16
1.0,0.25,0.5,Massachusetts,72.6,58,91,68.0,7.8,8.0,9,0.0,0.0,83.4,83.0,92.9,94.0,97.9,88.0,2.1,2.0,3,0.1,1
1.0,0.25,0.5,Connecticut,72.6,60,85,73.0,5.3,6.0,6,0.6,2.0,83.2,85.0,93.5,97.0,80.4,93.0,4.3,4.0,7,0.6,2
0.5,0.25,2.0,Montana,72.6,68,91,68.0,11.9,12.0,13,0.0,0.0,91.2,91.0,92.6,93.0,127.4,105.0,2.3,2.0,3,0.9,1
1.0,0.1,2.0,Tennessee,72.6,60,79,75.0,43.3,43.5,45,0.0,0.0,82.0,83.0,89.1,90.0,108.9,104.0,25.0,25.0,30,8.3,11
0.5,0.1,2.0,Delaware,72.7,55,75,75.0,3.0,3.0,3,0.0,0.0,144.6,90.0,304.0,304.0,238.2,237.0,1.0,1.0,1,0.0,0
2.0,0.1,2.0,Tennessee,72.7,60,79,75.0,42.8,43.0,45,0.0,0.0,81.5,79.5,89.1,87.0,81.2,104.0,25.6,25.0,28,8.3,10
0.5,0.01,0.5,Indiana,72.7,51,101,76.5,30.1,30.0,36,0.0,0.0,86.4,95.5,92.8,98.0,83.0,84.0,11.4,11.0,16,10.3,14
1.0,0.1,2.0,Delaware,72.8,53,75,75.0,3.0,3.0,3,0.0,0.0,122.8,83.0,281.9,304.0,237.0,237.0,1.0,1.0,1,0.0,0
2.0,0.01,0.5,Michigan,72.9,37,87,77.0,34.9,34.5,40,0.6,2.0,81.4,84.0,88.6,87.0,103.5,117.0,18.7,18.5,24,16.6,20
0.5,0.01,0.5,North Dakota,73.0,39,93,72.0,11.2,11.0,14,0.0,0.0,87.9,93.0,96.5,96.0,135.7,137.0,2.2,2.0,4,1.8,4
0.5,0.25,0.5,Massachusetts,73.1,58,91,68.0,7.7,8.0,9,0.0,0.0,85.1,82.5,93.3,94.0,117.7,88.0,1.0,1.0,1,0.0,0
1.0,0.1,0.5,South Carolina,73.1,64,123,68.0,12.7,13.0,14,0.0,0.0,102.4,123.0,125.2,123.0,187.5,201.5,4.4,4.0,6,1.2,2
0.5,0.1,2.0,South Carolina,73.1,64,123,68.0,13.1,13.0,14,0.0,0.0,87.6,72.0,120.5,123.0,151.4,127.0,6.5,6.5,9,1.5,4
2.0,0.01,2.0,Utah,73.1,55,91,69.0,12.5,12.5,15,0.0,0.0,83.7,72.5,96.7,90.5,87.2,78.0,10.9,10.5,14,3.5,8
0.5,0.01,1.0,North Dakota,73.4,39,93,73.0,12.6,12.0,16,0.0,0.0,88.6,93.0,99.7,98.5,145.4,139.5,2.9,3.0,5,2.3,4
1.0,0.01,0.5,New York,73.4,40,123,64.5,10.7,10.0,17,5.5,26.0,106.6,104.0,133.5,125.0,55.6,28.0,130.9,127.5,147,35.4,42
0.5,0.05,0.5,South Carolina,73.5,68,123,68.0,3.7,3.0,5,0.0,0.0,121.7,123.0,164.66666666666666,166.0,227.0,227.0,1.0,1.0,1,0.0,0
0.5,0.05,2.0,South Carolina,73.5,68,123,68.0,11.4,12.0,13,0.0,0.0,113.4,123.0,128.4,125.0,240.0,274.0,5.4,5.0,9,1.0,4
2.0,0.1,1.0,South Carolina,73.5,68,123,68.0,14.2,14.0,15,0.0,0.0,97.5,97.5,125.6,123.0,28.0,28.0,7.9,8.0,12,2.0,4
2.0,0.1,1.0,Tennessee,73.6,60,79,79.0,42.5,42.0,46,0.0,0.0,83.1,80.0,89.2,87.0,111.1,104.0,25.1,25.0,29,8.8,14
0.5,0.25,1.0,Connecticut,73.7,60,85,78.5,4.7,5.0,7,0.4,1.0,84.4,85.5,95.1,98.0,80.5,93.0,4.8,5.0,7,0.4,1
2.0,0.25,1.0,Connecticut,73.9,60,85,79.5,5.7,6.0,6,0.6,2.0,86.2,85.5,96.6,98.0,80.4,93.0,4.5,4.0,7,1.3,2
0.5,0.01,1.0,Indiana,73.9,51,100,73.0,35.2,35.5,41,0.1,1.0,87.4,94.0,93.1,100.0,79.9,84.0,14.4,14.5,19,12.9,15
0.5,0.01,2.0,Nevada,74.0,57,89,79.5,4.9,5.0,5,0.0,0.0,100.5,89.0,117.2,123.0,84.0,84.0,1.0,1.0,1,0.0,0
1.0,0.1,0.5,Montana,74.0,52,91,68.0,11.2,11.0,13,0.0,0.0,87.8,91.0,94.8,93.5,118.8,109.0,2.4,2.0,5,0.4,1
2.0,0.1,0.5,Massachusetts,74.1,68,91,68.0,8.2,8.0,10,0.0,0.0,97.5,96.5,102.4,100.5,177.1,187.0,3.9,4.0,5,0.2,1
1.0,0.05,1.0,Delaware,74.2,62,83,75.0,2.7,3.0,3,0.0,0.0,202.0,279.0,305.2857142857143,304.0,240.0,240.0,1.0,1.0,1,0.0,0
0.5,0.05,1.0,Tennessee,74.2,60,79,79.0,29.0,29.0,31,0.0,0.0,85.0,87.0,91.7,93.0,121.2,124.5,13.1,13.0,17,5.7,8
2.0,0.01,0.5,Utah,74.3,65,94,68.0,12.6,12.5,16,0.1,1.0,79.6,70.0,87.5,75.0,97.3,88.5,9.7,8.5,17,3.1,5
0.5,0.05,0.5,Delaware,74.4,72,75,75.0,1.1,1.0,2,0.0,0.0,97.0,97.0,,,97.0,97.0,1.0,1.0,1,0.0,0
0.5,0.1,1.0,New Jersey,74.4,66,108,66.0,6.0,6.0,6,0.0,0.0,105.8,114.0,114.9,117.0,82.28571428571429,84.0,1.1428571428571428,1.0,2,0.0,0
1.0,0.05,0.5,Delaware,74.5,62,83,75.0,2.9,3.0,3,0.0,0.0,239.8,279.0,308.77777777777777,304.0,237.0,237.0,1.0,1.0,1,0.0,0
2.0,0.01,2.0,Michigan,74.5,37,87,78.0,37.9,37.5,42,0.1,1.0,81.9,87.0,89.9,87.0,85.3,64.5,18.4,18.5,23,14.7,18
2.0,0.25,0.5,Massachusetts,74.6,58,91,68.0,8.8,9.0,10,0.0,0.0,88.6,91.0,95.1,94.5,127.6,88.0,3.3,4.0,4,0.1,1
1.0,0.01,1.0,Washington,74.6,61,91,70.0,13.2,13.0,16,0.3,2.0,84.9,81.5,105.0,88.0,61.7,28.0,14.1,14.0,19,8.5,11
0.5,0.05,2.0,Delaware,74.7,56,83,75.0,3.0,3.0,3,0.0,0.0,202.0,279.0,312.6,304.0,237.0,237.0,1.0,1.0,1,0.0,0
0.5,0.1,1.0,Delaware,74.7,72,75,75.0,2.8,3.0,3,0.0,0.0,182.4,188.0,304.0,304.0,,,0.0,0.0,0,0.0,0
ALL,ALL,ALL,Tennessee,74.79722222222222,60,161,79.0,34.425,38.0,48,0.044444444444444446,1.0,88.6361111111111,87.0,99.475,93.0,114.40277777777777,104.0,18.241666666666667,20.0,34,6.877777777777778,14
0.5,0.1,2.0,New Jersey,74.9,66,114,66.0,6.0,6.0,6,0.0,0.0,103.5,107.0,117.1,117.0,126.88888888888889,84.0,1.1111111111111112,1.0,2,0.0,0
2.0,0.01,1.0,Utah,74.9,68,94,68.5,13.6,13.0,16,0.0,0.0,84.4,75.0,91.0,82.0,101.3,98.5,10.9,11.0,15,2.5,4
0.5,0.05,0.5,New Jersey,75.0,66,114,66.0,5.9,6.0,6,0.0,0.0,111.6,114.0,118.3,117.0,80.57142857142857,84.0,1.2857142857142858,1.0,2,0.0,0
0.5,0.05,2.0,New Jersey,75.0,66,114,66.0,6.0,6.0,6,0.0,0.0,108.3,114.0,117.6,117.0,80.0,84.0,1.25,1.0,2,0.0,0
0.5,0.05,2.0,Tennessee,75.0,60,79,79.0,36.3,36.5,40,0.0,0.0,84.5,87.0,92.5,93.0,118.1,124.5,20.9,20.5,26,8.4,11
1.0,0.01,2.0,Nevada,75.4,39,105,78.0,4.8,5.0,5,0.0,0.0,100.8,105.0,156.6,123.0,132.5,84.0,1.25,1.0,2,0.0,0
0.5,0.05,0.5,Tennessee,75.4,70,79,78.0,19.1,19.5,22,0.0,0.0,83.2,79.5,91.8,91.5,123.9,126.0,3.5,3.0,7,3.6,4
2.0,0.1,0.5,Tennessee,75.4,70,79,78.0,42.3,42.0,46,0.0,0.0,83.0,83.0,90.9,90.0,113.7,104.0,24.7,25.0,28,7.6,9
2.0,0.25,1.0,Massachusetts,75.6,68,91,68.0,9.5,10.0,10,0.0,0.0,90.1,92.0,96.4,96.0,158.9,137.5,4.2,5.0,5,0.0,0
2.0,0.25,0.5,Connecticut,75.6,60,85,74.0,5.6,6.0,6,0.3,2.0,86.8,85.0,94.1,97.0,87.0,93.0,4.1,4.5,6,0.8,2
2.0,0.01,0.5,Nevada,75.7,39,89,85.0,4.6,5.0,5,0.0,0.0,101.4,105.0,157.4,120.0,213.33333333333334,278.0,1.0,1.0,1,0.0,0
0.5,0.01,2.0,Utah,75.7,55,94,68.5,12.7,13.0,15,0.0,0.0,86.1,78.5,93.4,89.5,100.0,110.0,9.1,9.0,13,2.4,5
0.5,0.05,1.0,Delaware,75.8,75,83,75.0,2.6,3.0,3,0.0,0.0,221.6,279.0,304.0,304.0,97.0,97.0,1.0,1.0,1,0.0,0
1.0,0.05,2.0,Delaware,75.9,75,83,75.0,2.8,3.0,3,0.0,0.0,203.4,279.0,313.625,304.0,240.0,240.0,1.0,1.0,1,0.0,0
2.0,0.05,1.0,Delaware,75.9,75,83,75.0,3.0,3.0,3,0.0,0.0,241.2,279.0,315.7,304.0,202.0,237.0,1.0,1.0,1,0.0,0
1.0,0.01,0.5,Utah,76.1,55,94,82.0,10.8,10.5,13,0.1,1.0,92.1,99.0,101.1,111.5,97.1,99.0,7.4,7.0,11,2.2,4
0.5,0.01,0.5,Oregon,76.2,39,92,79.5,6.9,7.0,9,0.0,0.0,94.4,92.0,130.5,145.5,98.6,118.0,2.7,2.5,5,2.0,4
0.5,0.01,2.0,North Dakota,76.2,71,93,73.0,16.2,16.0,21,0.0,0.0,93.0,93.0,102.3,96.0,129.2,118.5,4.8,5.0,10,2.9,6
1.0,0.25,1.0,Connecticut,76.3,60,85,79.5,5.3,5.0,7,0.3,2.0,85.4,85.5,91.8,92.0,86.9,93.0,4.2,4.0,8,0.8,2
1.0,0.05,0.5,Tennessee,76.3,60,79,79.0,33.0,33.5,36,0.0,0.0,87.5,87.0,92.5,93.0,114.9,115.0,17.6,18.0,21,6.3,7
1.0,0.01,2.0,Michigan,76.3,52,87,80.5,36.2,36.5,43,0.3,1.0,81.4,82.0,87.8,87.0,110.8,121.0,21.0,21.0,27,15.7,18
1.0,0.1,1.0,Massachusetts,76.4,68,91,68.0,7.8,8.0,9,0.0,0.0,97.0,94.5,104.6,103.0,167.2,187.0,2.7,2.5,5,0.1,1
1.0,0.01,2.0,Utah,76.4,55,103,69.0,13.1,13.0,16,0.0,0.0,81.2,72.5,94.9,87.0,94.2,83.0,11.0,11.0,17,2.8,5
0.5,0.1,0.5,Tennessee,76.5,70,79,79.0,22.5,22.5,25,0.0,0.0,85.2,87.0,91.1,93.0,113.4,104.0,4.5,5.0,6,3.6,5
2.0,0.05,0.5,Delaware,76.6,75,91,75.0,3.0,3.0,3,0.0,0.0,182.4,188.0,325.3,338.0,238.0,237.0,1.0,1.0,1,0.0,0
2.0,0.05,2.0,Delaware,76.6,75,91,75.0,2.9,3.0,3,0.0,0.0,182.4,188.0,314.55555555555554,313.0,237.0,237.0,1.0,1.0,1,0.0,0
0.5,0.01,0.5,Nevada,76.7,57,89,80.0,3.8,4.0,5,0.0,0.0,100.3,105.0,129.2,123.0,92.0,84.0,1.0,1.0,1,0.0,0
2.0,0.01,2.0,New York,76.7,44,110,67.5,11.1,10.5,17,3.3,26.0,94.0,91.0,159.6,130.0,28.0,28.0,134.5,132.5,162,36.1,42
0.5,0.1,0.5,New Jersey,76.8,48,114,66.0,6.0,6.0,6,0.0,0.0,103.9,103.0,116.3,117.0,76.83333333333333,84.0,1.1666666666666667,1.0,2,0.0,0
2.0,0.1,1.0,New Jersey,76.9,66,108,66.0,6.0,6.0,6,0.0,0.0,108.6,111.0,117.0,117.0,114.0,114.0,2.1,2.0,3,0.0,0
2.0,0.1,2.0,North Carolina,76.9,50,191,69.0,29.0,29.0,31,0.2,2.0,128.1,127.0,163.6,191.0,191.3,209.0,5.5,5.5,9,4.4,6
0.5,0.01,2.0,Washington,76.9,43,103,75.5,13.3,13.5,16,0.9,5.0,95.4,94.5,121.1,122.0,83.2,69.0,14.2,13.0,20,8.4,10
1.0,0.1,0.5,Massachusetts,77.0,68,91,75.0,7.7,7.5,9,0.0,0.0,94.1,94.0,101.4,100.5,165.6,187.0,2.1,2.0,4,0.0,0
2.0,0.01,2.0,Nevada,77.0,57,89,78.0,4.8,5.0,5,0.0,0.0,99.1,105.0,157.3,120.0,278.0,278.0,1.0,1.0,1,0.0,0
0.5,0.01,0.5,Tennessee,77.1,60,79,79.0,11.9,11.0,15,0.2,1.0,96.9,97.5,126.8,124.0,214.2,213.0,2.5,2.0,6,1.6,4
1.0,0.1,1.0,Tennessee,77.3,70,79,79.0,41.4,41.0,44,0.0,0.0,82.6,80.0,90.9,90.0,109.0,104.0,24.0,23.5,28,7.7,9
2.0,0.05,1.0,Tennessee,77.4,71,79,79.0,40.7,41.0,43,0.0,0.0,86.0,87.0,93.9,96.0,114.9,115.0,27.0,27.0,33,8.0,10
2.0,0.01,0.5,Washington,77.4,43,130,65.0,13.7,14.5,16,0.5,2.0,89.5,83.5,101.7,91.0,68.2,48.5,15.2,15.5,20,8.9,12
2.0,0.05,2.0,Tennessee,77.4,71,79,79.0,40.4,40.0,44,0.0,0.0,84.6,87.0,93.0,94.5,55.3,28.0,26.9,26.0,34,9.2,11
2.0,0.01,1.0,Indiana,77.7,34,100,83.5,47.5,47.0,52,0.2,2.0,90.3,94.0,97.4,100.5,105.2,112.0,19.5,20.0,23,12.7,16
2.0,0.01,0.5,Indiana,77.7,45,100,80.5,44.6,43.5,50,0.0,0.0,87.8,96.5,94.0,100.5,78.5,88.5,18.6,19.5,21,13.9,20
2.0,0.1,0.5,Maine,77.8,55,152,76.0,10.0,10.0,11,0.0,0.0,130.8,152.0,168.4,184.0,229.8,269.0,1.3,1.0,3,1.2,2
1.0,0.25,0.5,Montana,77.9,52,91,79.5,11.6,11.0,13,0.0,0.0,88.9,91.0,92.7,93.0,121.33333333333333,105.0,2.4,3.0,4,0.9,2
1.0,0.01,2.0,Oregon,78.0,39,96,88.0,11.8,11.0,14,0.0,0.0,98.4,95.5,115.7,108.0,66.5,48.5,5.7,6.0,7,4.7,6
1.0,0.01,0.5,Pennsylvania,78.0,36,142,79.5,40.0,40.0,43,0.2,2.0,103.1,104.5,111.6,108.5,59.4,28.0,17.7,17.5,23,6.7,8
1.0,0.01,1.0,Tennessee,78.1,70,87,79.0,25.0,25.5,27,0.2,1.0,97.3,96.0,131.1,135.5,85.9,28.0,15.7,16.0,21,7.0,10
1.0,0.01,0.5,Washington,78.1,61,98,76.5,11.0,10.5,14,0.5,3.0,98.2,91.0,130.5,140.5,63.1,28.0,12.8,12.0,18,8.4,10
2.0,0.1,0.5,South Carolina,78.2,64,123,68.0,13.8,14.0,15,0.0,0.0,97.8,97.5,118.7,123.0,52.6,28.0,7.7,8.0,11,2.2,4
0.5,0.01,0.5,Washington,78.2,43,109,83.5,8.9,9.0,12,0.3,2.0,90.9,91.0,104.7,98.0,59.5,28.0,8.8,7.5,13,6.6,8
1.0,0.1,0.5,North Carolina,78.3,50,191,69.0,16.8,17.0,19,0.1,1.0,115.9,81.5,169.2,189.5,251.2,310.0,4.2,4.0,6,1.3,4
2.0,0.01,0.5,Pennsylvania,78.5,36,116,77.5,43.9,44.5,47,0.0,0.0,90.5,88.5,100.2,98.5,83.8,89.5,18.5,18.5,23,7.0,13
1.0,0.01,0.5,Michigan,78.5,37,87,86.0,32.0,32.5,36,0.1,1.0,86.9,87.0,91.1,87.0,129.4,141.0,13.9,13.5,20,14.2,18
2.0,0.1,1.0,Massachusetts,78.6,68,91,75.0,8.2,8.0,10,0.0,0.0,94.2,94.0,105.5,103.0,157.3,187.0,4.4,4.5,6,0.0,0
1.0,0.01,0.5,Nevada,78.6,39,89,89.0,3.2,3.0,4,0.0,0.0,103.4,105.0,135.75,120.0,84.0,84.0,1.0,1.0,1,0.0,0
0.5,0.01,1.0,Utah,78.7,51,95,78.5,10.8,10.5,12,0.1,1.0,92.5,94.0,102.2,109.0,105.1,110.5,7.5,8.0,10,1.7,3
0.5,0.1,1.0,South Carolina,79.0,68,123,68.0,11.3,11.0,14,0.0,0.0,107.9,123.0,125.4,123.0,263.9,274.0,2.9,3.0,6,1.0,2
1.0,0.05,1.0,Tennessee,79.0,79,79,79.0,39.3,39.5,42,0.0,0.0,88.5,87.0,95.4,96.0,119.7,126.0,22.1,22.5,27,8.1,11
2.0,0.05,0.5,Tennessee,79.0,79,79,79.0,39.6,40.0,42,0.0,0.0,88.8,87.0,96.0,96.0,109.1,124.5,22.8,23.5,26,8.1,11
1.0,0.01,2.0,Florida,79.0,51,112,79.0,12.6,12.0,18,2.4,10.0,101.4,99.0,123.3,129.5,28.0,28.0,30.1,30.0,37,20.0,24
2.0,0.01,1.0,Nevada,79.1,57,89,89.0,5.0,5.0,5,0.0,0.0,104.5,112.5,148.5,129.0,96.0,96.0,1.0,1.0,1,0.0,0
0.5,0.01,1.0,Nevada,79.1,39,120,86.5,3.4,3.0,5,0.0,0.0,103.3,105.0,155.33333333333334,120.0,84.0,84.0,1.0,1.0,1,0.0,0
0.5,0.1,2.0,North Carolina,79.1,61,170,69.0,26.3,26.5,28,0.0,0.0,144.8,160.0,173.7,189.5,261.6,310.0,5.7,6.0,9,3.8,5
2.0,0.01,2.0,Washington,79.1,62,109,71.0,14.2,14.0,16,0.2,1.0,91.1,91.0,113.2,113.0,82.0,65.0,15.6,15.0,24,8.6,11
2.0,0.05,0.5,New Jersey,79.2,66,114,66.0,6.0,6.0,6,0.0,0.0,111.5,115.5,119.6,119.0,102.22222222222223,84.0,1.7777777777777777,2.0,3,0.0,0
2.0,0.25,2.0,Montana,79.5,68,91,79.5,13.8,14.0,16,0.0,0.0,91.2,91.0,92.9,93.0,134.0,124.5,2.3,2.0,4,0.8,2
1.0,0.01,2.0,Pennsylvania,79.5,43,116,84.5,46.1,46.0,49,0.1,1.0,93.6,94.0,102.0,102.0,56.1,28.0,19.1,21.5,27,6.0,10
0.5,0.05,1.0,New Jersey,79.6,66,108,66.0,6.0,6.0,6,0.0,0.0,111.8,114.0,118.3,117.0,133.75,84.0,1.0,1.0,1,0.0,0
2.0,0.05,0.5,South Carolina,79.6,68,125,68.0,12.8,13.0,14,0.0,0.0,119.8,124.0,134.8,134.0,57.8,28.0,5.7,5.5,9,1.4,3
1.0,0.01,2.0,Tennessee,79.8,60,106,79.0,27.8,27.0,31,0.2,1.0,110.0,102.0,131.3,129.0,151.6,157.5,15.4,14.5,22,8.1,10
1.0,0.01,0.5,Indiana,79.8,51,99,82.0,37.4,37.0,41,0.2,1.0,89.2,92.5,96.7,100.0,92.6,110.0,14.6,13.5,20,12.8,17
2.0,0.1,2.0,Maine,79.9,55,152,57.5,11.0,11.0,12,0.0,0.0,121.8,118.0,170.3,179.0,225.44444444444446,269.0,1.1,1.0,3,2.1,3
1.0,0.01,1.0,Pennsylvania,79.9,36,106,87.0,43.6,43.0,47,0.0,0.0,100.3,93.0,109.4,97.5,80.4,96.0,19.7,20.0,24,5.5,9
0.5,0.25,2.0,Connecticut,80.0,60,85,85.0,5.2,5.5,6,0.3,2.0,87.2,86.0,98.0,98.0,86.7,93.0,4.3,4.0,5,0.6,2
1.0,0.05,0.5,South Carolina,80.0,68,125,68.0,10.4,10.5,13,0.0,0.0,119.2,123.0,133.6,129.5,233.3,274.0,3.7,3.5,6,1.3,2
1.0,0.05,1.0,South Carolina,80.1,68,134,68.0,12.3,13.0,14,0.0,0.0,126.0,123.0,134.2,125.0,221.1,227.0,4.7,5.0,6,1.0,2
0.5,0.1,0.5,Montana,80.2,52,91,91.0,9.1,9.0,11,0.0,0.0,92.2,93.0,96.8,99.0,102.42857142857143,109.0,1.75,2.0,3,0.5,1
1.0,0.1,2.0,Montana,80.2,52,91,91.0,11.6,11.0,14,0.0,0.0,92.7,92.0,95.3,93.5,101.33333333333333,105.0,2.5,2.0,5,0.6,1
2.0,0.25,1.0,Montana,80.2,52,91,91.0,12.7,13.0,16,0.0,0.0,91.4,91.0,93.4,93.0,125.1,105.0,2.3,2.0,4,0.7,1
2.0,0.1,0.5,Connecticut,80.3,60,85,85.0,4.7,5.0,6,0.1,1.0,88.5,86.0,96.3,98.0,89.9,93.0,6.3,6.0,9,0.5,1
2.0,0.1,1.0,Maine,80.4,60,152,76.0,10.8,11.0,11,0.0,0.0,149.8,152.0,181.2,184.0,213.0,269.0,1.0,1.0,3,1.7,3
2.0,0.01,1.0,Pennsylvania,80.7,36,119,77.5,45.5,45.5,49,0.1,1.0,98.0,98.5,110.7,105.0,48.0,28.0,21.7,22.0,31,5.6,7
2.0,0.01,2.0,Tennessee,80.7,79,96,79.0,29.9,30.0,33,0.1,1.0,109.9,97.5,137.2,156.0,72.7,28.0,15.2,14.5,22,7.7,11
0.5,0.01,2.0,Tennessee,80.8,71,96,79.0,23.9,24.0,27,0.0,0.0,104.5,97.5,128.3,130.0,91.4,77.0,9.6,9.0,13,5.8,8
1.0,0.05,2.0,West Virginia,80.9,48,127,62.0,10.9,11.0,13,0.0,0.0,117.4,139.0,152.5,148.0,166.77777777777777,176.0,3.7777777777777777,3.0,7,0.0,0
0.5,0.1,1.0,Massachusetts,80.9,68,91,86.5,7.6,7.0,9,0.0,0.0,95.0,96.0,105.4,103.0,157.3,187.0,1.5,1.0,3,0.0,0
2.0,0.1,2.0,Massachusetts,80.9,68,91,86.5,8.5,8.5,9,0.0,0.0,93.1,94.0,102.2,98.0,157.3,187.0,4.1,4.0,6,0.1,1
0.5,0.01,1.0,Oregon,80.9,39,117,92.0,9.9,10.0,13,0.0,0.0,100.7,99.0,136.3,145.5,90.4,73.0,5.3,5.5,9,2.3,4
0.5,0.25,2.0,New Hampshire,81.0,81,81,81.0,7.4,7.0,8,0.0,0.0,93.5,95.0,108.4,100.0,133.0,133.0,1.0,1.0,1,0.0,0
0.5,0.25,0.5,New Hampshire,81.0,81,81,81.0,4.7,4.5,7,0.0,0.0,98.7,95.0,123.6,100.0,133.0,133.0,1.0,1.0,1,0.0,0
2.0,0.25,2.0,New Hampshire,81.0,81,81,81.0,8.4,8.5,9,0.0,0.0,91.3,86.0,112.6,102.0,401.0,436.0,1.2,1.0,2,0.0,0
0.5,0.01,1.0,Pennsylvania,81.2,40,116,85.5,38.2,39.5,44,0.0,0.0,100.6,98.0,110.3,105.5,94.9,104.0,15.6,15.0,19,6.4,13
2.0,0.05,0.5,Connecticut,81.4,60,85,85.0,4.8,5.0,6,0.1,1.0,92.4,93.0,107.0,102.0,88.1,93.0,6.9,7.0,10,0.4,1
2.0,0.01,0.5,Oregon,81.4,39,99,92.0,11.6,12.0,13,0.0,0.0,102.8,99.0,128.7,130.0,114.4,118.0,4.9,5.0,7,4.0,6
1.0,0.05,1.0,New Jersey,81.5,66,117,66.0,6.0,6.0,6,0.0,0.0,112.1,114.0,119.3,119.0,81.6,84.0,1.4,1.0,2,0.0,0
1.0,0.25,1.0,New Hampshire,81.5,81,86,81.0,7.3,7.0,8,0.0,0.0,95.0,90.5,118.7,101.0,197.0,197.0,1.0,1.0,1,0.0,0
2.0,0.1,0.5,Montana,81.8,68,91,91.0,11.2,11.0,13,0.0,0.0,92.9,92.0,96.4,96.5,124.4,109.0,2.3,2.0,3,0.9,3
1.0,0.01,2.0,Washington,81.9,65,130,78.0,14.3,15.0,18,0.6,2.0,94.2,87.5,112.2,94.5,64.1,28.0,14.8,15.5,24,8.1,11
1.0,0.25,0.5,New Hampshire,82.0,81,86,81.0,7.2,7.0,8,0.0,0.0,94.3,97.5,110.7,102.0,197.0,197.0,1.0,1.0,1,0.0,0
2.0,0.01,1.0,New York,82.0,44,131,70.0,12.3,12.0,17,0.9,6.0,95.7,102.0,109.3,127.5,28.0,28.0,146.3,147.0,175,35.4,42
0.5,0.01,1.0,Washington,82.3,61,114,89.5,11.4,12.0,13,0.5,3.0,101.5,97.0,122.1,113.0,78.5,69.0,9.6,9.5,17,7.3,10
2.0,0.25,0.5,New Hampshire,82.4,81,95,81.0,7.7,8.0,9,0.0,0.0,97.9,95.0,132.7,102.0,401.0,436.0,1.2,1.0,2,0.0,0
1.0,0.01,0.5,Missouri,82.4,63,97,85.0,37.0,37.0,42,0.0,0.0,96.3,96.0,101.0,96.5,129.6,130.5,3.3,3.0,8,2.3,5
0.5,0.1,0.5,Connecticut,82.5,60,85,85.0,4.4,4.0,5,0.1,1.0,88.0,86.0,97.8,98.0,89.8,93.0,4.4,4.0,6,0.1,1
2.0,0.1,1.0,Montana,82.5,52,91,91.0,11.6,11.0,14,0.0,0.0,92.9,93.0,96.0,94.0,97.11111111111111,109.0,2.888888888888889,2.0,5,0.5,2
2.0,0.1,2.0,Montana,82.5,52,91,91.0,12.8,12.5,14,0.0,0.0,90.1,93.0,94.8,94.0,123.22222222222223,113.0,2.3,2.5,4,0.6,2
1.0,0.1,2.0,Connecticut,82.5,60,85,85.0,5.6,6.0,6,0.1,1.0,90.6,93.0,98.1,98.0,90.6,93.0,5.2,5.0,8,0.9,1
1.0,0.01,2.0,Vermont,82.5,53,102,92.5,10.0,10.0,13,0.0,0.0,100.7,102.0,114.8,115.5,112.7,121.0,11.4,11.0,18,4.0,7
2.0,0.05,2.0,Connecticut,82.8,74,85,85.0,5.0,5.0,6,0.0,0.0,92.3,93.0,99.4,100.5,91.3,93.0,6.5,7.0,8,0.5,1
0.5,0.25,1.0,New Hampshire,82.9,81,100,81.0,7.2,7.0,8,0.0,0.0,92.6,95.0,109.9,102.0,261.0,261.0,1.0,1.0,1,0.0,0
0.5,0.1,2.0,Massachusetts,83.3,68,91,91.0,7.3,7.0,9,0.0,0.0,98.1,98.0,107.0,103.0,177.1,187.0,2.1,2.0,4,0.4,1
2.0,0.01,0.5,Tennessee,83.3,79,102,79.0,26.7,27.0,30,0.3,1.0,114.6,102.5,130.3,134.0,140.8,154.0,13.3,13.5,18,7.3,11
2.0,0.01,1.0,Washington,83.4,65,98,89.5,14.7,15.0,16,0.5,2.0,105.9,94.5,119.7,114.5,82.4,69.0,15.5,16.0,19,7.5,10
1.0,0.05,1.0,Massachusetts,83.6,68,98,87.0,7.0,7.0,8,0.0,0.0,105.2,103.0,117.9,120.0,167.2,187.0,3.1,3.0,5,0.4,2
0.5,0.05,1.0,South Carolina,83.7,64,123,68.0,10.0,10.0,12,0.0,0.0,109.5,123.0,131.7,129.5,216.33333333333334,274.0,3.111111111111111,3.0,5,0.6,1
2.0,0.1,2.0,Connecticut,83.9,74,85,85.0,5.6,6.0,6,0.0,0.0,90.6,93.0,98.8,98.0,93.0,93.0,5.0,5.5,6,0.9,1
0.5,0.01,2.0,Vermont,83.9,53,102,97.5,9.6,10.0,11,0.0,0.0,106.3,109.5,135.2,132.0,105.8,109.5,12.4,13.0,17,4.3,6
1.0,0.1,1.0,Connecticut,84.0,74,86,85.0,5.0,5.0,6,0.0,0.0,92.6,93.0,97.1,98.0,93.9,93.0,5.7,5.5,10,0.5,1
0.5,0.25,1.0,Arkansas,84.0,84,84,84.0,6.0,6.0,8,0.0,0.0,108.7,109.0,114.4,116.5,92.3,87.0,3.6,3.5,6,1.7,2
0.5,0.25,2.0,Arkansas,84.0,84,84,84.0,10.3,11.0,11,0.0,0.0,108.7,109.0,114.4,116.5,89.9,87.0,4.0,4.0,6,2.9,4
2.0,0.25,2.0,Arkansas,84.0,84,84,84.0,13.0,13.0,14,0.0,0.0,108.7,109.0,114.4,116.5,91.1,87.0,7.5,7.0,10,3.1,5
2.0,0.25,0.5,Arkansas,84.0,84,84,84.0,12.1,12.0,14,0.0,0.0,108.8,109.0,115.3,117.0,77.6,87.0,8.6,8.0,13,3.1,4
2.0,0.25,1.0,Arkansas,84.0,84,84,84.0,12.0,12.0,14,0.0,0.0,109.0,109.0,116.8,117.0,78.8,87.0,8.0,8.0,10,3.3,4
2.0,0.01,2.0,Oregon,84.0,39,113,83.5,13.2,13.0,16,0.0,0.0,111.0,106.0,126.7,118.5,98.3,71.0,6.6,6.0,11,3.4,5
0.5,0.1,2.0,Montana,84.1,68,91,91.0,10.1,10.5,13,0.1,1.0,93.1,91.0,96.8,96.0,125.9,109.0,2.1,2.0,3,0.7,3
2.0,0.05,2.0,Montana,84.1,68,91,91.0,12.1,12.0,13,0.0,0.0,93.4,93.0,97.8,99.0,124.8,109.0,2.6,3.0,4,0.9,3
2.0,0.01,0.5,Vermont,84.1,61,102,87.0,10.1,10.0,12,0.4,4.0,102.1,102.0,119.4,108.0,106.4,97.5,11.7,11.0,20,3.7,7
1.0,0.1,2.0,Massachusetts,84.3,68,94,87.0,8.8,9.0,10,0.0,0.0,94.0,94.0,99.2,98.0,165.6,187.0,4.0,4.0,5,0.0,0
0.5,0.05,2.0,Massachusetts,84.3,68,120,82.0,7.2,7.0,9,0.0,0.0,111.5,116.0,116.8,121.5,171.2,187.0,3.1,3.0,5,0.1,1
0.5,0.1,0.5,South Carolina,84.5,68,123,68.0,4.5,5.0,6,0.0,0.0,111.1,123.0,142.7,123.0,177.0,177.0,1.0,1.0,1,0.0,0
2.0,0.05,1.0,New Jersey,84.6,66,117,66.0,6.0,6.0,6,0.0,0.0,107.9,115.5,119.4,119.0,129.0,144.0,2.0,2.0,3,0.0,0
0.5,0.05,0.5,Montana,84.8,52,91,91.0,8.6,8.5,10,0.0,0.0,96.2,99.0,101.5,103.0,117.0,109.0,1.8,2.0,3,0.6,1
0.5,0.01,2.0,Oregon,84.8,39,117,92.0,10.7,11.0,12,0.0,0.0,100.4,99.0,128.3,124.0,67.4,28.0,6.2,5.5,12,3.7,6
ALL,ALL,ALL,Montana,84.84444444444445,52,135,91.0,9.941666666666666,10.0,16,0.008333333333333333,1.0,96.625,93.0,105.75766016713092,99.0,128.99698795180723,109.0,2.286127167630058,2.0,6,0.8194444444444444,4
1.0,0.05,2.0,South Carolina,84.9,68,123,68.0,12.8,13.0,13,0.0,0.0,120.7,123.0,131.5,125.0,77.2,28.0,6.9,7.0,9,2.0,4
0.5,0.01,0.5,New York,84.9,44,132,93.5,8.6,9.0,12,1.2,5.0,97.2,104.0,117.7,118.5,36.8,28.0,94.1,95.0,104,31.6,35
1.0,0.1,0.5,Connecticut,85.0,85,85,85.0,4.7,5.0,6,0.0,0.0,91.2,93.0,98.0,98.0,93.2,93.0,4.9,5.0,7,0.0,0
0.5,0.1,1.0,Connecticut,85.0,85,85,85.0,4.9,5.0,6,0.0,0.0,91.4,93.0,98.5,98.0,93.0,93.0,5.2,5.5,7,0.0,0
2.0,0.1,1.0,Connecticut,85.0,85,85,85.0,5.1,5.0,6,0.0,0.0,91.4,93.0,99.1,98.0,93.8,93.0,4.3,4.0,7,0.5,1
1.0,0.05,0.5,Massachusetts,85.0,68,103,87.0,6.6,7.0,7,0.0,0.0,112.7,116.0,122.8,123.0,185.4,187.0,2.4,2.0,4,0.6,2
0.5,0.1,2.0,Connecticut,85.0,85,85,85.0,5.1,5.0,6,0.0,0.0,89.3,86.0,98.3,98.0,94.7,93.0,5.0,5.0,8,0.6,2
2.0,0.05,1.0,Connecticut,85.1,85,86,85.0,4.6,4.5,6,0.0,0.0,92.7,93.0,100.2,98.5,95.7,93.0,6.3,6.5,9,0.3,1
0.5,0.05,2.0,Connecticut,85.1,85,86,85.0,4.8,5.0,6,0.0,0.0,93.5,93.0,101.6,100.5,95.5,93.0,5.0,5.0,6,1.0,2
2.0,0.05,1.0,South Carolina,85.3,68,123,70.0,13.5,14.0,15,0.0,0.0,116.5,123.0,137.9,128.5,72.5,28.0,6.5,6.0,11,1.4,2
0.5,0.25,0.5,Arkansas,85.3,84,97,84.0,3.9,4.0,6,0.0,0.0,108.7,109.0,114.4,116.5,88.2,87.0,3.4,3.0,4,1.7,2
1.0,0.25,0.5,Arkansas,85.3,84,97,84.0,7.0,6.0,10,0.0,0.0,108.8,109.0,115.2,117.0,66.3,87.0,4.0,4.0,6,2.2,3
1.0,0.25,2.0,Arkansas,85.3,84,97,84.0,11.6,11.5,13,0.0,0.0,108.8,109.0,115.3,117.0,86.9,87.0,7.5,7.0,10,3.4,5
0.5,0.05,0.5,Connecticut,85.4,60,98,85.0,3.7,4.0,5,0.1,1.0,94.7,93.0,101.22222222222223,99.0,97.1,93.0,4.4,4.5,8,0.1,1
1.0,0.05,0.5,Connecticut,85.6,85,91,85.0,4.8,4.5,6,0.0,0.0,94.6,93.0,102.0,101.0,93.5,93.0,5.7,6.0,8,0.1,1
2.0,0.05,1.0,Montana,85.6,52,99,91.0,10.6,10.5,12,0.1,1.0,91.8,93.0,98.4,99.0,92.25,109.0,3.0,3.0,4,0.9,3
1.0,0.05,1.0,Montana,85.6,52,99,91.0,9.1,9.0,10,0.0,0.0,96.2,96.5,99.7,101.0,81.6,43.5,2.3,2.5,3,1.2,2
2.0,0.01,1.0,Oregon,85.8,39,99,92.0,12.4,12.5,15,0.0,0.0,102.3,101.0,131.7,124.0,104.7,118.0,5.3,5.5,10,4.1,6
0.5,0.01,2.0,Pennsylvania,86.0,43,112,97.5,43.5,43.0,50,0.0,0.0,101.1,107.0,110.8,116.0,107.1,118.5,18.7,19.0,23,5.8,8
0.5,0.1,1.0,Maine,86.2,55,152,76.0,8.3,8.0,10,0.0,0.0,137.2,152.0,175.1,179.5,249.1,269.0,1.2,1.0,3,1.7,3
0.5,0.01,0.5,Missouri,86.3,63,96,89.0,25.1,26.0,27,0.0,0.0,94.1,94.0,100.3,101.5,136.625,130.5,1.2,1.0,3,0.8,2
1.0,0.05,2.0,Connecticut,86.4,85,93,85.0,4.6,5.0,5,0.0,0.0,93.3,95.5,105.4,102.0,95.5,93.0,4.9,4.5,8,0.4,2
1.0,0.05,2.0,Montana,86.4,68,91,91.0,11.0,11.0,13,0.0,0.0,92.8,92.0,96.8,99.0,85.1,109.0,3.2,3.0,5,0.6,3
1.0,0.1,2.0,Arkansas,86.5,84,109,84.0,10.6,10.5,13,0.0,0.0,110.6,109.0,130.5,117.0,81.5,99.0,6.8,7.0,9,3.3,4
1.0,0.25,1.0,Arkansas,86.5,84,109,84.0,10.6,10.5,13,0.0,0.0,109.7,109.0,117.4,117.0,70.5,87.0,5.6,5.5,7,3.5,5
ALL,ALL,ALL,New Jersey,86.56111111111112,48,367,66.0,5.652777777777778,6.0,6,0.0,0.0,127.67130919220055,114.0,153.05665722379604,117.0,147.12605042016807,84.0,1.4663865546218486,1.0,4,0.008333333333333333,1
1.0,0.25,2.0,New Hampshire,86.9,81,102,81.0,8.0,8.0,9,0.0,0.0,110.0,102.0,138.1,124.0,436.0,436.0,1.0,1.0,1,0.0,0
2.0,0.05,2.0,Massachusetts,86.9,68,116,91.0,7.8,8.0,8,0.0,0.0,108.8,106.5,117.1,120.0,195.3,187.0,4.4,4.0,7,0.1,1
0.5,0.01,2.0,Missouri,86.9,67,96,89.0,47.4,48.0,55,0.0,0.0,96.4,96.0,99.4,97.0,86.7,28.0,4.4,4.5,7,3.3,5
1.0,0.01,1.0,Missouri,87.0,67,96,89.0,49.1,49.0,55,0.0,0.0,95.5,96.0,100.6,98.5,87.4,79.5,4.9,4.5,10,3.3,6
2.0,0.25,1.0,New Hampshire,87.1,81,121,81.0,8.5,8.5,9,0.0,0.0,110.7,95.0,123.1,102.0,418.5,436.0,1.1,1.0,2,0.0,0
1.0,0.05,1.0,Connecticut,87.2,85,98,85.0,4.6,4.5,6,0.0,0.0,94.5,93.0,103.4,100.5,98.3,93.0,5.2,5.5,8,0.3,1
0.5,0.01,0.5,Kentucky,87.3,43,105,96.5,19.2,19.5,24,0.0,0.0,97.7,103.0,105.4,107.0,76.1,28.0,6.1,7.0,10,3.4,6
2.0,0.01,1.0,Tennessee,87.4,79,135,79.0,28.4,28.0,32,0.4,1.0,122.3,112.5,139.4,158.0,144.2,174.5,17.7,18.0,24,8.1,13
2.0,0.01,2.0,Missouri,87.5,80,97,85.0,59.7,60.0,61,0.0,0.0,92.5,92.0,98.0,96.0,90.8,109.5,7.0,7.0,12,5.5,9
1.0,0.1,1.0,New Hampshire,87.6,81,121,81.0,7.3,7.0,8,0.0,0.0,111.4,102.0,157.6,182.0,157.75,133.0,1.25,1.0,2,0.0,0
1.0,0.01,2.0,Missouri,87.6,75,96,89.0,55.5,56.5,59,0.0,0.0,94.9,96.0,98.7,97.0,78.5,102.0,8.5,8.0,12,5.1,7
0.5,0.05,1.0,Connecticut,87.7,85,98,85.0,4.2,4.0,5,0.0,0.0,95.2,95.5,102.0,100.5,97.6,93.0,4.8,5.0,6,0.2,1
2.0,0.05,1.0,Massachusetts,87.7,68,120,91.0,7.4,7.5,9,0.0,0.0,107.5,104.0,119.3,120.0,211.4,187.0,4.3,4.0,8,0.4,1
2.0,0.1,1.0,Arkansas,87.8,84,109,84.0,10.7,11.0,12,0.0,0.0,109.7,109.0,117.3,117.0,70.6,99.0,7.5,7.0,10,3.0,5
1.0,0.05,0.5,Montana,87.9,52,99,91.0,9.3,9.0,10,0.0,0.0,96.3,96.5,101.1,101.0,109.11111111111111,109.0,1.7,1.0,4,0.9,2
0.5,0.05,1.0,North Carolina,88.2,50,192,69.0,12.2,12.5,18,0.0,0.0,149.4,176.0,188.4,191.5,291.3,310.0,3.0,3.0,5,0.3,1
2.0,0.01,2.0,Vermont,88.5,53,117,102.0,9.9,10.0,11,0.3,3.0,110.7,109.5,135.5,135.5,112.5,121.0,11.4,11.0,17,4.0,6
ALL,ALL,ALL,West Virginia,88.61666666666666,48,260,48.0,9.077777777777778,9.0,16,0.0,0.0,116.19887955182072,59.0,142.23142857142858,114.0,156.47169811320754,121.0,3.0156739811912225,3.0,7,0.04722222222222222,2
1.0,0.05,0.5,New Jersey,88.7,66,117,85.0,6.0,6.0,6,0.0,0.0,115.2,115.5,119.3,119.0,84.0,84.0,1.0,1.0,1,0.0,0
1.0,0.1,1.0,Montana,88.7,68,91,91.0,10.7,11.0,12,0.0,0.0,93.6,93.0,96.8,96.5,115.0,109.0,2.2222222222222223,2.0,4,0.4,2
0.5,0.1,0.5,Massachusetts,88.8,68,115,91.0,6.7,7.0,8,0.0,0.0,98.4,98.0,109.9,109.5,177.1,187.0,1.0,1.0,1,0.1,1
1.0,0.05,2.0,Massachusetts,88.8,68,108,92.5,7.4,7.5,9,0.0,0.0,108.1,108.5,119.3,120.0,195.3,187.0,4.0,4.0,5,0.5,2
2.0,0.05,0.5,Montana,88.9,68,93,91.0,10.9,11.0,13,0.0,0.0,94.9,93.5,99.4,99.0,109.0,109.0,2.4,2.5,4,0.7,2
2.0,0.1,0.5,Arkansas,88.9,84,109,84.0,10.7,11.0,12,0.0,0.0,109.8,109.0,127.8,117.0,69.9,93.0,7.6,7.5,10,3.1,4
1.0,0.01,0.5,Kentucky,89.0,70,107,97.0,28.6,28.0,32,0.1,1.0,109.2,106.0,113.0,111.0,122.3,153.0,9.4,9.0,14,10.8,16
2.0,0.01,1.0,Missouri,89.2,67,103,92.0,56.1,58.0,59,0.0,0.0,95.0,96.0,101.8,101.5,128.5,129.0,5.9,6.0,9,5.2,8
0.5,0.01,1.0,Tennessee,89.5,79,161,79.0,16.8,17.0,20,0.1,1.0,106.5,99.5,128.7,125.0,130.6,132.5,7.2,7.5,10,2.4,4
1.0,0.1,2.0,North Carolina,89.6,50,191,69.0,30.4,30.5,33,0.1,1.0,110.7,77.0,172.8,176.0,245.8,310.0,6.3,6.0,9,3.3,4
0.5,0.01,0.5,Vermont,89.6,53,117,99.5,7.8,8.0,11,1.4,3.0,121.9,117.0,136.6,151.5,109.0,109.5,11.9,11.5,15,4.2,7
0.5,0.01,1.0,Vermont,89.7,56,117,91.5,9.0,9.5,11,0.6,3.0,109.9,102.0,126.9,124.0,107.7,102.5,12.6,12.5,15,4.3,6
1.0,0.1,2.0,New Hampshire,89.8,81,121,83.5,8.2,8.0,9,0.0,0.0,118.5,121.0,168.3,182.0,388.2,436.0,1.2,1.0,2,0.0,0
2.0,0.01,0.5,Missouri,89.9,67,100,92.0,52.2,51.0,58,0.0,0.0,98.0,96.0,104.4,101.5,58.5,28.0,5.6,6.0,8,4.2,6
0.5,0.01,1.0,Missouri,90.1,84,96,92.0,33.8,34.0,39,0.0,0.0,98.1,96.0,103.1,103.0,93.1,109.5,3.1,3.0,5,1.9,5
0.5,0.1,0.5,New Hampshire,90.2,81,121,83.5,4.5,4.0,6,0.0,0.0,117.1,121.0,168.0,183.0,214.33333333333334,249.0,1.0,1.0,1,0.0,0
2.0,0.05,2.0,South Carolina,90.2,64,125,70.0,14.0,14.0,15,0.0,0.0,121.4,123.0,135.6,134.0,52.7,28.0,6.5,6.5,11,1.4,3
0.5,0.1,2.0,Arkansas,90.2,84,109,84.0,7.8,8.0,11,0.0,0.0,109.7,109.0,117.4,117.0,103.2,99.0,4.0,4.0,6,2.8,4
1.0,0.01,1.0,Vermont,90.2,53,117,98.5,9.7,10.0,11,0.8,3.0,116.0,115.0,129.0,119.0,110.3,114.0,12.4,13.5,17,4.0,5
1.0,0.01,1.0,Kentucky,90.2,43,108,96.5,30.2,29.5,35,0.0,0.0,103.3,97.0,108.5,104.0,77.3,28.0,14.7,14.0,22,12.6,17
2.0,0.05,0.5,Massachusetts,90.6,68,120,91.0,7.3,7.0,9,0.0,0.0,105.7,106.5,116.0,120.0,177.6,187.0,3.8,4.0,5,0.2,1
1.0,0.01,1.0,Mississippi,90.7,50,212,50.0,4.2,4.0,7,0.0,0.0,195.7,159.5,383.8888888888889,385.0,91.5,91.5,1.0,1.0,1,0.0,0
ALL,ALL,ALL,Connecticut,90.78055555555555,60,174,85.0,4.594444444444444,5.0,7,0.13649025069637882,2.0,108.00278551532034,93.0,128.50285714285715,98.0,117.65819209039547,93.0,4.828169014084507,5.0,13,0.4638888888888889,2
0.5,0.1,2.0,New Hampshire,90.9,81,121,81.0,7.1,7.0,8,0.0,0.0,116.7,121.0,161.3,182.0,134.6,133.0,1.2,1.0,2,0.0,0
1.0,0.05,2.0,New Jersey,91.0,66,121,93.0,6.0,6.0,6,0.0,0.0,110.8,117.0,123.6,121.0,272.25,244.5,1.25,1.0,2,0.0,0
1.0,0.01,1.0,Montana,91.1,52,103,91.0,6.7,6.5,9,0.0,0.0,105.8,104.0,118.4,106.0,142.4,127.0,2.1,1.5,5,1.1,3
0.5,0.05,1.0,Montana,91.2,91,93,91.0,8.5,8.0,11,0.0,0.0,97.2,99.0,102.8,103.0,122.55555555555556,109.0,1.6,2.0,3,1.0,2
1.0,0.01,1.0,Georgia,91.2,50,140,83.5,25.2,25.0,31,0.0,0.0,111.4,90.0,126.7,121.5,268.44444444444446,224.0,3.6666666666666665,3.0,6,1.6,3
2.0,0.1,2.0,New Hampshire,91.4,81,121,81.0,7.7,8.0,9,0.0,0.0,126.7,121.0,172.1,182.5,311.9,436.0,1.4,1.0,2,0.0,0
1.0,0.1,1.0,Arkansas,91.4,84,109,84.0,9.7,9.5,11,0.0,0.0,110.5,109.0,118.6,117.0,72.7,87.0,4.9,5.0,8,3.1,4
0.5,0.1,1.0,New Hampshire,91.5,81,121,86.0,5.8,6.0,7,0.0,0.0,127.1,121.0,170.0,184.5,197.0,197.0,1.0,1.0,1,0.0,0
0.5,0.1,1.0,Arkansas,91.5,84,109,84.0,4.6,4.0,6,0.0,0.0,111.4,109.0,126.0,117.0,107.7,99.0,2.8,3.0,4,2.0,2
0.5,0.01,2.0,Kentucky,91.6,55,123,97.5,28.4,28.0,33,0.1,1.0,106.8,105.0,116.9,118.0,93.9,74.5,13.1,13.5,17,13.0,18
2.0,0.05,2.0,West Virginia,91.7,48,139,102.0,11.4,11.5,13,0.0,0.0,104.7,121.5,144.4,148.0,172.1,176.0,4.1,4.0,6,0.0,0
2.0,0.01,2.0,Kentucky,91.9,43,119,95.0,35.1,35.5,40,0.0,0.0,103.1,99.5,116.4,111.5,82.8,28.0,17.6,17.0,23,14.9,18
0.5,0.05,2.0,Montana,92.1,91,99,91.0,9.1,9.0,11,0.0,0.0,96.6,96.5,100.8,101.0,127.25,109.0,2.3333333333333335,3.0,4,1.1,3
2.0,0.01,1.0,Vermont,92.6,61,117,102.0,9.8,10.0,11,0.3,3.0,109.2,117.0,128.1,121.0,113.0,121.0,13.0,13.5,16,4.1,6
0.5,0.01,0.5,Pennsylvania,92.6,71,103,96.0,29.2,29.0,33,0.2,1.0,106.9,102.5,116.5,116.0,65.8,28.0,11.0,11.0,19,5.8,8
1.0,0.01,0.5,Maryland,92.7,34,145,112.0,11.1,11.0,13,0.1,1.0,132.1,127.0,151.9,142.0,116.9,86.0,7.0,6.5,15,0.2,2
1.0,0.1,0.5,Maine,93.0,55,152,76.0,9.2,9.0,10,0.0,0.0,146.2,152.0,178.1,184.0,249.7,269.0,1.2,1.0,3,1.2,2
2.0,0.01,0.5,Maryland,93.1,34,181,109.5,12.1,12.0,15,0.2,1.0,124.1,128.0,139.0,131.5,67.0,28.0,10.2,8.5,25,0.8,2
0.5,0.01,1.0,Kentucky,93.2,72,116,97.0,24.5,24.0,30,0.0,0.0,107.8,105.5,112.8,107.0,121.8,145.0,7.7,8.5,11,7.9,11
0.5,0.1,0.5,North Carolina,93.4,50,192,69.0,3.0,3.0,5,0.0,0.0,138.625,169.0,184.28571428571428,192.0,28.0,28.0,2.0,2.0,2,0.1,1
ALL,ALL,ALL,Massachusetts,93.45555555555555,58,208,91.0,7.477777777777778,7.0,10,0.002777777777777778,1.0,112.06111111111112,98.0,124.975,112.0,183.59766763848395,187.0,2.866279069767442,3.0,8,0.13333333333333333,2
2.0,0.05,2.0,New Jersey,93.5,66,117,107.5,6.0,6.0,6,0.0,0.0,112.9,114.0,117.5,117.0,146.625,114.0,1.75,1.5,3,0.0,0
1.0,0.01,0.5,Oregon,93.5,57,141,92.0,10.1,10.0,12,0.0,0.0,123.4,130.0,137.4,145.5,106.4,92.0,5.1,5.0,8,3.1,6
0.5,0.1,0.5,Maine,93.8,55,152,76.0,6.8,7.0,9,0.0,0.0,153.6,152.0,174.1,185.0,222.88888888888889,269.0,1.4,1.0,3,1.4,3
2.0,0.1,2.0,Arkansas,93.9,84,109,84.0,11.3,11.0,13,0.0,0.0,111.2,109.0,118.2,117.0,113.4,99.0,7.2,7.0,12,3.4,5
1.0,0.1,0.5,Arkansas,94.0,84,109,84.0,6.6,6.5,8,0.0,0.0,113.0,113.0,133.5,123.5,71.3,57.5,3.1,3.5,5,2.9,4
1.0,0.01,0.5,Tennessee,94.2,79,125,87.5,20.8,20.5,25,0.1,1.0,128.5,134.0,147.0,156.0,178.3,166.0,8.9,9.0,13,3.2,6
0.5,0.05,1.0,Massachusetts,94.6,68,123,91.0,6.9,7.0,8,0.0,0.0,110.6,110.5,121.6,120.0,165.0,187.0,2.2222222222222223,2.0,4,0.3,1
2.0,0.01,1.0,Mississippi,94.8,50,184,88.5,6.8,6.5,9,0.0,0.0,223.5,212.0,316.7,346.0,49.857142857142854,28.0,1.5714285714285714,2.0,2,0.0,0
2.0,0.1,1.0,New Hampshire,94.9,81,121,90.5,8.1,8.0,9,0.0,0.0,129.8,121.0,158.5,182.0,327.6,436.0,1.5,1.0,3,0.0,0
ALL,ALL,ALL,South Carolina,95.06944444444444,64,433,68.0,10.425,13.0,15,0.0,0.0,125.92655367231639,123.0,155.21130952380952,123.0,131.76351351351352,28.0,5.34006734006734,5.0,12,1.113888888888889,4
1.0,0.01,2.0,Kentucky,95.3,72,119,95.0,32.2,32.0,39,0.0,0.0,102.6,100.0,111.0,107.0,109.1,141.5,17.1,16.5,22,14.2,19
2.0,0.01,1.0,Maryland,95.4,34,151,107.0,12.1,12.0,14,0.2,1.0,129.7,127.0,143.1,134.5,137.4,127.0,8.8,7.5,16,0.5,2
2.0,0.01,2.0,Maryland,95.4,34,157,109.5,11.9,12.0,14,0.2,1.0,134.9,130.0,150.5,145.5,173.4,167.5,8.8,6.0,18,0.5,2
0.5,0.05,0.5,Massachusetts,95.5,68,120,92.0,6.8,6.5,8,0.0,0.0,112.1,120.0,124.9,123.0,187.0,187.0,1.2,1.0,2,0.2,1
1.0,0.01,2.0,Montana,95.8,52,124,99.0,7.6,7.0,10,0.0,0.0,110.9,106.0,140.4,144.5,143.9,109.0,2.7,2.5,5,1.4,3
2.0,0.01,2.0,Virginia,95.8,48,162,94.5,20.1,20.5,22,0.0,0.0,123.4,131.0,150.4,144.0,194.7,140.0,4.2,4.0,9,2.4,4
1.0,0.01,0.5,Vermont,96.2,65,104,100.0,10.2,10.0,13,0.1,1.0,111.5,117.0,137.0,144.0,114.9,121.0,11.7,10.5,18,3.6,5
0.5,0.1,0.5,Arkansas,96.5,84,109,96.5,3.4,3.0,5,0.0,0.0,112.9,112.5,122.55555555555556,117.0,115.0,99.0,2.2222222222222223,2.0,4,1.8,2
2.0,0.05,0.5,Arkansas,96.5,84,109,96.5,8.7,9.5,11,0.0,0.0,116.9,113.0,144.8,130.0,109.2,101.5,6.6,7.0,9,3.0,4
2.0,0.01,2.0,Montana,96.6,52,124,99.0,8.7,9.0,11,0.0,0.0,117.0,108.0,155.9,165.0,183.0,151.0,2.888888888888889,3.0,4,1.4,4
0.5,0.05,1.0,Arkansas,97.3,84,117,96.5,4.0,4.0,5,0.0,0.0,115.1,117.0,144.8,130.0,120.3,121.5,2.0,2.0,3,1.9,2
2.0,0.05,1.0,New Hampshire,97.5,81,121,83.5,7.4,7.0,8,0.0,0.0,149.7,121.0,195.8,212.0,373.4,436.0,1.2,1.0,2,0.0,0
1.0,0.25,1.0,Alabama,97.6,97,103,97.0,15.2,15.5,16,0.0,0.0,105.6,103.0,130.0,129.0,203.66666666666666,200.0,0.3333333333333333,0.0,1,0.9,1
2.0,0.25,0.5,Alabama,97.6,97,103,97.0,17.3,17.0,19,0.0,0.0,105.6,103.0,130.0,129.0,205.5,205.5,0.4444444444444444,0.0,1,0.9,1
0.5,0.25,2.0,Alabama,97.6,97,103,97.0,13.9,14.0,15,0.0,0.0,105.6,103.0,131.0,129.0,208.25,211.0,0.5,0.0,2,1.1,2
0.5,0.05,1.0,New Hampshire,97.7,81,121,95.0,5.7,5.5,8,0.0,0.0,138.3,121.0,181.2,183.0,,,0.0,0.0,0,0.0,0
0.5,0.01,2.0,Mississippi,97.8,50,212,76.0,5.1,5.0,7,0.0,0.0,171.6,178.5,271.8888888888889,212.0,129.66666666666666,155.0,1.3333333333333333,1.0,2,0.0,0
0.5,0.01,2.0,Montana,97.9,91,106,99.0,6.3,6.0,9,0.0,0.0,113.8,106.0,137.8,136.0,159.0,127.0,2.1,2.0,5,1.2,3
1.0,0.1,0.5,New Hampshire,98.0,81,121,93.0,6.7,6.5,8,0.0,0.0,136.1,121.0,169.5,188.5,261.0,261.0,1.0,1.0,1,0.0,0
2.0,0.01,0.5,Montana,98.1,91,106,99.0,8.2,8.5,10,0.0,0.0,108.0,106.0,134.2,124.0,222.9,222.0,3.1,3.0,6,1.2,2
1.0,0.25,0.5,Alabama,98.2,97,103,97.0,13.0,13.0,14,0.0,0.0,108.2,103.0,131.0,129.0,204.4,200.0,0.6666666666666666,1.0,2,0.8,1
1.0,0.25,2.0,Alabama,98.2,97,103,97.0,18.7,19.0,19,0.0,0.0,108.2,103.0,131.0,129.0,211.0,211.0,0.3,0.0,1,0.9,1
2.0,0.25,2.0,Alabama,98.2,97,103,97.0,18.8,19.0,19,0.0,0.0,108.2,103.0,131.0,129.0,211.0,211.0,0.2,0.0,1,1.0,1
2.0,0.25,1.0,Alabama,98.8,97,103,97.0,18.4,18.5,19,0.0,0.0,110.8,103.0,132.0,129.0,211.0,211.0,0.2,0.0,1,1.0,1
0.5,0.25,1.0,Alabama,98.8,97,103,97.0,13.2,13.5,14,0.0,0.0,110.8,103.0,133.0,129.0,207.33333333333334,211.0,0.7,1.0,2,1.1,2
2.0,0.01,0.5,Kentucky,98.8,72,119,97.5,32.9,33.0,39,0.1,1.0,113.0,112.5,121.3,123.0,138.0,166.5,13.7,14.0,19,12.8,19
2.0,0.05,1.0,Arkansas,99.0,84,109,109.0,9.7,10.0,10,0.0,0.0,116.4,117.0,143.2,130.0,99.0,121.5,7.4,8.0,11,3.8,6
0.5,0.01,1.0,Montana,99.3,91,124,95.0,5.2,5.5,7,0.0,0.0,111.4,106.0,126.4,124.0,157.0,134.0,1.5555555555555556,1.0,4,0.5,2
2.0,0.1,1.0,Alabama,99.4,97,103,97.0,18.1,18.0,19,0.0,0.0,114.4,103.0,133.5,129.0,202.2,200.0,0.5,0.5,1,1.0,2
0.5,0.01,2.0,Maryland,99.6,34,180,118.0,11.7,12.0,13,0.1,1.0,134.0,130.0,156.5,156.5,169.7,134.5,8.5,8.5,13,0.8,2
2.0,0.01,1.0,Kentucky,99.7,72,131,98.0,33.5,33.5,38,0.0,0.0,107.0,106.5,114.7,111.5,108.3,137.5,15.8,15.5,23,13.0,16
1.0,0.05,1.0,New Hampshire,99.8,81,121,95.0,7.3,7.5,8,0.0,0.0,142.1,121.0,190.0,183.0,133.0,133.0,1.0,1.0,1,0.0,0
0.5,0.05,2.0,Arkansas,99.8,84,117,109.0,6.6,6.0,9,0.0,0.0,119.4,117.0,154.4,130.0,126.0,144.0,3.3,3.0,6,2.7,4
1.0,0.01,0.5,Georgia,100.1,50,161,83.5,16.6,17.0,22,0.0,0.0,119.1,118.0,132.4,128.0,201.75,153.5,0.7142857142857143,1.0,2,0.8,3
0.5,0.25,0.5,Alabama,100.2,97,129,97.0,7.6,7.5,9,0.0,0.0,130.0,129.0,140.9,139.0,211.0,211.0,1.0,1.0,1,0.0,0
2.0,0.05,2.0,New Hampshire,100.3,81,121,97.5,7.8,8.0,9,0.0,0.0,140.4,121.0,172.7,183.0,311.9,436.0,1.4,1.0,3,0.0,0
2.0,0.01,0.5,Mississippi,100.6,50,207,89.5,6.2,6.0,9,0.0,0.0,183.1,184.0,314.55555555555554,344.0,104.375,28.0,1.125,1.0,2,0.0,0
0.5,0.1,1.0,Alabama,100.6,97,103,103.0,12.2,12.0,13,0.0,0.0,121.2,129.0,137.0,139.0,200.0,200.0,0.7142857142857143,1.0,1,0.6,2
1.0,0.1,0.5,Alabama,100.6,97,103,103.0,12.5,12.5,15,0.0,0.0,118.6,129.0,135.0,139.0,201.375,200.0,1.0,1.0,2,0.7,1
0.5,0.01,0.5,Montana,100.6,91,106,99.0,4.8,5.0,7,0.0,0.0,108.0,106.0,127.33333333333333,124.0,138.75,127.0,1.0,1.0,2,0.9,3
ALL,ALL,ALL,New Hampshire,101.05555555555556,81,265,95.0,6.552777777777778,7.0,9,0.0,0.0,147.49860724233983,121.0,183.14606741573033,183.0,338.8165137614679,362.0,1.2123893805309736,1.0,3,0.10555555555555556,1
1.0,0.05,2.0,Arkansas,101.1,84,130,109.0,8.6,8.0,13,0.3,2.0,124.2,117.0,163.2,130.0,82.9,93.0,7.5,8.0,11,3.1,4
2.0,0.1,2.0,Alabama,101.2,97,103,103.0,17.8,18.0,19,0.0,0.0,123.2,129.0,137.0,139.0,200.0,200.0,0.6666666666666666,0.0,2,0.9,2
2.0,0.05,2.0,North Carolina,101.4,50,191,69.0,26.7,26.0,31,0.1,1.0,162.8,185.0,186.6,191.0,278.0,310.0,5.7,5.5,9,4.1,7
2.0,0.05,0.5,Alabama,101.8,97,103,103.0,14.6,15.0,16,0.0,0.0,132.9,139.0,145.6,144.0,200.0,200.0,0.5,0.0,2,1.0,2
1.0,0.05,1.0,Arkansas,101.9,84,130,109.0,8.3,8.0,10,0.4,2.0,134.2,117.0,169.3,159.0,107.3,121.5,5.4,5.0,7,3.2,5
1.0,0.01,0.5,Montana,102.3,91,124,99.0,5.9,6.0,8,0.0,0.0,111.9,106.0,131.6,124.0,173.57142857142858,136.0,1.0,1.0,2,0.7,3
2.0,0.05,2.0,Arkansas,102.3,84,117,109.0,9.7,9.5,12,0.0,0.0,117.2,117.0,160.6,130.0,94.5,99.0,6.5,6.0,8,3.2,4
ALL,ALL,ALL,Delaware,102.76123595505618,53,325,75.0,2.643258426966292,3.0,3,0.0,0.0,182.11242603550295,97.0,292.0242914979757,304.0,239.18018018018017,237.0,1.0,1.0,1,0.0,0
0.5,0.05,0.5,Arkansas,102.8,84,134,109.0,3.0,3.0,4,0.0,0.0,119.11111111111111,117.0,169.11111111111111,134.0,126.33333333333333,144.0,1.6666666666666667,1.0,3,1.8,2
2.0,0.01,2.0,Georgia,102.8,83,161,92.0,33.8,34.0,37,0.0,0.0,134.6,132.0,155.7,159.0,385.0,408.0,3.8,4.0,7,2.6,4
2.0,0.1,0.5,New Hampshire,103.1,81,121,102.0,7.6,7.5,9,0.0,0.0,144.9,153.0,187.7,195.0,369.5,436.0,1.3,1.0,2,0.0,0
1.0,0.1,1.0,Alabama,103.2,97,129,103.0,14.7,14.0,17,0.0,0.0,119.6,129.0,136.5,139.0,200.0,200.0,0.5555555555555556,1.0,1,0.6,1
0.5,0.1,2.0,Alabama,103.2,97,129,103.0,14.0,14.0,16,0.0,0.0,121.6,129.0,136.5,139.0,200.0,200.0,0.75,1.0,1,0.8,2
0.5,0.05,1.0,Alabama,103.2,97,129,103.0,11.2,11.5,13,0.0,0.0,126.7,134.0,142.4,144.0,202.2,200.0,0.5,0.5,1,1.0,2
2.0,0.01,1.0,Montana,103.4,91,135,101.0,8.0,8.0,10,0.1,1.0,114.8,106.0,141.9,145.5,312.77777777777777,282.0,2.4444444444444446,3.0,5,1.0,3
2.0,0.01,0.5,Virginia,103.4,52,162,104.0,18.5,19.0,21,0.0,0.0,137.5,137.5,157.6,158.5,191.6,163.0,3.9,4.0,6,3.0,5
1.0,0.05,0.5,Arkansas,103.6,84,130,109.0,5.2,5.5,7,0.2,2.0,126.8,117.0,173.6,130.0,117.7,144.0,2.0,2.0,4,2.9,4
1.0,0.01,1.0,Maryland,103.7,34,151,109.5,11.6,11.0,14,0.1,1.0,132.4,128.0,147.5,145.0,154.8,145.5,7.7,7.0,16,0.4,1
0.5,0.01,0.5,Georgia,103.8,78,158,85.5,9.1,9.0,14,0.0,0.0,127.7,121.5,159.6,168.0,142.0,138.0,0.6,1.0,1,0.2,1
2.0,0.1,0.5,Alabama,103.8,97,129,103.0,16.3,16.0,19,0.0,0.0,127.8,129.0,139.0,139.0,207.33333333333334,211.0,0.375,0.0,1,0.9,2
2.0,0.01,1.0,Georgia,103.9,50,194,83.5,33.3,32.0,38,0.0,0.0,132.2,132.5,158.2,161.0,331.0,245.0,2.7,3.0,6,2.8,5
1.0,0.05,0.5,New Hampshire,104.3,81,121,110.5,6.9,7.0,7,0.0,0.0,151.4,143.5,190.4,183.0,362.0,362.0,1.0,1.0,1,0.0,0
ALL,ALL,ALL,Arkansas,104.4929178470255,84,482,84.0,7.124645892351275,7.0,14,0.228486646884273,3.0,144.18397626112758,109.0,171.3641975308642,117.0,109.45189504373178,99.0,4.80635838150289,4.5,13,2.5269121813031163,6
1.0,0.05,0.5,Alabama,104.8,97,139,103.0,11.8,12.0,13,0.0,0.0,128.3,129.0,143.5,141.5,200.0,200.0,0.625,1.0,1,0.8,2
2.0,0.05,2.0,Alabama,105.4,97,139,103.0,17.7,18.0,20,0.0,0.0,136.5,139.0,145.5,144.0,200.0,200.0,0.7777777777777778,1.0,1,0.6,1
1.0,0.01,1.0,Virginia,106.0,53,144,102.0,18.9,19.0,22,0.0,0.0,136.3,131.5,159.9,153.0,170.7,162.0,3.6,3.0,5,2.6,7
1.0,0.05,1.0,Alabama,108.0,97,139,103.0,13.3,13.5,15,0.0,0.0,132.9,139.0,142.4,144.0,200.0,200.0,1.0,1.0,1,0.9,2
1.0,0.1,2.0,Alabama,108.4,97,139,103.0,18.1,18.0,19,0.0,0.0,125.2,129.0,141.3,139.0,200.0,200.0,0.4444444444444444,0.0,1,1.1,2
1.0,0.05,2.0,Alabama,108.8,97,139,100.0,17.3,17.5,18,0.0,0.0,120.5,116.0,139.4,139.0,200.0,200.0,0.75,1.0,2,0.8,2
2.0,0.05,0.5,New Hampshire,109.0,81,121,121.0,7.4,7.0,8,0.0,0.0,162.6,182.5,192.8,203.5,398.77777777777777,436.0,1.3333333333333333,1.0,2,0.0,0
0.5,0.01,1.0,Georgia,109.3,83,175,84.0,13.2,12.5,17,0.1,1.0,140.3,140.0,154.4,161.5,414.0,503.0,0.6,1.0,1,0.8,3
1.0,0.01,2.0,Maryland,109.7,34,151,107.0,11.9,12.0,14,0.2,2.0,141.0,128.0,160.1,145.0,181.4,191.5,7.4,7.0,18,0.4,2
2.0,0.01,1.0,Virginia,110.3,52,151,119.0,19.5,19.5,23,0.0,0.0,149.1,147.5,179.5,175.0,220.2,164.5,3.4,3.5,6,2.1,4
1.0,0.01,2.0,Virginia,110.5,70,162,100.0,21.5,21.0,27,0.0,0.0,140.1,135.5,167.9,149.0,208.2,164.5,4.1,4.0,8,1.8,3
1.0,0.05,1.0,North Carolina,110.5,61,191,73.0,22.9,24.0,25,0.1,1.0,177.4,191.0,195.3,192.0,291.5,310.0,5.6,6.0,8,3.5,5
ALL,ALL,ALL,Maine,110.58611111111111,55,237,84.0,8.555555555555555,9.0,12,0.011111111111111112,1.0,148.76944444444445,174.0,179.07799442896936,185.0,231.7463768115942,269.0,1.055072463768116,1.0,4,1.5138888888888888,5
0.5,0.01,2.0,Connecticut,110.6,85,139,104.5,3.7,4.0,4,0.1,1.0,173.1,147.0,292.1,312.5,209.6,126.0,4.0,3.5,9,0.1,1
0.5,0.05,0.5,Maine,110.6,55,152,118.0,6.1,6.0,9,0.0,0.0,160.0,163.0,184.6,186.5,267.7142857142857,269.0,0.8,1.0,2,1.4,2
1.0,0.05,2.0,New Hampshire,110.9,81,121,121.0,7.6,8.0,8,0.0,0.0,155.7,182.0,195.3,212.0,418.5,436.0,1.1,1.0,2,0.0,0
0.5,0.05,0.5,New Hampshire,110.9,81,121,121.0,4.1,4.0,5,0.0,0.0,164.3,183.0,204.77777777777777,212.0,191.0,191.0,1.0,1.0,1,0.0,0
0.5,0.05,2.0,New Hampshire,110.9,86,121,121.0,7.0,7.0,8,0.0,0.0,172.9,182.5,215.0,212.0,311.5,311.5,1.0,1.0,1,0.0,0
0.5,0.01,0.5,Maryland,111.1,66,139,115.5,7.7,7.0,10,0.0,0.0,135.0,144.5,154.2,148.5,153.1,132.5,2.0,2.0,4,0.1,1
ALL,ALL,ALL,North Carolina,111.9108635097493,50,284,69.0,20.094707520891365,22.0,34,0.09550561797752809,2.0,149.00280898876406,182.0,190.14285714285714,191.0,255.87423312883436,310.0,4.544910179640719,4.5,10,2.2506963788300838,7
0.5,0.01,0.5,Mississippi,112.0,50,212,91.5,1.9,2.0,3,0.0,0.0,199.25,212.0,466.0,466.0,,,0.0,0.0,0,0.0,0
0.5,0.05,2.0,Alabama,112.2,97,139,103.0,13.0,13.0,14,0.0,0.0,132.4,134.0,144.3,141.5,200.0,200.0,0.875,1.0,1,0.7,2
0.5,0.05,0.5,North Carolina,112.8,61,192,73.0,2.8,3.0,5,0.1111111111111111,1.0,176.44444444444446,192.0,217.33333333333334,201.5,118.5,118.5,2.0,2.0,3,0.1,1
ALL,ALL,ALL,Alabama,113.45833333333333,97,206,103.0,13.047222222222222,14.0,20,0.0,0.0,135.1027777777778,129.0,152.4568245125348,139.0,212.9111111111111,200.0,0.5991735537190083,1.0,2,0.625,2
2.0,0.01,2.0,Mississippi,113.7,50,344,76.0,8.5,8.5,11,0.0,0.0,161.9,104.0,235.1,212.0,92.875,28.0,1.7777777777777777,2.0,4,0.2,1
0.5,0.01,2.0,Virginia,114.1,82,144,113.0,17.7,18.0,21,0.0,0.0,138.5,140.0,165.7,163.5,139.4,151.5,3.7,4.0,6,1.9,4
0.5,0.01,1.0,Maryland,114.4,34,198,106.0,10.0,10.0,12,0.0,0.0,136.5,128.0,154.1,151.0,169.1,133.0,4.7,3.5,12,0.3,1
1.0,0.01,2.0,Connecticut,115.5,85,145,119.5,3.7,4.0,4,0.0,0.0,158.7,148.0,201.66666666666666,174.0,191.7,222.5,6.2,5.0,13,0.3,2
0.5,0.01,1.0,Virginia,116.1,52,212,128.0,11.9,11.5,16,0.0,0.0,152.9,151.0,181.6,184.5,243.5,171.5,2.7,3.0,4,1.1,3
1.0,0.01,0.5,Virginia,116.8,52,162,131.0,14.1,14.0,19,0.1,1.0,151.3,153.0,176.1,167.0,210.1,171.5,3.7,3.5,7,1.4,4
1.0,0.05,1.0,Maine,117.1,55,152,152.0,8.5,8.5,10,0.0,0.0,164.7,174.0,185.0,185.0,230.4,269.0,1.2,1.0,2,1.9,3
1.0,0.01,1.0,New Jersey,117.2,66,158,121.0,5.5,6.0,6,0.0,0.0,191.4,153.0,233.3,202.0,227.4,199.0,1.8,2.0,3,0.0,0
1.0,0.05,0.5,Maine,117.4,55,152,152.0,7.9,7.5,10,0.0,0.0,170.3,179.0,183.0,185.0,269.0,269.0,0.8,1.0,1,1.7,2
0.5,0.01,0.5,New Hampshire,117.5,86,121,121.0,3.3,3.0,5,0.0,0.0,213.33333333333334,212.0,242.57142857142858,232.0,243.0,243.0,1.0,1.0,1,0.1,1
0.5,0.1,2.0,Maine,118.7,55,152,152.0,9.6,9.5,11,0.0,0.0,164.0,174.0,180.6,185.0,249.1,269.0,1.2,1.0,3,1.5,3
2.0,0.01,0.5,New Hampshire,118.9,100,121,121.0,5.7,6.0,7,0.0,0.0,212.6,201.0,250.7,252.0,345.42857142857144,362.0,1.4444444444444444,1.0,3,0.6,1
2.0,0.01,2.0,Connecticut,119.0,85,139,132.0,3.8,4.0,5,0.0,0.0,146.5,148.0,220.8,174.0,187.0,165.0,5.3,5.0,9,0.3,1
2.0,0.05,0.5,Maine,119.0,55,152,152.0,9.3,9.5,11,0.0,0.0,163.7,179.0,181.9,185.0,269.0,269.0,0.7,1.0,1,1.3,2
0.5,0.1,0.5,Alabama,119.2,97,139,129.0,6.1,6.5,7,0.0,0.0,140.7,139.0,151.0,158.0,,,0.0,0.0,0,0.0,0
0.5,0.01,1.0,Connecticut,119.3,85,139,126.0,3.3,3.5,4,0.0,0.0,160.6,145.0,216.25,174.0,175.0,176.0,3.875,3.0,9,0.1,1
2.0,0.05,1.0,Alabama,119.5,103,144,116.0,16.8,17.0,18,0.0,0.0,138.4,139.0,147.8,144.0,199.375,200.0,1.125,1.0,2,1.0,2
2.0,0.01,1.0,New Jersey,119.8,66,207,121.0,5.5,6.0,6,0.0,0.0,217.1,156.5,296.6,261.0,397.5,405.0,1.5,1.5,2,0.1,1
1.0,0.01,0.5,Connecticut,120.2,85,151,128.0,3.5,3.5,4,0.0,0.0,164.8,144.0,217.0,174.0,227.66666666666666,190.0,3.4,4.0,5,0.2,1
2.0,0.25,2.0,Louisiana,120.5,120,125,120.0,5.5,5.5,6,0.0,0.0,144.9,143.0,242.2,251.0,,,0.0,0.0,0,0.0,0
1.0,0.25,1.0,Louisiana,121.0,120,125,120.0,3.9,4.0,4,0.0,0.0,146.9,143.0,215.8,251.0,,,0.0,0.0,0,0.0,0
1.0,0.01,0.5,New Hampshire,121.0,121,121,121.0,5.1,5.0,7,0.0,0.0,215.1,212.0,259.3,266.0,336.8888888888889,362.0,1.2222222222222223,1.0,2,0.3,1
0.5,0.01,1.0,New Hampshire,121.0,121,121,121.0,4.8,5.0,6,0.0,0.0,221.1,229.0,268.5,272.5,362.0,362.0,0.5,0.5,1,0.5,1
1.0,0.01,1.0,New Hampshire,121.0,121,121,121.0,5.3,5.0,6,0.0,0.0,221.3,212.0,260.5,265.0,332.44444444444446,362.0,1.1,1.0,2,0.5,1
2.0,0.01,0.5,Georgia,121.4,83,157,129.0,29.9,30.0,37,0.0,0.0,137.3,135.5,154.5,157.0,364.75,411.5,2.2222222222222223,2.0,5,2.5,4
2.0,0.25,0.5,Louisiana,121.5,120,125,120.0,5.3,5.5,6,0.0,0.0,146.8,143.0,215.8,251.0,,,0.0,0.0,0,0.0,0
1.0,0.01,2.0,Georgia,121.9,83,161,124.0,32.9,33.5,37,0.0,0.0,146.8,156.0,161.6,162.0,337.4,394.5,2.8,3.0,5,2.5,5
1.0,0.25,2.0,Louisiana,122.0,120,125,120.0,5.4,5.0,6,0.0,0.0,148.9,143.0,224.6,251.0,,,0.0,0.0,0,0.0,0
2.0,0.25,1.0,Louisiana,122.0,120,125,120.0,5.8,6.0,6,0.0,0.0,157.7,143.0,249.0,251.0,,,0.0,0.0,0,0.0,0
0.5,0.25,2.0,Louisiana,122.0,120,125,120.0,4.0,4.0,4,0.0,0.0,148.7,143.0,215.8,251.0,,,0.0,0.0,0,0.0,0
0.5,0.25,1.0,Louisiana,122.5,120,125,122.5,3.3,3.0,4,0.0,0.0,150.7,143.0,224.6,251.0,,,0.0,0.0,0,0.0,0
1.0,0.01,2.0,Massachusetts,123.2,68,157,124.0,6.2,6.0,7,0.0,0.0,140.4,135.0,177.6,171.0,257.4,270.0,3.6,3.5,6,0.2,1
1.0,0.25,0.5,Louisiana,123.3,120,143,120.0,3.3,3.0,4,0.0,0.0,146.9,143.0,224.6,251.0,,,0.0,0.0,0,0.0,0
0.5,0.01,0.5,Connecticut,123.3,85,174,117.5,2.5,2.5,4,0.0,0.0,182.0,145.0,194.6,174.0,192.44444444444446,159.0,3.0,3.0,6,0.0,0
2.0,0.01,2.0,New Jersey,123.6,114,160,121.0,5.4,5.0,6,0.0,0.0,173.6,156.5,236.1,261.0,313.0,331.0,1.8,2.0,2,0.0,0
2.0,0.01,0.5,Connecticut,124.1,93,139,129.0,3.8,4.0,4,0.0,0.0,146.8,147.0,217.6,174.0,201.3,184.0,4.4,5.0,6,0.2,1
0.5,0.05,0.5,Alabama,124.3,97,158,129.0,5.3,6.0,7,0.0,0.0,143.9,139.0,160.1,158.0,,,0.0,0.0,0,0.0,0
2.0,0.1,0.5,Louisiana,124.3,120,143,122.5,4.6,5.0,6,0.0,0.0,183.1,162.0,275.6,251.0,,,0.0,0.0,0,0.0,0
1.0,0.01,0.5,Mississippi,124.4,50,212,128.0,3.1,3.0,6,0.0,0.0,203.77777777777777,212.0,277.0,331.0,,,0.0,0.0,0,0.0,0
1.0,0.1,1.0,Louisiana,124.5,120,125,125.0,3.5,4.0,4,0.0,0.0,165.2,162.0,231.44444444444446,251.0,,,0.0,0.0,0,0.0,0
2.0,0.1,1.0,Louisiana,124.8,120,143,125.0,5.1,5.0,6,0.0,0.0,179.6,162.0,278.6,251.0,,,0.0,0.0,0,0.0,0
1.0,0.01,2.0,Alabama,124.8,103,158,121.0,11.9,12.0,15,0.0,0.0,172.5,174.5,192.4,194.0,205.0,205.0,0.3333333333333333,0.0,1,0.2,1
2.0,0.05,0.5,North Carolina,124.8,50,191,113.5,25.7,25.0,29,0.0,0.0,194.7,191.0,202.8,192.0,329.8,310.0,5.8,5.5,9,3.6,5
0.5,0.25,0.5,Louisiana,125.0,125,125,125.0,2.3,2.0,4,0.0,0.0,147.33333333333334,143.0,163.0,163.0,,,0.0,0.0,0,0.0,0
2.0,0.01,1.0,Connecticut,125.2,93,174,130.0,4.0,4.0,4,0.0,0.0,169.3,151.0,249.8,253.5,245.375,186.0,4.25,4.0,9,0.0,0
2.0,0.01,2.0,Arkansas,125.4,84,130,130.0,3.9,3.0,7,1.4,3.0,271.0,282.5,429.1111111111111,482.0,97.6,144.0,5.6,6.0,9,2.3,3
2.0,0.01,1.0,Arkansas,125.4,84,130,130.0,3.7,4.0,5,1.6,3.0,275.8,230.0,306.14285714285717,264.0,148.3,144.0,4.4,4.0,7,2.6,4
1.0,0.01,2.0,New Hampshire,125.7,86,203,121.0,5.4,6.0,7,0.0,0.0,216.2,212.0,262.3,264.5,346.44444444444446,362.0,1.5555555555555556,2.0,2,0.4,1
2.0,0.05,1.0,Maine,126.0,60,152,152.0,9.9,10.0,12,0.0,0.0,178.9,184.0,184.5,184.0,225.44444444444446,269.0,1.2,1.0,3,1.3,2
2.0,0.01,0.5,New Jersey,126.5,66,261,121.0,4.9,5.0,6,0.0,0.0,185.8,142.5,267.2,263.5,285.125,319.5,1.875,2.0,4,0.2,1
2.0,0.1,2.0,Louisiana,126.6,120,143,125.0,4.8,5.0,6,0.0,0.0,199.2,162.0,273.6,251.0,,,0.0,0.0,0,0.0,0
1.0,0.1,2.0,Louisiana,126.7,120,162,125.0,4.4,4.0,6,0.0,0.0,197.4,162.5,289.6,251.0,,,0.0,0.0,0,0.0,0
1.0,0.01,1.0,Connecticut,127.2,93,139,130.0,3.5,4.0,4,0.1,1.0,171.9,151.0,224.44444444444446,174.0,242.1,223.5,3.7,3.0,8,0.5,2
1.0,0.01,2.0,New Jersey,127.4,108,160,121.0,5.1,5.0,6,0.0,0.0,211.0,181.5,307.6,314.0,374.0,407.5,1.1666666666666667,1.0,2,0.0,0
2.0,0.01,2.0,South Carolina,127.9,68,213,124.0,8.0,8.0,10,0.0,0.0,222.0,197.0,251.6,210.5,241.44444444444446,274.0,2.7777777777777777,2.0,6,0.3,1
0.5,0.25,1.0,Rhode Island,128.0,128,128,128.0,2.0,2.0,3,0.0,0.0,171.0,171.0,172.0,172.0,,,0.0,0.0,0,0.0,0
1.0,0.25,0.5,Rhode Island,128.0,128,128,128.0,2.0,2.0,3,0.0,0.0,171.0,171.0,172.0,172.0,,,0.0,0.0,0,0.0,0
1.0,0.25,2.0,Rhode Island,128.0,128,128,128.0,2.4,2.0,3,0.0,0.0,197.0,171.0,263.25,172.0,,,0.0,0.0,0,0.0,0
2.0,0.25,1.0,Rhode Island,128.0,128,128,128.0,2.5,2.5,3,0.0,0.0,176.4,171.0,318.0,172.0,,,0.0,0.0,0,0.0,0
0.5,0.25,2.0,Rhode Island,128.0,128,128,128.0,2.5,2.5,3,0.0,0.0,171.0,171.0,318.0,172.0,,,0.0,0.0,0,0.0,0
0.5,0.05,0.5,Rhode Island,128.0,128,128,128.0,1.125,1.0,2,0.0,0.0,171.0,171.0,,,,,0.0,0.0,0,0.0,0
0.5,0.25,0.5,Rhode Island,128.0,128,128,128.0,1.8,2.0,2,0.0,0.0,171.0,171.0,,,,,0.0,0.0,0,0.0,0
1.0,0.25,1.0,Rhode Island,128.0,128,128,128.0,2.7,3.0,3,0.0,0.0,171.0,171.0,328.42857142857144,172.0,,,0.0,0.0,0,0.0,0
2.0,0.25,2.0,Rhode Island,128.0,128,128,128.0,2.1,2.0,3,0.0,0.0,181.8,171.0,172.0,172.0,,,0.0,0.0,0,0.0,0
2.0,0.25,0.5,Rhode Island,128.0,128,128,128.0,2.5,2.5,3,0.0,0.0,152.0,152.0,391.0,537.0,,,0.0,0.0,0,0.0,0
2.0,0.1,1.0,Rhode Island,128.0,128,128,128.0,2.1,2.0,3,0.0,0.0,202.4,171.0,537.0,537.0,,,0.0,0.0,0,0.0,0
0.5,0.1,1.0,Rhode Island,128.0,128,128,128.0,1.6,2.0,2,0.0,0.0,171.0,171.0,,,,,0.0,0.0,0,0.0,0
1.0,0.1,2.0,Rhode Island,128.0,128,128,128.0,2.3,2.0,3,0.0,0.0,197.2,171.0,258.0,301.0,,,0.0,0.0,0,0.0,0
1.0,0.01,0.5,Rhode Island,128.0,128,128,128.0,1.0,1.0,1,,,,,,,,,0.0,0.0,0,0.0,0
2.0,0.1,2.0,Rhode Island,128.0,128,128,128.0,2.2,2.0,3,0.0,0.0,206.4,171.5,301.0,301.0,,,0.0,0.0,0,0.0,0
2.0,0.1,0.5,Rhode Island,128.0,128,128,128.0,2.3,2.0,3,0.0,0.0,172.7,171.0,336.6666666666667,301.0,,,0.0,0.0,0,0.0,0
0.5,0.1,2.0,Rhode Island,128.0,128,128,128.0,2.2,2.0,3,0.0,0.0,223.0,171.0,172.0,172.0,,,0.0,0.0,0,0.0,0
1.0,0.1,1.0,Rhode Island,128.0,128,128,128.0,2.4,2.0,3,0.0,0.0,197.2,171.0,236.5,236.5,,,0.0,0.0,0,0.0,0
0.5,0.1,0.5,Rhode Island,128.0,128,128,128.0,1.5,1.5,2,0.0,0.0,171.25,171.0,,,,,0.0,0.0,0,0.0,0
0.5,0.01,2.0,Alabama,128.0,103,158,139.0,8.8,9.0,11,0.0,0.0,165.6,158.0,190.0,194.0,288.75,197.5,0.8,1.0,1,0.2,1
0.5,0.01,0.5,New Jersey,128.4,121,160,121.0,2.6,2.5,4,0.0,0.0,176.0,162.0,183.4,187.0,245.0,245.0,1.0,1.0,1,0.0,0
2.0,0.01,1.0,New Hampshire,128.4,86,265,121.0,5.1,5.0,7,0.0,0.0,210.2,218.5,255.9,263.5,346.55555555555554,362.0,1.4,1.5,2,0.5,1
2.0,0.01,2.0,New Hampshire,128.6,86,232,121.0,5.4,5.0,7,0.0,0.0,209.5,197.5,244.6,247.0,336.57142857142856,362.0,1.375,1.0,3,0.5,1
0.5,0.01,1.0,Massachusetts,128.7,119,141,129.0,6.0,6.0,7,0.0,0.0,159.3,145.5,185.2,189.5,303.125,248.5,1.5,1.5,2,0.0,0
2.0,0.01,0.5,Arkansas,128.7,117,130,130.0,3.3,3.5,5,0.8888888888888888,2.0,276.44444444444446,231.0,388.875,379.0,164.2,144.0,4.2,4.0,6,1.4,3
0.5,0.01,2.0,Massachusetts,129.0,120,138,129.0,5.9,6.0,7,0.0,0.0,159.0,151.0,192.6,186.5,275.1111111111111,265.0,2.111111111111111,2.0,4,0.0,0
0.5,0.05,1.0,Maine,129.2,76,152,152.0,7.4,7.0,9,0.0,0.0,173.9,184.5,186.6,185.5,269.0,269.0,0.9,1.0,1,1.6,2
0.5,0.01,2.0,Georgia,130.3,83,178,132.0,19.6,20.0,24,0.0,0.0,157.4,161.0,179.9,183.5,338.7142857142857,408.0,1.1111111111111112,1.0,2,1.3,3
2.0,0.01,2.0,Massachusetts,130.7,94,174,129.0,6.5,6.5,8,0.0,0.0,155.9,149.0,177.3,168.0,257.6666666666667,265.0,2.7,3.0,5,0.3,1
0.5,0.01,2.0,New Hampshire,131.4,121,225,121.0,5.2,5.0,6,0.0,0.0,207.5,212.0,240.1,232.0,362.0,362.0,1.1111111111111112,1.0,2,0.4,1
2.0,0.01,0.5,Massachusetts,132.0,120,149,129.5,6.7,7.0,7,0.0,0.0,157.0,149.0,170.8,151.0,270.6,265.0,2.9,3.0,4,0.0,0
1.0,0.1,0.5,Rhode Island,132.4,128,172,128.0,1.5,1.5,2,0.0,0.0,171.4,171.0,,,,,0.0,0.0,0,0.0,0
1.0,0.05,2.0,Maine,132.6,55,152,152.0,8.9,9.0,11,0.0,0.0,178.0,184.0,184.8,185.0,269.0,269.0,0.7,1.0,1,1.6,2
1.0,0.01,0.5,New Jersey,133.0,108,261,121.0,3.7,3.5,5,0.0,0.0,244.7,183.5,332.44444444444446,367.0,332.6666666666667,346.0,1.1666666666666667,1.0,2,0.0,0
0.5,0.01,0.5,Massachusetts,133.5,95,172,129.5,4.6,4.5,6,0.0,0.0,162.2,169.0,194.0,180.0,227.25,226.0,1.25,1.0,2,0.0,0
0.5,0.05,2.0,North Carolina,133.9,69,191,160.0,23.4,23.5,25,0.0,0.0,167.1,191.0,197.3,192.0,297.5,310.0,5.3,5.0,8,2.4,4
0.5,0.05,0.5,Louisiana,134.25,125,162,125.0,1.25,1.0,2,0.0,0.0,206.5,206.5,,,,,0.0,0.0,0,0.0,0
0.5,0.1,0.5,Louisiana,134.3,125,163,125.0,1.9,2.0,3,0.0,0.0,159.57142857142858,162.0,207.0,207.0,,,0.0,0.0,0,0.0,0
0.5,0.05,1.0,Rhode Island,135.16666666666666,128,171,128.0,1.8333333333333333,2.0,3,0.0,0.0,236.0,236.0,172.0,172.0,,,0.0,0.0,0,0.0,0
0.5,0.05,2.0,Maine,135.2,60,152,152.0,8.7,8.5,11,0.0,0.0,180.5,185.0,185.8,186.0,247.55555555555554,269.0,1.0,1.0,2,1.3,2
1.0,0.05,2.0,North Carolina,135.9,50,191,169.0,26.2,27.0,29,0.0,0.0,185.1,189.5,205.2,191.5,301.5,310.0,4.8,5.0,7,2.9,4
1.0,0.01,2.0,Mississippi,137.5,50,340,104.0,6.1,6.5,8,0.0,0.0,234.0,212.0,322.9,356.0,149.0,149.0,1.0,1.0,1,0.0,0
1.0,0.01,1.0,Massachusetts,137.8,119,208,129.0,6.5,6.5,8,0.0,0.0,151.7,142.0,165.4,168.0,245.22222222222223,265.0,2.7777777777777777,3.0,4,0.0,0
1.0,0.01,0.5,Arkansas,137.8,117,230,130.0,2.4,3.0,4,0.8571428571428571,2.0,183.57142857142858,188.0,289.3333333333333,231.0,144.0,144.0,1.2222222222222223,1.0,2,1.3,2
1.0,0.01,1.0,Arkansas,137.8,109,217,130.0,3.5,3.5,5,1.1111111111111112,2.0,242.77777777777777,217.0,354.77777777777777,231.0,200.7,144.0,3.1,3.0,5,1.6,4
1.0,0.01,0.5,Massachusetts,138.7,123,190,129.5,6.2,6.0,7,0.0,0.0,156.5,147.5,177.6,171.0,228.25,227.0,2.0,2.0,3,0.0,0
0.5,0.01,1.0,Alabama,139.6,103,206,139.0,5.7,6.0,7,0.0,0.0,184.0,189.0,197.8,194.0,,,0.0,0.0,0,0.0,0
0.5,0.01,2.0,New Jersey,139.7,66,367,121.0,5.2,5.0,6,0.0,0.0,207.1,156.5,281.6,287.0,285.0,302.0,1.5,1.0,3,0.0,0
1.0,0.05,0.5,Louisiana,139.88888888888889,120,251,125.0,1.7777777777777777,1.0,4,0.0,0.0,197.0,197.0,207.0,207.0,,,0.0,0.0,0,0.0,0
0.5,0.01,1.0,Mississippi,140.6,50,212,180.0,2.1,2.0,4,0.0,0.0,205.14285714285714,184.0,291.3333333333333,331.0,,,0.0,0.0,0,0.0,0
0.5,0.1,1.0,Louisiana,141.0,120,251,125.0,2.2,2.0,3,0.0,0.0,182.125,162.5,251.0,251.0,,,0.0,0.0,0,0.0,0
2.0,0.01,2.0,Alabama,141.5,103,160,148.5,12.6,14.0,17,0.0,0.0,175.0,189.0,182.3,195.0,382.5,385.0,0.8,1.0,1,0.3,1
1.0,0.01,0.5,Alabama,141.8,129,158,139.0,8.2,8.0,10,0.0,0.0,168.1,158.0,187.1,191.5,202.5,202.5,1.0,1.0,1,0.0,0
1.0,0.01,1.0,Alabama,141.8,103,189,139.0,8.6,8.5,10,0.0,0.0,168.9,159.0,191.0,191.5,,,0.0,0.0,0,0.2,1
1.0,0.05,0.5,North Carolina,142.3,69,192,191.0,15.6,14.5,19,0.0,0.0,174.9,192.0,212.6,225.0,293.6,310.0,3.9,4.0,5,1.4,4
1.0,0.01,0.5,South Carolina,142.4,68,213,134.0,3.7,3.0,6,0.0,0.0,198.3,204.5,272.5,213.0,187.4,180.0,1.6,2.0,2,0.0,0
2.0,0.05,1.0,North Carolina,142.5,61,191,168.0,27.7,28.0,29,0.1,1.0,177.1,191.0,207.2,200.5,267.3,310.0,5.4,6.0,8,2.9,5
2.0,0.01,0.5,South Carolina,142.8,68,213,141.5,6.4,6.5,9,0.0,0.0,189.44444444444446,196.0,286.77777777777777,213.0,286.5,280.5,2.2222222222222223,2.0,4,0.5,2
0.5,0.05,1.0,Louisiana,143.44444444444446,120,251,125.0,1.8888888888888888,2.0,3,0.0,0.0,185.33333333333334,162.0,251.0,251.0,,,0.0,0.0,0,0.0,0
0.5,0.01,0.5,Louisiana,143.5,125,162,143.5,1.0,1.0,1,,,,,,,,,0.0,0.0,0,0.0,0
2.0,0.01,1.0,South Carolina,143.5,68,196,134.0,6.9,7.0,11,0.0,0.0,182.2,196.0,272.3,213.0,221.6,275.0,2.4,2.0,6,0.5,2
2.0,0.05,2.0,Maine,144.4,76,152,152.0,9.4,9.5,12,0.0,0.0,181.5,184.5,187.0,185.5,269.0,269.0,0.7,1.0,1,2.3,5
2.0,0.05,2.0,Louisiana,144.9,120,251,125.0,4.3,4.0,6,0.0,0.0,250.0,251.0,377.8,340.0,,,0.0,0.0,0,0.0,0
2.0,0.05,2.0,Rhode Island,145.3,128,301,128.0,2.1,2.0,3,0.0,0.0,281.2,301.0,537.0,537.0,,,0.0,0.0,0,0.0,0
2.0,0.01,1.0,Massachusetts,146.2,123,201,129.5,6.7,7.0,8,0.0,0.0,164.3,154.5,188.4,189.5,249.2,265.0,3.2,3.0,6,0.2,1
0.5,0.01,0.5,Virginia,146.5,73,235,135.5,5.6,5.5,10,0.0,0.0,175.4,156.5,191.77777777777777,201.0,233.83333333333334,210.0,2.5,2.5,5,0.1,1
0.5,0.1,2.0,Louisiana,147.1,120,371,122.5,2.6,2.5,4,0.0,0.0,197.33333333333334,162.0,281.4,251.0,,,0.0,0.0,0,0.0,0
2.0,0.01,0.5,Alabama,148.0,103,189,148.5,10.8,11.0,14,0.0,0.0,175.2,189.0,196.6,195.0,,,0.0,0.0,0,0.0,0
1.0,0.1,0.5,Louisiana,148.2,120,251,125.0,2.2,2.0,4,0.0,0.0,201.875,207.0,221.66666666666666,251.0,,,0.0,0.0,0,0.0,0
1.0,0.05,1.0,Louisiana,149.0,120,324,125.0,2.5,2.0,4,0.0,0.0,236.25,206.5,287.5,248.5,,,0.0,0.0,0,0.0,0
0.5,0.01,1.0,Rhode Island,149.5,128,171,149.5,1.5,1.5,2,0.0,0.0,172.0,172.0,,,,,0.0,0.0,0,0.0,0
1.0,0.05,0.5,Rhode Island,149.7,128,301,128.0,1.4,1.0,2,0.0,0.0,301.0,301.0,,,,,0.0,0.0,0,0.0,0
0.5,0.01,0.5,Alabama,152.5,129,189,158.0,3.9,3.5,8,0.0,0.0,181.4,189.0,221.44444444444446,194.0,185.0,185.0,0.2,0.0,1,0.4,1
2.0,0.05,0.5,Louisiana,152.7,120,324,125.0,3.4,3.5,5,0.0,0.0,279.8,324.0,393.625,371.0,,,0.0,0.0,0,0.0,0
1.0,0.01,2.0,Arkansas,153.2,84,245,130.0,3.9,3.0,6,0.7,2.0,281.0,257.5,364.1111111111111,332.0,199.33333333333334,144.0,4.777777777777778,6.0,8,1.3,3
1.0,0.01,2.0,South Carolina,153.4,68,213,164.5,6.9,8.0,10,0.0,0.0,247.0,210.5,291.44444444444446,213.0,226.0,225.0,4.0,2.0,8,0.3,2
0.5,0.01,2.0,South Carolina,153.6,68,213,173.5,4.5,5.0,9,0.0,0.0,263.7,183.0,219.85714285714286,171.0,94.75,85.5,2.75,2.5,5,0.0,0
2.0,0.01,1.0,Alabama,153.7,129,189,148.5,12.3,12.0,16,0.0,0.0,175.2,174.5,189.0,191.5,560.0,560.0,1.0,1.0,1,0.1,1
0.5,0.01,0.5,Arkansas,153.75,117,230,134.0,1.25,1.0,2,0.0,0.0,134.0,134.0,,,154.0,144.0,1.0,1.0,1,1.25,2
0.5,0.01,1.0,New Jersey,154.0,117,261,121.0,3.7,4.0,6,0.0,0.0,224.1,196.5,280.1111111111111,261.0,344.0,344.0,2.0,2.0,3,0.0,0
2.0,0.01,0.5,West Virginia,154.5,48,260,179.0,6.8,7.0,9,0.0,0.0,219.3,227.0,278.7,254.0,167.5,189.5,2.875,2.0,6,0.1,1
1.0,0.01,0.5,West Virginia,159.1,48,260,151.5,4.7,4.5,8,0.0,0.0,248.7,260.0,317.6666666666667,326.0,242.85714285714286,270.0,1.5714285714285714,1.0,3,0.0,0
ALL,ALL,ALL,Louisiana,159.63987138263664,120,547,125.0,3.167202572347267,3.0,6,0.0,0.0,198.76829268292684,162.0,268.64550264550263,251.0,,,0.0,0.0,0,0.0,0
1.0,0.05,2.0,Louisiana,160.3,120,324,125.0,2.8,2.5,5,0.0,0.0,307.2,324.0,358.4,334.0,,,0.0,0.0,0,0.0,0
ALL,ALL,ALL,Rhode Island,161.33448275862068,128,537,128.0,1.9379310344827587,2.0,3,0.0,0.0,216.9144144144144,171.0,309.42,172.0,,,0.0,0.0,0,0.0,0
1.0,0.01,2.0,Maine,162.8,152,195,152.0,7.5,7.0,9,0.1,1.0,196.9,186.0,223.7,214.0,326.3333333333333,269.0,0.5714285714285714,0.0,2,1.1,2
0.5,0.01,1.0,South Carolina,163.2,68,213,172.0,2.6,2.0,5,0.0,0.0,227.44444444444446,213.0,296.75,289.5,280.8,275.0,1.2,1.0,2,0.0,0
1.0,0.05,2.0,Rhode Island,164.5,128,493,128.0,2.1,2.0,3,0.0,0.0,295.6666666666667,301.0,236.5,236.5,,,0.0,0.0,0,0.0,0
0.5,0.01,2.0,West Virginia,164.5,59,248,200.0,6.2,6.0,8,0.0,0.0,243.4,260.0,287.5,301.0,241.71428571428572,270.0,1.8571428571428572,1.0,4,0.0,0
0.5,0.01,2.0,Maine,165.7,152,201,152.0,6.1,6.0,8,0.0,0.0,194.1,195.0,207.0,204.0,249.33333333333334,269.0,0.3,0.0,1,1.5,3
2.0,0.01,1.0,Maine,166.1,152,204,152.0,7.6,7.0,10,0.1,1.0,193.5,186.0,219.3,203.5,255.5,269.0,0.6666666666666666,1.0,1,1.3,3
0.5,0.01,1.0,Arkansas,166.22222222222223,130,255,130.0,1.5555555555555556,1.0,3,0.3333333333333333,1.0,298.0,332.0,455.5,455.5,171.42857142857142,144.0,1.375,1.5,2,1.1111111111111112,2
2.0,0.01,0.5,Maine,166.8,152,198,152.0,7.4,7.0,10,0.0,0.0,197.2,193.0,219.3,206.0,318.14285714285717,269.0,0.7,1.0,1,1.3,2
1.0,0.01,0.5,Maine,172.1,152,235,152.0,6.0,6.5,7,0.1,1.0,199.4,194.0,213.7,207.5,248.66666666666666,269.0,0.375,0.0,1,1.4,5
2.0,0.01,1.0,West Virginia,172.5,59,248,191.0,6.7,6.0,9,0.0,0.0,245.3,248.0,278.6,284.5,311.0,270.0,1.25,1.0,2,0.4,2
2.0,0.05,1.0,Louisiana,172.9,120,324,125.0,3.6,3.5,5,0.0,0.0,285.0,324.0,373.0,346.0,,,0.0,0.0,0,0.0,0
1.0,0.01,1.0,Maine,173.3,152,201,184.0,6.6,6.0,8,0.1,1.0,199.0,198.0,217.4,207.5,316.1666666666667,269.0,0.6666666666666666,1.0,1,1.3,3
0.5,0.01,1.0,Maine,175.1,152,237,163.0,5.4,5.5,7,0.0,0.0,203.9,201.0,236.11111111111111,235.0,240.25,239.5,0.5714285714285714,1.0,1,1.6,3
2.0,0.01,2.0,Maine,175.3,152,237,168.0,7.8,8.0,8,0.0,0.0,198.1,191.0,218.2,205.0,244.6,269.0,0.6666666666666666,1.0,2,1.2,3
1.0,0.01,1.0,Delaware,175.4,75,275,176.0,2.2,2.0,3,0.0,0.0,288.7,279.0,321.0,321.0,237.0,237.0,1.0,1.0,1,0.0,0
1.0,0.01,1.0,North Carolina,176.8,69,192,191.0,14.8,15.5,21,0.0,0.0,203.3,192.0,250.5,247.5,328.6666666666667,368.0,3.1,3.5,6,1.3,4
1.0,0.01,1.0,West Virginia,177.4,48,260,148.0,6.6,7.0,8,0.0,0.0,226.0,248.0,282.3,285.5,241.7,243.5,2.0,2.0,4,0.0,0
0.5,0.01,0.5,Maine,177.5,152,205,185.0,4.1,4.0,6,0.0,0.0,199.5,199.5,221.0,226.0,261.2,260.0,0.75,1.0,2,1.2,2
0.5,0.01,1.0,Delaware,179.1,75,279,176.0,2.0,2.0,3,0.0,0.0,302.625,301.0,378.0,378.0,242.33333333333334,301.0,1.0,1.0,1,0.0,0
2.0,0.05,1.0,Rhode Island,179.9,128,301,128.0,1.7,2.0,2,0.0,0.0,294.7142857142857,301.0,,,,,0.0,0.0,0,0.0,0
1.0,0.01,1.0,South Carolina,180.6,125,208,196.0,5.9,5.5,8,0.0,0.0,194.7,210.5,292.8,263.5,318.0,275.0,1.8571428571428572,1.0,4,0.2,2
0.5,0.05,2.0,Rhode Island,181.8,128,493,128.0,1.8,2.0,3,0.0,0.0,291.2857142857143,301.0,537.0,537.0,,,0.0,0.0,0,0.0,0
0.5,0.01,2.0,Arkansas,181.8,109,482,130.0,3.2,3.0,6,0.6666666666666666,2.0,307.22222222222223,230.0,309.3333333333333,247.5,220.75,144.0,2.111111111111111,2.0,4,1.3,2
1.0,0.05,1.0,Rhode Island,182.0,128,301,149.5,1.625,2.0,2,0.0,0.0,339.4,301.0,,,,,0.0,0.0,0,0.0,0
0.5,0.05,2.0,Louisiana,182.4,120,324,152.5,1.7,1.5,3,0.0,0.0,254.4,251.0,311.0,311.0,,,0.0,0.0,0,0.0,0
2.0,0.01,0.5,Delaware,185.1,75,275,225.5,2.3,2.0,3,0.0,0.0,297.8,279.0,381.0,376.0,,,0.0,0.0,0,0.0,0
0.5,0.01,2.0,North Carolina,188.8,168,192,191.0,13.6,13.0,16,0.0,0.0,225.6,216.0,273.0,282.0,340.8,368.0,2.7,2.5,5,1.3,4
1.0,0.01,2.0,Delaware,190.5,75,275,225.5,2.1,2.0,3,0.0,0.0,293.3333333333333,279.0,397.0,397.0,,,0.0,0.0,0,0.0,0
2.0,0.01,2.0,North Carolina,191.0,191,191,191.0,16.6,16.5,19,0.0,0.0,200.8,192.0,251.2,243.5,351.1,368.0,3.7,4.0,5,1.3,3
1.0,0.01,0.5,North Carolina,191.2,191,192,191.0,10.0,9.0,14,0.0,0.0,234.1,240.0,261.0,252.5,367.55555555555554,368.0,1.6,1.5,3,0.1,1
1.0,0.01,2.0,West Virginia,192.3,59,260,223.5,6.1,6.5,8,0.0,0.0,251.8,254.0,293.3333333333333,301.0,270.0,270.0,1.5,1.5,2,0.0,0
2.0,0.01,2.0,West Virginia,192.4,48,260,246.0,6.3,5.5,11,0.0,0.0,240.3,260.0,284.5,285.5,341.5,270.0,1.25,1.0,2,0.0,0
1.0,0.01,2.0,North Carolina,192.4,168,225,191.0,15.7,16.5,18,0.0,0.0,227.7,236.0,266.4,278.0,355.0,350.0,2.8,3.0,5,1.8,3
2.0,0.01,1.0,North Carolina,196.4,191,244,191.0,15.4,15.5,19,0.0,0.0,203.1,192.0,251.7,243.0,341.5,359.0,4.0,5.0,6,1.7,3
2.0,0.01,0.5,North Carolina,197.3,191,252,191.0,15.1,15.0,19,0.0,0.0,227.1,212.0,255.8,252.5,353.55555555555554,368.0,4.444444444444445,5.0,6,1.4,3
2.0,0.01,1.0,Delaware,205.7,75,279,225.5,2.3,2.0,3,0.0,0.0,315.9,329.0,369.0,376.0,419.5,419.5,1.0,1.0,1,0.0,0
0.5,0.01,1.0,North Carolina,208.4,191,253,191.5,8.2,8.0,13,0.0,0.0,256.8,276.5,288.5,286.5,332.77777777777777,368.0,1.7777777777777777,1.0,4,0.2,1
0.5,0.01,0.5,North Carolina,208.66666666666666,191,284,192.0,3.2222222222222223,3.0,4,0.0,0.0,251.44444444444446,282.0,294.0,288.0,209.0,209.0,0.2,0.0,1,0.4444444444444444,1
0.5,0.01,0.5,West Virginia,210.7,116,260,227.0,2.2,2.0,3,0.0,0.0,255.75,260.0,255.75,264.0,224.5,224.5,1.5,1.5,2,0.0,0
0.5,0.01,0.5,South Carolina,213.7,125,433,208.0,1.6,2.0,2,0.0,0.0,203.66666666666666,213.0,,,,,0.0,0.0,0,0.0,0
0.5,0.01,1.0,West Virginia,215.0,59,260,237.5,3.7,4.0,5,0.0,0.0,277.77777777777777,260.0,306.5,301.0,277.75,270.0,1.75,2.0,2,0.0,0
2.0,0.05,0.5,Rhode Island,216.4,128,493,128.0,1.8,2.0,2,0.0,0.0,328.0,301.0,,,,,0.0,0.0,0,0.0,0
2.0,0.01,2.0,Delaware,225.7,75,279,275.0,2.4,2.0,3,0.0,0.0,307.3,285.0,326.0,326.5,,,0.0,0.0,0,0.0,0
0.5,0.01,2.0,Delaware,226.3,75,279,275.0,2.2,2.0,3,0.0,0.0,282.4,279.0,325.5,325.5,227.5,213.0,1.0,1.0,1,0.0,0
0.5,0.01,1.0,Louisiana,246.0,163,324,251.0,1.0,1.0,1,,,,,,,,,0.0,0.0,0,0.0,0
0.5,0.01,0.5,Delaware,249.0,75,325,296.5,1.3333333333333333,1.0,2,0.0,0.0,337.0,337.0,,,410.0,410.0,1.0,1.0,1,0.0,0
1.0,0.01,0.5,Delaware,255.2,176,275,275.0,2.2,2.0,3,0.0,0.0,284.9,279.0,325.5,325.5,298.0,298.0,1.0,1.0,1,0.0,0
2.0,0.01,0.5,Louisiana,259.6666666666667,162,334,287.5,1.6666666666666667,1.5,3,0.0,0.0,315.3333333333333,324.0,527.0,527.0,,,0.0,0.0,0,0.0,0
1.0,0.01,2.0,Louisiana,269.6,125,324,324.0,1.6,2.0,2,0.0,0.0,379.6666666666667,325.0,,,,,0.0,0.0,0,0.0,0
2.0,0.01,1.0,Louisiana,294.5,120,527,324.0,1.625,1.0,3,0.0,0.0,392.0,325.0,329.5,329.5,,,0.0,0.0,0,0.0,0
0.5,0.01,2.0,Louisiana,297.85714285714283,162,490,324.0,1.0,1.0,1,,,,,,,,,0.0,0.0,0,0.0,0
1.0,0.01,1.0,Rhode Island,307.3333333333333,128,493,301.0,1.0,1.0,1,,,,,,,,,0.0,0.0,0,0.0,0
1.0,0.01,0.5,Louisiana,324.25,324,325,324.0,1.0,1.0,1,,,,,,,,,0.0,0.0,0,0.0,0
1.0,0.01,1.0,Louisiana,356.75,251,527,324.5,1.25,1.0,2,0.0,0.0,490.0,490.0,,,,,0.0,0.0,0,0.0,0
2.0,0.01,1.0,Rhode Island,364.4,128,536,493.0,1.4,1.0,2,0.0,0.0,397.0,397.0,,,,,0.0,0.0,0,0.0,0
1.0,0.01,2.0,Rhode Island,364.7142857142857,128,536,301.0,1.2857142857142858,1.0,2,0.0,0.0,493.0,493.0,,,,,0.0,0.0,0,0.0,0
2.0,0.01,2.0,Rhode Island,364.75,172,493,397.0,1.5,1.0,3,0.0,0.0,493.0,493.0,536.0,536.0,,,0.0,0.0,0,0.0,0
2.0,0.01,2.0,Louisiana,388.8333333333333,324,547,324.0,1.0,1.0,1,,,,,,,,,0.0,0.0,0,0.0,0
0.5,0.01,2.0,Rhode Island,412.5,128,536,493.0,1.0,1.0,1,,,,,,,,,0.0,0.0,0,0.0,0
2.0,0.01,0.5,Rhode Island,443.6666666666667,301,537,493.0,1.0,1.0,1,,,,,,,,,0.0,0.0,0,0.0,0
