alpha,beta,gamma,state,mean_first_intro_day,earliest_first_intro_day,latest_first_intro_day,median_first_intro_day,mean_intro_count,median_intro_count,max_intro_count,mean_cumu_before_second_intro,max_cumu_before_second_intro,mean_intro_day_2,median_intro_day_2,mean_intro_day_3,median_intro_day_3,mean_first_export_day,median_first_export_day,mean_export_count,median_export_count,max_export_count,mean_total_cumu_cases,max_total_cumu_cases
0.5,0.01,0.5,Texas,28.0,28,28,28.0,23.8,23.0,28,0.0,0.0,28.0,28.0,28.0,28.0,37.3,39.0,31.2,32.0,37,17.8,21
0.5,0.01,1.0,Texas,28.0,28,28,28.0,31.6,32.0,37,0.0,0.0,28.0,28.0,28.0,28.0,40.0,40.0,37.4,38.5,41,23.8,29
0.5,0.05,0.5,Texas,28.0,28,28,28.0,37.4,38.0,41,0.0,0.0,28.0,28.0,28.0,28.0,36.6,38.5,42.5,42.0,48,24.3,27
1.0,0.01,0.5,Texas,28.0,28,28,28.0,34.6,33.5,41,0.0,0.0,28.0,28.0,28.0,28.0,38.5,40.0,46.9,47.0,54,26.0,29
0.5,0.1,0.5,Texas,28.0,28,28,28.0,38.4,39.0,44,0.0,0.0,28.0,28.0,28.0,28.0,31.9,31.0,40.7,41.0,45,29.3,32
0.5,0.1,1.0,Texas,28.0,28,28,28.0,45.7,45.5,50,0.0,0.0,28.0,28.0,28.0,28.0,31.7,31.0,52.3,52.0,58,31.5,37
0.5,0.05,1.0,Texas,28.0,28,28,28.0,42.4,42.0,50,0.0,0.0,28.0,28.0,28.0,28.0,31.9,31.0,52.1,53.0,56,31.8,36
0.5,0.25,0.5,Texas,28.0,28,28,28.0,41.7,42.0,45,0.0,0.0,28.0,28.0,28.0,28.0,31.0,31.0,41.7,41.5,46,33.2,36
0.5,0.01,2.0,Texas,28.0,28,28,28.0,35.9,36.0,45,0.0,0.0,28.0,28.0,28.0,28.0,38.4,40.0,51.3,53.0,59,33.4,37
1.0,0.05,0.5,Texas,28.0,28,28,28.0,46.2,46.0,54,0.0,0.0,28.0,28.0,28.0,28.0,34.0,32.0,61.1,59.0,74,33.5,38
0.5,0.25,1.0,Texas,28.0,28,28,28.0,47.1,46.5,51,0.0,0.0,28.0,28.0,28.0,28.0,31.0,31.0,51.4,52.0,55,34.6,38
1.0,0.01,1.0,Texas,28.0,28,28,28.0,35.7,35.5,41,0.0,0.0,28.0,28.0,28.0,28.0,38.3,40.0,53.6,52.5,65,34.8,44
1.0,0.25,0.5,Texas,28.0,28,28,28.0,50.0,50.5,52,0.0,0.0,28.0,28.0,28.0,28.0,31.0,31.0,58.5,59.5,61,35.9,39
1.0,0.1,0.5,Texas,28.0,28,28,28.0,47.9,48.0,50,0.0,0.0,28.0,28.0,28.0,28.0,31.2,31.0,60.4,59.5,67,36.1,38
2.0,0.01,0.5,Texas,28.0,28,28,28.0,39.2,40.5,44,0.0,0.0,28.0,28.0,28.0,28.0,38.5,40.0,62.7,63.5,66,36.2,42
0.5,0.05,2.0,Texas,28.0,28,28,28.0,47.8,47.0,54,0.0,0.0,28.0,28.0,28.0,28.0,34.0,31.0,65.6,67.0,72,37.1,43
2.0,0.01,1.0,Texas,28.0,28,28,28.0,40.7,40.0,51,0.0,0.0,28.0,28.0,28.0,28.0,38.0,40.0,68.7,70.0,78,37.4,44
1.0,0.01,2.0,Texas,28.0,28,28,28.0,40.3,40.0,47,0.0,0.0,28.0,28.0,28.0,28.0,38.7,39.5,68.0,66.5,80,37.6,42
ALL,ALL,ALL,Texas,28.0,28,28,28.0,45.34444444444444,47.0,61,0.0,0.0,28.0,28.0,28.0,28.0,33.702777777777776,31.0,64.33333333333333,65.0,95,38.12222222222222,55
1.0,0.05,1.0,Texas,28.0,28,28,28.0,50.5,50.5,55,0.0,0.0,28.0,28.0,28.0,28.0,34.0,31.0,69.2,70.5,75,39.0,43
1.0,0.1,1.0,Texas,28.0,28,28,28.0,52.6,53.0,56,0.0,0.0,28.0,28.0,28.0,28.0,31.9,31.0,66.8,67.0,75,39.8,43
0.5,0.1,2.0,Texas,28.0,28,28,28.0,48.4,48.5,51,0.0,0.0,28.0,28.0,28.0,28.0,31.0,31.0,63.6,64.0,71,40.2,44
2.0,0.01,2.0,Texas,28.0,28,28,28.0,41.0,40.0,47,0.0,0.0,28.0,28.0,28.0,28.0,38.1,40.0,74.0,74.5,81,40.5,45
0.5,0.25,2.0,Texas,28.0,28,28,28.0,51.5,50.5,58,0.0,0.0,28.0,28.0,28.0,28.0,31.0,31.0,60.9,62.5,64,40.8,45
1.0,0.25,1.0,Texas,28.0,28,28,28.0,53.0,53.0,55,0.0,0.0,28.0,28.0,28.0,28.0,31.0,31.0,66.6,67.0,71,40.8,43
2.0,0.25,0.5,Texas,28.0,28,28,28.0,53.5,53.5,56,0.0,0.0,28.0,28.0,28.0,28.0,31.0,31.0,75.2,74.5,83,43.5,47
2.0,0.1,0.5,Texas,28.0,28,28,28.0,51.3,51.5,55,0.0,0.0,28.0,28.0,28.0,28.0,31.2,31.0,78.6,76.5,88,44.7,49
1.0,0.05,2.0,Texas,28.0,28,28,28.0,48.8,49.0,54,0.0,0.0,28.0,28.0,28.0,28.0,32.5,31.0,79.1,79.5,87,45.7,50
2.0,0.25,1.0,Texas,28.0,28,28,28.0,53.8,53.5,60,0.0,0.0,28.0,28.0,28.0,28.0,31.0,31.0,80.0,79.5,87,46.2,54
2.0,0.25,2.0,Texas,28.0,28,28,28.0,53.6,53.0,58,0.0,0.0,28.0,28.0,28.0,28.0,31.0,31.0,78.6,78.0,88,46.2,51
2.0,0.05,0.5,Texas,28.0,28,28,28.0,48.0,47.5,55,0.0,0.0,28.0,28.0,28.0,28.0,32.0,31.0,80.6,79.5,89,46.2,52
1.0,0.25,2.0,Texas,28.0,28,28,28.0,51.8,51.5,55,0.0,0.0,28.0,28.0,28.0,28.0,31.0,31.0,76.3,77.5,79,46.6,49
1.0,0.1,2.0,Texas,28.0,28,28,28.0,50.0,50.0,54,0.0,0.0,28.0,28.0,28.0,28.0,33.9,31.0,78.0,77.0,85,46.7,50
2.0,0.05,1.0,Texas,28.0,28,28,28.0,48.7,50.0,52,0.0,0.0,28.0,28.0,28.0,28.0,33.3,31.0,86.1,87.0,92,47.5,55
2.0,0.1,2.0,Texas,28.0,28,28,28.0,51.1,51.0,59,0.0,0.0,28.0,28.0,28.0,28.0,31.7,31.0,86.1,86.5,95,47.6,52
2.0,0.05,2.0,Texas,28.0,28,28,28.0,48.4,47.5,53,0.0,0.0,28.0,28.0,28.0,28.0,34.0,33.0,86.0,86.5,95,47.7,52
2.0,0.1,1.0,Texas,28.0,28,28,28.0,50.0,48.5,61,0.0,0.0,28.0,28.0,28.0,28.0,31.7,31.0,84.2,85.0,89,48.4,52
0.5,0.25,0.5,Kansas,31.0,31,31,31.0,42.6,42.5,46,0.0,0.0,33.0,33.0,47.2,47.0,28.0,28.0,9.8,10.5,11,6.9,11
0.5,0.1,2.0,Kansas,31.0,31,31,31.0,57.1,56.5,62,0.0,0.0,33.0,33.0,48.4,49.0,28.0,28.0,17.5,17.5,20,8.4,13
0.5,0.25,1.0,Kansas,31.0,31,31,31.0,52.7,52.5,56,0.0,0.0,33.0,33.0,47.2,47.0,28.0,28.0,12.2,12.0,15,8.8,12
1.0,0.25,0.5,Kansas,31.0,31,31,31.0,54.9,55.5,57,0.0,0.0,33.0,33.0,47.0,47.0,28.0,28.0,17.1,17.5,19,9.6,12
1.0,0.25,2.0,Kansas,31.0,31,31,31.0,64.2,65.5,66,0.0,0.0,33.0,33.0,47.2,47.0,28.0,28.0,23.3,23.5,28,9.6,13
2.0,0.25,0.5,Kansas,31.0,31,31,31.0,62.8,62.0,65,0.0,0.0,33.0,33.0,47.4,47.0,28.0,28.0,21.9,22.0,26,10.0,12
0.5,0.25,2.0,Kansas,31.0,31,31,31.0,59.8,60.0,64,0.0,0.0,33.0,33.0,47.4,47.0,28.0,28.0,17.3,18.0,20,10.3,15
1.0,0.25,1.0,Kansas,31.0,31,31,31.0,60.3,60.5,66,0.0,0.0,33.0,33.0,47.4,47.0,28.0,28.0,20.8,20.0,25,10.5,14
2.0,0.25,2.0,Kansas,31.0,31,31,31.0,64.3,63.0,69,0.0,0.0,33.0,33.0,47.2,47.0,28.0,28.0,28.3,27.0,37,11.4,15
2.0,0.25,1.0,Kansas,31.0,31,31,31.0,62.3,62.5,65,0.0,0.0,33.0,33.0,47.0,47.0,28.0,28.0,27.0,27.5,29,12.2,16
1.0,0.1,0.5,Kansas,31.2,31,33,31.0,53.6,54.0,56,0.0,0.0,34.6,33.0,47.8,47.0,28.0,28.0,17.8,18.0,21,7.4,10
2.0,0.1,0.5,Kansas,31.2,31,33,31.0,60.9,61.0,64,0.0,0.0,34.4,33.0,47.6,47.0,28.0,28.0,21.7,22.0,25,9.5,13
0.5,0.1,1.0,Kansas,32.5,31,46,31.0,53.9,54.0,56,0.0,0.0,34.6,33.0,49.4,49.0,28.0,28.0,12.4,12.5,17,4.6,6
2.0,0.1,1.0,Kansas,32.5,31,46,31.0,62.7,62.5,66,0.0,0.0,34.6,33.0,49.0,49.0,28.0,28.0,25.5,26.0,30,9.5,12
2.0,0.1,2.0,Kansas,32.5,31,46,31.0,63.2,63.0,66,0.0,0.0,34.6,33.0,49.6,49.0,28.0,28.0,28.8,28.5,36,10.4,12
0.5,0.05,1.0,Kansas,32.7,31,46,31.0,49.6,50.0,54,0.0,0.0,36.2,33.0,49.9,49.0,28.0,28.0,12.9,12.5,17,4.1,6
0.5,0.1,0.5,Kansas,32.7,31,46,31.0,40.3,41.0,43,0.0,0.0,36.2,33.0,49.6,49.0,30.7,28.0,9.2,8.5,12,4.4,9
1.0,0.1,1.0,Kansas,32.7,31,46,31.0,59.8,60.0,62,0.0,0.0,36.2,33.0,49.2,49.0,28.0,28.0,20.5,20.5,24,7.5,11
2.0,0.05,0.5,Kansas,32.7,31,46,31.0,60.4,61.0,61,0.0,0.0,36.2,33.0,49.8,49.0,28.0,28.0,21.1,21.0,25,8.9,11
1.0,0.05,2.0,Kansas,34.0,31,46,31.0,59.2,58.5,64,0.0,0.0,36.2,33.0,50.3,49.0,28.0,28.0,23.9,23.5,29,8.8,13
2.0,0.1,0.5,Minnesota,34.0,34,34,34.0,34.2,34.5,38,2.4,6.0,38.7,38.0,45.0,45.0,28.0,28.0,67.4,68.0,78,44.4,48
0.5,0.25,0.5,Minnesota,34.0,34,34,34.0,28.9,28.5,35,2.3,5.0,38.7,38.0,41.8,41.0,36.0,40.0,60.2,60.0,71,44.6,49
0.5,0.1,2.0,Minnesota,34.0,34,34,34.0,32.9,33.5,38,5.2,17.0,42.8,41.0,46.3,45.0,28.0,28.0,62.5,62.5,67,44.7,52
1.0,0.1,0.5,Minnesota,34.0,34,34,34.0,30.7,30.5,36,2.8,7.0,40.6,38.0,45.4,45.0,28.0,28.0,64.3,65.0,70,45.1,52
2.0,0.25,1.0,Minnesota,34.0,34,34,34.0,34.7,33.0,43,2.0,2.0,38.0,38.0,41.8,41.0,28.0,28.0,75.1,74.0,85,45.3,51
1.0,0.25,1.0,Minnesota,34.0,34,34,34.0,33.1,33.0,38,2.6,5.0,39.4,38.0,42.0,41.0,28.0,28.0,71.4,72.0,82,45.5,51
1.0,0.25,0.5,Minnesota,34.0,34,34,34.0,30.9,30.5,38,2.0,2.0,38.0,38.0,41.8,41.0,28.0,28.0,70.2,69.0,76,45.9,52
0.5,0.25,2.0,Minnesota,34.0,34,34,34.0,32.5,32.5,39,2.5,5.0,38.6,38.0,42.2,41.0,28.0,28.0,71.9,72.0,82,46.1,52
2.0,0.25,0.5,Minnesota,34.0,34,34,34.0,33.7,32.0,40,2.6,5.0,39.0,38.0,42.2,41.0,28.0,28.0,73.2,72.0,80,46.2,50
0.5,0.25,1.0,Minnesota,34.0,34,34,34.0,29.6,29.0,37,2.1,4.0,38.3,38.0,41.8,41.0,28.0,28.0,71.2,70.0,76,46.5,52
2.0,0.25,2.0,Minnesota,34.0,34,34,34.0,33.5,31.5,40,2.3,5.0,38.7,38.0,41.9,41.0,28.0,28.0,73.4,73.5,78,46.5,51
1.0,0.25,2.0,Minnesota,34.0,34,34,34.0,32.2,32.0,37,2.2,5.0,38.3,38.0,41.4,41.0,28.0,28.0,76.3,75.5,84,47.5,51
2.0,0.05,0.5,Minnesota,34.7,34,41,34.0,35.6,36.0,37,4.1,8.0,45.4,45.0,48.5,48.5,28.0,28.0,59.0,58.5,73,41.6,45
0.5,0.05,1.0,Minnesota,34.7,34,41,34.0,29.1,28.5,34,3.9,6.0,46.7,48.5,50.3,51.5,29.4,28.0,52.9,53.0,61,41.7,45
2.0,0.1,2.0,Minnesota,34.7,34,41,34.0,36.5,36.5,40,4.0,7.0,42.9,43.0,46.8,46.5,28.0,28.0,66.0,66.5,69,42.8,47
0.5,0.1,1.0,Minnesota,34.7,34,41,34.0,32.0,32.0,37,3.5,5.0,43.2,43.0,48.2,49.0,28.0,28.0,60.0,59.5,67,43.1,50
0.5,0.1,0.5,Minnesota,34.7,34,41,34.0,27.6,29.0,33,4.2,8.0,42.7,43.0,46.4,46.5,29.4,28.0,54.4,55.5,62,43.6,51
2.0,0.1,1.0,Minnesota,34.7,34,41,34.0,34.4,34.0,39,2.8,6.0,42.2,39.5,45.8,45.0,28.0,28.0,65.6,65.5,77,44.0,48
1.0,0.1,1.0,Minnesota,34.7,34,41,34.0,32.6,33.0,36,3.2,5.0,42.0,41.0,45.5,45.0,28.0,28.0,65.4,67.0,72,45.2,49
0.5,0.25,0.5,Idaho,35.0,35,35,35.0,12.1,12.5,14,7.1,9.0,46.5,46.0,50.8,53.0,28.0,28.0,52.5,52.5,57,13.8,15
2.0,0.25,0.5,Idaho,35.0,35,35,35.0,15.0,15.5,17,6.8,9.0,46.3,46.0,49.1,48.0,28.0,28.0,60.2,58.0,67,14.8,17
1.0,0.25,0.5,Idaho,35.0,35,35,35.0,13.6,13.5,15,7.0,9.0,46.2,46.0,50.8,53.0,28.0,28.0,59.7,60.5,65,15.1,17
0.5,0.25,2.0,Idaho,35.0,35,35,35.0,13.4,13.0,16,6.7,9.0,46.8,46.0,50.6,53.0,28.0,28.0,61.4,60.0,72,15.2,17
1.0,0.25,2.0,Idaho,35.0,35,35,35.0,14.3,14.0,17,7.0,9.0,46.6,46.0,50.8,53.0,28.0,28.0,61.0,61.5,65,15.6,17
0.5,0.1,2.0,Idaho,35.0,35,35,35.0,12.1,12.0,15,6.5,9.0,48.3,48.0,54.0,53.0,28.0,28.0,60.7,61.5,67,15.6,19
0.5,0.25,1.0,Idaho,35.0,35,35,35.0,12.6,12.5,15,7.0,9.0,46.9,46.0,51.3,53.0,28.0,28.0,57.3,60.0,61,15.7,17
2.0,0.25,2.0,Idaho,35.0,35,35,35.0,14.3,14.5,16,7.6,9.0,47.4,46.5,50.5,50.5,28.0,28.0,61.4,62.5,67,15.7,18
2.0,0.25,1.0,Idaho,35.0,35,35,35.0,13.9,14.5,16,7.6,9.0,47.0,46.0,50.5,50.5,28.0,28.0,61.8,61.5,68,16.0,19
1.0,0.25,1.0,Idaho,35.0,35,35,35.0,13.7,13.5,15,6.8,9.0,46.4,46.0,51.3,53.0,28.0,28.0,63.4,64.0,67,16.0,18
2.0,0.1,0.5,Idaho,35.0,35,35,35.0,12.0,12.0,14,8.2,11.0,50.4,50.0,57.4,57.0,28.0,28.0,61.8,62.0,71,17.2,19
2.0,0.05,1.0,Kansas,35.7,31,46,31.0,61.4,60.5,65,0.0,0.0,39.4,33.0,50.8,49.0,28.0,28.0,29.0,29.0,33,9.4,13
ALL,ALL,ALL,Kansas,35.92777777777778,31,58,31.0,53.325,56.0,69,0.005555555555555556,1.0,39.75555555555555,33.0,51.75833333333333,49.0,31.558333333333334,28.0,18.875,19.0,37,7.788888888888889,16
2.0,0.05,2.0,Kansas,36.1,31,46,33.0,62.3,62.5,66,0.0,0.0,42.2,47.0,51.7,49.0,28.0,28.0,31.0,30.5,36,9.1,12
0.5,0.1,0.5,Idaho,36.1,35,46,35.0,9.9,10.0,11,6.7,9.0,50.0,50.0,56.9,57.0,29.1,28.0,51.0,51.0,58,15.5,17
1.0,0.1,0.5,Idaho,36.8,35,53,35.0,11.4,11.0,13,6.8,9.0,49.3,50.0,56.2,53.0,29.0,28.0,57.1,57.0,68,16.1,17
0.5,0.05,2.0,Kansas,37.0,31,46,31.0,57.3,57.0,59,0.0,0.0,39.4,33.0,52.6,49.0,28.0,28.0,16.7,16.0,20,5.8,8
1.0,0.1,2.0,Kansas,37.0,31,46,31.0,62.3,62.5,65,0.0,0.0,39.4,33.0,50.8,49.0,28.0,28.0,23.2,23.5,26,9.3,12
1.0,0.05,2.0,Minnesota,37.1,34,51,34.0,33.5,32.5,37,2.2,4.0,43.6,41.0,48.9,49.5,28.0,28.0,61.7,61.5,75,43.5,46
1.0,0.05,0.5,Kansas,37.2,31,46,32.0,53.5,54.0,57,0.0,0.0,41.0,41.0,52.2,50.0,28.0,28.0,17.1,18.5,20,6.3,9
1.0,0.05,1.0,Kansas,37.3,31,49,31.0,57.7,58.0,62,0.0,0.0,40.2,33.0,51.6,49.0,28.0,28.0,21.4,21.5,26,6.8,9
1.0,0.1,1.0,Idaho,38.0,35,50,35.0,13.1,13.0,16,5.4,9.0,49.8,48.5,53.4,53.0,28.0,28.0,59.7,60.0,67,16.1,18
0.5,0.25,0.5,Iowa,38.0,38,38,38.0,27.8,28.0,31,0.0,0.0,42.0,42.0,44.0,44.0,39.0,39.0,112.5,113.0,125,56.7,61
0.5,0.25,1.0,Iowa,38.0,38,38,38.0,28.0,28.0,32,0.0,0.0,42.2,42.0,44.0,44.0,39.0,39.0,118.2,117.5,132,57.7,61
1.0,0.25,0.5,Iowa,38.0,38,38,38.0,27.9,28.5,31,0.0,0.0,42.0,42.0,44.0,44.0,39.0,39.0,123.8,124.0,131,58.2,61
2.0,0.25,1.0,Iowa,38.0,38,38,38.0,30.0,30.5,32,0.0,0.0,42.0,42.0,44.0,44.0,39.0,39.0,128.3,129.0,136,58.8,63
2.0,0.25,0.5,Iowa,38.0,38,38,38.0,28.3,28.0,30,0.0,0.0,42.0,42.0,44.0,44.0,39.0,39.0,128.7,127.0,139,59.5,61
2.0,0.05,2.0,Minnesota,38.1,34,51,34.0,35.4,36.5,41,2.8,11.0,45.9,43.0,51.0,50.5,28.0,28.0,61.0,60.5,70,42.4,52
0.5,0.25,2.0,Iowa,38.4,38,42,38.0,28.6,28.5,32,0.1,1.0,42.2,42.0,44.1,44.0,39.4,39.0,127.7,128.5,134,58.8,62
1.0,0.25,2.0,Iowa,38.4,38,42,38.0,28.7,28.0,32,0.1,1.0,42.4,42.0,44.0,44.0,39.4,39.0,127.1,126.5,136,59.6,62
1.0,0.25,1.0,Iowa,38.4,38,42,38.0,27.9,28.5,32,0.1,1.0,42.2,42.0,44.1,44.0,39.4,39.0,129.0,128.5,141,60.0,63
2.0,0.25,2.0,Iowa,38.4,38,42,38.0,27.7,28.0,31,0.1,1.0,42.2,42.0,44.1,44.0,39.4,39.0,131.8,133.0,139,60.8,66
1.0,0.1,1.0,Iowa,38.8,38,42,38.0,28.5,29.5,34,0.3,1.0,43.7,43.0,45.6,44.0,39.8,39.0,126.6,127.0,135,58.0,64
0.5,0.1,0.5,Iowa,38.8,38,42,38.0,25.1,25.5,31,0.2,1.0,43.7,42.0,45.2,44.0,39.8,39.0,106.1,107.0,114,58.1,65
2.0,0.1,0.5,Iowa,38.8,38,42,38.0,28.4,27.5,34,0.2,1.0,42.8,42.0,44.6,44.0,39.8,39.0,131.7,131.0,140,58.6,63
2.0,0.1,2.0,Iowa,38.8,38,42,38.0,28.4,29.0,32,0.2,1.0,43.7,43.0,45.4,44.5,39.8,39.0,138.7,140.0,143,60.0,64
0.5,0.25,0.5,Montana,39.0,39,39,39.0,16.5,17.0,17,0.0,0.0,45.0,45.0,68.0,68.0,65.0,65.0,1.0,1.0,2,2.0,2
1.0,0.25,0.5,Montana,39.0,39,39,39.0,19.0,19.0,20,0.0,0.0,45.0,45.0,68.0,68.0,62.0,50.0,0.7,0.5,2,3.0,3
0.5,0.25,2.0,Montana,39.0,39,39,39.0,21.0,21.0,22,0.0,0.0,45.0,45.0,68.0,68.0,62.0,50.0,0.8,0.5,2,4.0,4
1.0,0.25,1.0,Montana,39.0,39,39,39.0,20.1,20.0,21,0.0,0.0,45.0,45.0,68.0,68.0,65.0,65.0,1.0,1.0,2,5.0,5
2.0,0.25,0.5,Montana,39.0,39,39,39.0,20.9,21.0,22,0.0,0.0,45.0,45.0,68.0,68.0,70.0,80.0,0.7,1.0,2,5.0,5
2.0,0.25,1.0,Montana,39.0,39,39,39.0,20.9,21.0,21,0.0,0.0,45.0,45.0,68.0,68.0,60.0,50.0,1.0,1.0,2,5.1,6
2.0,0.25,2.0,Montana,39.0,39,39,39.0,20.8,21.0,22,0.0,0.0,45.0,45.0,68.0,68.0,62.857142857142854,50.0,1.2,1.0,3,5.3,6
0.5,0.25,0.5,Indiana,39.0,39,39,39.0,48.4,48.5,51,0.0,0.0,53.0,53.0,54.4,54.0,66.1,66.0,20.9,21.5,24,8.9,11
0.5,0.25,1.0,Indiana,39.0,39,39,39.0,51.7,51.5,54,0.0,0.0,53.0,53.0,54.8,54.0,31.8,28.0,19.7,19.5,23,11.5,14
2.0,0.25,0.5,Indiana,39.0,39,39,39.0,58.8,59.0,63,0.0,0.0,53.0,53.0,54.0,54.0,39.4,28.0,22.8,23.5,26,12.3,15
1.0,0.25,0.5,Indiana,39.0,39,39,39.0,53.4,53.5,57,0.0,0.0,53.0,53.0,54.0,54.0,31.8,28.0,21.2,21.0,24,12.4,16
2.0,0.25,1.0,Indiana,39.0,39,39,39.0,61.1,61.0,64,0.0,0.0,53.0,53.0,54.4,54.0,31.8,28.0,25.5,25.0,31,12.4,14
0.5,0.1,1.0,Idaho,39.0,35,53,35.0,11.3,11.0,14,5.4,8.0,49.5,49.5,56.1,53.0,28.0,28.0,54.9,54.0,60,16.1,18
0.5,0.1,0.5,Michigan,39.0,39,39,39.0,35.9,36.0,42,1.1,2.0,48.2,44.0,56.7,58.0,52.3,53.0,16.4,15.0,21,16.7,20
2.0,0.1,0.5,Pennsylvania,39.0,39,39,39.0,38.4,38.5,41,0.3,2.0,57.9,56.0,65.4,63.0,30.6,28.0,47.3,48.0,53,19.3,22
0.5,0.25,1.0,Pennsylvania,39.0,39,39,39.0,36.4,36.5,38,0.3,1.0,56.0,56.0,62.9,63.0,28.0,28.0,44.7,42.5,53,19.6,21
1.0,0.1,0.5,Pennsylvania,39.0,39,39,39.0,35.6,36.0,38,0.5,2.0,57.9,56.0,67.4,68.0,28.0,28.0,43.5,44.5,46,19.8,25
0.5,0.1,2.0,Pennsylvania,39.0,39,39,39.0,37.0,38.0,39,0.3,1.0,56.0,56.0,65.4,68.0,28.0,28.0,46.5,46.5,53,20.4,26
0.5,0.25,0.5,Pennsylvania,39.0,39,39,39.0,32.9,33.0,36,0.6,1.0,55.7,56.0,61.8,63.0,30.6,28.0,37.6,37.0,41,20.8,24
2.0,0.25,0.5,Pennsylvania,39.0,39,39,39.0,38.4,38.0,43,0.6,1.0,56.0,56.0,62.2,63.0,28.0,28.0,47.7,48.0,49,21.0,23
0.5,0.25,0.5,Michigan,39.0,39,39,39.0,34.7,34.0,40,1.0,1.0,45.4,44.0,54.0,52.0,50.8,53.0,17.8,18.0,21,21.3,25
0.5,0.25,2.0,Pennsylvania,39.0,39,39,39.0,37.1,37.0,41,0.3,1.0,56.0,56.0,63.3,63.0,28.0,28.0,50.9,52.5,57,21.5,24
1.0,0.25,2.0,Pennsylvania,39.0,39,39,39.0,38.2,38.0,42,0.4,1.0,55.7,56.0,62.7,63.0,28.0,28.0,47.1,47.5,49,21.7,26
0.5,0.1,1.0,Michigan,39.0,39,39,39.0,38.1,39.0,42,1.2,2.0,51.2,47.5,59.7,58.0,52.6,53.0,18.4,17.5,25,21.9,27
2.0,0.25,1.0,Pennsylvania,39.0,39,39,39.0,37.6,37.0,41,0.4,2.0,56.1,56.0,61.8,63.0,28.0,28.0,49.5,49.5,58,22.4,25
2.0,0.25,2.0,Pennsylvania,39.0,39,39,39.0,37.8,38.0,41,0.6,2.0,56.8,56.0,61.6,63.0,28.0,28.0,48.8,48.5,55,22.4,25
1.0,0.25,0.5,Pennsylvania,39.0,39,39,39.0,35.0,35.0,38,0.4,1.0,55.7,56.0,62.8,63.0,28.0,28.0,44.7,45.0,55,22.6,27
1.0,0.25,1.0,Pennsylvania,39.0,39,39,39.0,36.5,36.5,39,0.7,1.0,56.0,56.0,63.9,63.0,28.0,28.0,46.9,46.0,54,23.0,25
0.5,0.25,1.0,Michigan,39.0,39,39,39.0,38.6,38.5,42,1.0,1.0,45.4,44.0,53.1,51.0,51.2,53.0,20.6,20.5,24,23.4,26
0.5,0.25,0.5,Florida,39.0,39,39,39.0,7.1,7.0,9,1.9,6.0,42.4,41.0,53.6,48.0,28.0,28.0,34.6,35.0,38,23.4,25
1.0,0.25,0.5,Florida,39.0,39,39,39.0,8.2,8.0,10,1.0,1.0,41.0,41.0,48.0,48.0,28.0,28.0,43.8,43.5,51,23.8,25
1.0,0.25,1.0,Florida,39.0,39,39,39.0,8.0,8.0,10,1.3,4.0,41.7,41.0,50.8,48.0,28.0,28.0,49.4,48.5,55,24.7,26
1.0,0.25,1.0,Michigan,39.0,39,39,39.0,39.7,40.0,42,1.0,1.0,44.7,44.0,52.6,51.0,51.1,53.0,23.2,23.0,27,25.6,29
0.5,0.25,2.0,Michigan,39.0,39,39,39.0,38.2,38.0,42,1.0,1.0,44.0,44.0,52.9,51.0,50.8,53.0,21.1,21.0,27,25.7,28
2.0,0.25,0.5,Michigan,39.0,39,39,39.0,39.1,39.0,43,1.0,1.0,44.0,44.0,52.5,51.0,50.9,53.0,22.0,21.5,27,25.9,27
1.0,0.25,0.5,Michigan,39.0,39,39,39.0,37.5,36.5,40,1.0,1.0,44.0,44.0,53.1,51.0,52.6,53.0,19.3,19.5,22,26.3,27
2.0,0.25,1.0,Michigan,39.0,39,39,39.0,39.6,40.0,43,1.1,2.0,44.8,44.0,53.1,51.0,50.4,51.0,23.3,24.5,29,26.6,30
1.0,0.25,2.0,Michigan,39.0,39,39,39.0,39.1,39.0,40,1.0,1.0,44.0,44.0,52.4,51.0,50.3,49.0,22.8,22.5,27,26.9,29
2.0,0.25,2.0,Florida,39.0,39,39,39.0,6.2,6.0,8,1.9,6.0,42.4,41.0,53.6,48.0,28.0,28.0,58.3,59.0,67,27.8,30
0.5,0.25,2.0,Florida,39.2,39,41,39.0,8.0,8.0,9,1.1,2.0,41.7,41.0,48.5,48.0,28.0,28.0,47.7,48.0,52,24.8,26
1.0,0.1,2.0,Minnesota,39.2,34,51,34.0,35.9,36.0,41,2.0,6.0,44.4,43.5,48.3,48.5,28.0,28.0,61.8,61.0,68,42.7,47
0.5,0.1,2.0,Iowa,39.2,38,42,38.0,27.6,27.5,35,0.3,1.0,43.0,43.0,44.5,44.5,40.2,39.0,123.6,121.5,138,58.8,62
0.5,0.05,1.0,Iowa,39.2,38,44,38.0,23.8,24.5,30,0.2,1.0,45.0,44.0,49.1,45.0,35.6,39.0,115.0,114.0,130,60.0,68
2.0,0.05,1.0,Iowa,39.2,38,42,38.0,25.9,27.0,29,0.5,1.0,46.9,44.0,50.8,49.0,38.0,39.0,128.1,127.0,146,61.0,67
2.0,0.1,1.0,Iowa,39.2,38,44,38.0,25.8,26.5,30,0.1,1.0,44.5,43.0,46.2,44.0,41.2,39.0,130.8,131.5,139,61.9,67
1.0,0.05,2.0,Idaho,39.4,35,53,35.0,12.2,12.5,14,6.0,9.0,52.1,53.0,68.6,73.0,28.0,28.0,62.4,62.5,67,16.6,18
0.5,0.25,1.0,Florida,39.4,39,41,39.0,8.2,8.0,9,2.2,6.0,43.8,41.0,54.6,48.0,28.0,28.0,38.4,38.5,46,23.7,25
2.0,0.25,0.5,Florida,39.4,39,41,39.0,7.3,7.5,9,1.2,2.0,42.4,41.0,49.0,48.0,28.0,28.0,51.4,50.5,57,25.9,27
1.0,0.25,2.0,Florida,39.4,39,41,39.0,7.6,8.0,9,1.2,2.0,42.4,41.0,49.0,48.0,28.0,28.0,53.4,52.5,61,26.3,28
2.0,0.25,1.0,Florida,39.4,39,41,39.0,7.3,7.0,10,1.6,5.0,43.1,41.0,51.8,48.0,28.0,28.0,55.8,55.0,62,26.7,29
1.0,0.1,0.5,Iowa,39.4,38,44,38.0,25.4,26.0,32,0.2,1.0,43.4,43.0,45.8,44.5,40.9,39.0,126.4,126.5,135,59.5,67
0.5,0.1,2.0,Michigan,39.5,39,44,39.0,39.4,40.0,44,0.9,1.0,46.9,44.0,56.2,58.0,52.8,53.0,23.3,23.5,27,22.2,28
2.0,0.1,0.5,Michigan,39.5,39,44,39.0,41.1,42.0,45,0.8,1.0,46.1,44.0,59.6,58.0,52.9,53.0,19.4,19.0,25,22.3,30
2.0,0.25,2.0,Michigan,39.5,39,44,39.0,41.5,42.0,44,1.0,1.0,46.2,44.0,54.5,54.5,52.7,53.0,22.9,23.0,26,25.1,30
0.5,0.05,2.0,Minnesota,39.5,34,51,34.0,36.1,36.5,42,2.5,5.0,50.9,51.0,53.1,52.0,28.0,28.0,56.1,55.0,64,40.4,48
0.5,0.25,1.0,Montana,39.6,39,45,39.0,19.1,19.0,20,0.0,0.0,47.3,45.0,68.3,68.0,62.0,50.0,0.6,0.5,2,3.0,3
0.5,0.1,2.0,Montana,39.6,39,45,39.0,20.4,20.0,21,0.0,0.0,49.6,45.0,68.9,68.0,53.333333333333336,50.0,1.4,1.5,2,4.0,5
1.0,0.25,2.0,Montana,39.6,39,45,39.0,21.0,21.0,22,0.0,0.0,47.3,45.0,68.3,68.0,62.857142857142854,50.0,1.0,1.0,3,5.1,6
ALL,ALL,ALL,Minnesota,39.605555555555554,34,61,34.0,33.55,34.0,46,2.2888888888888888,17.0,46.58611111111111,45.0,50.00277777777778,49.0,30.90277777777778,28.0,59.23888888888889,60.0,85,40.861111111111114,52
2.0,0.1,1.0,Idaho,39.7,35,53,35.0,13.0,13.0,15,5.1,8.0,48.2,46.0,56.1,53.0,28.0,28.0,61.2,61.5,67,16.4,19
2.0,0.05,0.5,Idaho,39.7,35,53,35.0,11.8,11.5,15,4.3,10.0,52.6,53.0,60.6,61.0,28.0,28.0,58.6,59.5,70,16.7,20
2.0,0.05,1.0,Minnesota,39.7,34,57,34.0,35.9,36.0,43,2.4,5.0,48.0,48.5,51.3,51.0,28.0,28.0,60.8,61.0,69,41.5,47
0.5,0.1,1.0,Iowa,39.8,38,44,38.0,24.2,23.5,29,0.3,3.0,45.0,44.0,47.4,44.5,40.8,39.0,122.2,122.5,132,60.8,63
2.0,0.01,1.0,New Mexico,40.0,40,40,40.0,10.0,10.0,12,1.1,2.0,55.0,57.0,71.5,69.5,28.0,28.0,33.6,33.0,43,4.4,6
1.0,0.01,0.5,New Mexico,40.0,40,40,40.0,9.1,9.0,11,1.4,2.0,57.7,57.0,75.0,69.5,28.0,28.0,23.9,25.0,27,4.4,5
1.0,0.05,2.0,New Mexico,40.0,40,40,40.0,12.1,12.0,14,2.0,5.0,54.5,49.0,59.6,52.5,28.0,28.0,35.5,35.5,38,4.6,6
0.5,0.01,2.0,New Mexico,40.0,40,40,40.0,9.2,9.0,14,1.3,4.0,60.3,57.0,74.4,74.0,28.0,28.0,28.2,26.5,37,4.9,7
0.5,0.05,1.0,New Mexico,40.0,40,40,40.0,9.0,9.0,10,1.8,4.0,51.2,49.0,56.1,57.0,28.0,28.0,32.4,32.5,37,5.0,6
2.0,0.25,1.0,New Mexico,40.0,40,40,40.0,12.4,12.0,13,1.1,3.0,45.0,45.0,47.4,49.0,28.0,28.0,32.9,32.5,35,5.1,6
1.0,0.05,0.5,New Mexico,40.0,40,40,40.0,10.9,10.5,13,1.8,3.0,49.8,49.0,62.5,58.0,28.0,28.0,33.7,34.0,38,5.2,6
1.0,0.05,1.0,New Mexico,40.0,40,40,40.0,11.0,11.0,12,1.9,3.0,51.2,49.0,59.8,59.0,28.0,28.0,33.3,33.0,38,5.2,6
0.5,0.05,0.5,New Mexico,40.0,40,40,40.0,7.9,8.0,10,2.6,5.0,57.3,52.5,69.0,63.0,28.0,28.0,32.3,32.0,37,5.3,6
1.0,0.25,1.0,New Mexico,40.0,40,40,40.0,12.1,12.0,13,1.6,3.0,46.4,49.0,51.2,49.0,28.0,28.0,32.4,32.5,36,5.4,6
2.0,0.05,0.5,New Mexico,40.0,40,40,40.0,11.1,11.0,13,1.4,4.0,49.3,48.0,56.6,49.0,28.0,28.0,33.0,32.5,36,5.4,7
2.0,0.05,2.0,New Mexico,40.0,40,40,40.0,11.7,11.0,14,1.9,5.0,51.9,49.0,61.4,58.0,28.0,28.0,34.7,34.5,40,5.4,6
2.0,0.1,0.5,New Mexico,40.0,40,40,40.0,11.1,11.0,12,1.8,2.0,48.4,49.0,53.6,49.0,28.0,28.0,35.9,36.5,39,5.4,6
0.5,0.25,1.0,New Mexico,40.0,40,40,40.0,9.2,9.0,11,1.6,3.0,46.6,49.0,52.2,49.0,28.0,28.0,31.5,32.0,34,5.5,6
2.0,0.1,2.0,New Mexico,40.0,40,40,40.0,11.9,12.0,13,2.2,6.0,50.9,49.0,58.1,56.0,28.0,28.0,35.5,36.0,41,5.5,7
0.5,0.1,0.5,New Mexico,40.0,40,40,40.0,7.2,7.0,9,2.0,3.0,48.2,49.0,56.2,59.0,28.0,28.0,31.0,31.0,37,5.5,6
1.0,0.25,2.0,New Mexico,40.0,40,40,40.0,11.8,12.0,13,1.4,3.0,45.8,49.0,51.4,49.0,28.0,28.0,33.3,33.0,37,5.6,7
0.5,0.25,0.5,New Mexico,40.0,40,40,40.0,7.7,8.0,9,1.6,3.0,45.8,49.0,50.8,54.0,28.0,28.0,29.1,29.0,34,5.6,6
2.0,0.25,2.0,New Mexico,40.0,40,40,40.0,11.7,12.0,13,1.2,3.0,45.0,45.0,49.8,49.0,28.0,28.0,33.4,33.0,36,5.6,7
2.0,0.25,0.5,New Mexico,40.0,40,40,40.0,12.0,12.0,13,0.7,3.0,43.4,41.0,48.0,45.0,28.0,28.0,32.7,32.5,39,5.6,7
1.0,0.1,0.5,New Mexico,40.0,40,40,40.0,10.8,11.0,11,2.2,3.0,48.8,49.0,56.4,59.0,28.0,28.0,31.2,31.0,34,5.6,6
2.0,0.05,1.0,New Mexico,40.0,40,40,40.0,11.2,11.0,13,2.3,4.0,51.8,49.0,65.0,59.0,28.0,28.0,33.4,34.0,37,5.7,7
0.5,0.1,1.0,New Mexico,40.0,40,40,40.0,8.8,8.5,11,2.3,5.0,51.1,49.0,59.2,59.0,28.0,28.0,32.7,33.0,36,5.7,6
1.0,0.1,2.0,New Mexico,40.0,40,40,40.0,11.5,11.5,13,1.9,4.0,50.5,49.0,58.7,59.0,28.0,28.0,36.8,36.5,43,5.7,7
1.0,0.1,1.0,New Mexico,40.0,40,40,40.0,11.0,11.0,12,1.6,3.0,47.6,49.0,56.8,54.0,28.0,28.0,34.0,34.0,36,5.7,7
0.5,0.25,2.0,New Mexico,40.0,40,40,40.0,11.5,11.5,12,1.5,3.0,45.8,49.0,52.4,54.0,28.0,28.0,32.4,34.0,38,5.8,6
2.0,0.1,1.0,New Mexico,40.0,40,40,40.0,11.5,11.0,13,1.6,3.0,47.6,49.0,56.6,59.0,28.0,28.0,34.7,34.5,40,5.8,7
0.5,0.1,2.0,New Mexico,40.0,40,40,40.0,10.9,11.0,13,2.1,3.0,47.8,49.0,56.8,59.0,28.0,28.0,32.5,32.5,38,5.8,7
1.0,0.25,0.5,New Mexico,40.0,40,40,40.0,11.3,11.0,13,1.4,3.0,45.8,49.0,52.6,59.0,28.0,28.0,30.3,30.5,33,5.9,7
0.5,0.05,2.0,New Mexico,40.0,40,40,40.0,10.3,10.5,11,2.4,5.0,55.8,49.0,72.9,59.0,28.0,28.0,33.6,33.0,40,6.2,7
1.0,0.1,2.0,Michigan,40.0,39,44,39.0,42.5,43.0,48,0.9,1.0,51.8,51.0,62.8,58.0,54.1,53.0,20.4,18.5,29,22.2,28
1.0,0.05,0.5,Iowa,40.0,38,44,38.0,24.4,24.0,28,1.1,3.0,49.0,50.0,54.7,53.5,37.7,39.0,119.2,118.5,132,60.2,64
1.0,0.1,2.0,Iowa,40.0,38,54,38.0,26.6,26.0,30,0.2,1.0,46.9,44.0,49.7,47.0,41.4,39.0,133.7,134.0,143,60.5,64
2.0,0.01,0.5,New Mexico,40.1,40,41,40.0,10.8,10.5,13,1.3,4.0,57.3,53.0,73.8,69.5,28.0,28.0,31.8,33.5,37,4.5,6
1.0,0.01,1.0,New Mexico,40.1,40,41,40.0,9.4,10.0,11,1.7,5.0,65.2,57.0,86.5,77.0,28.0,28.0,28.4,28.0,35,4.5,7
ALL,ALL,ALL,New Mexico,40.16388888888889,40,57,40.0,10.330555555555556,11.0,14,1.6861111111111111,6.0,51.675,49.0,61.602777777777774,59.0,28.0,28.0,32.016666666666666,32.0,43,5.280555555555556,7
0.5,0.05,2.0,Michigan,40.2,39,51,39.0,43.1,43.0,46,1.5,2.0,66.7,69.0,73.4,74.0,57.0,53.0,20.0,20.5,24,17.9,22
2.0,0.1,1.0,Michigan,40.2,39,51,39.0,42.5,41.0,48,0.8,1.0,52.8,54.5,59.7,58.0,53.4,53.0,22.0,21.5,28,22.2,26
0.5,0.25,2.0,South Dakota,40.4,38,42,42.0,46.7,47.0,48,0.0,0.0,42.4,42.0,42.9,43.0,46.1,50.5,11.0,10.5,15,2.0,4
2.0,0.25,0.5,South Dakota,40.4,38,42,42.0,46.5,46.0,48,0.0,0.0,42.2,42.0,42.9,43.0,47.9,50.0,15.1,14.5,19,3.5,5
0.5,0.25,2.0,Indiana,40.4,39,53,39.0,57.7,57.0,62,0.0,0.0,53.1,53.0,54.4,54.0,35.6,28.0,22.3,22.0,27,11.8,15
1.0,0.25,1.0,Indiana,40.4,39,53,39.0,57.4,57.5,63,0.0,0.0,53.1,53.0,54.8,54.0,39.4,28.0,23.5,23.0,28,12.6,14
2.0,0.25,2.0,Indiana,40.4,39,53,39.0,60.5,61.0,63,0.0,0.0,53.2,53.0,54.8,54.0,43.3,28.0,24.6,25.0,27,13.4,15
1.0,0.25,2.0,Indiana,40.4,39,53,39.0,59.6,60.5,63,0.0,0.0,53.1,53.0,54.4,54.0,39.4,28.0,23.8,24.0,28,13.7,17
0.5,0.1,0.5,Florida,40.5,39,48,39.0,6.4,7.0,9,2.3,6.0,47.3,48.0,60.7,53.0,28.0,28.0,28.6,29.0,32,21.7,25
1.0,0.1,1.0,Michigan,40.5,39,44,39.0,39.9,40.0,45,0.9,1.0,52.4,51.0,58.3,58.0,55.7,53.0,22.3,22.5,27,22.8,29
2.0,0.1,0.5,Florida,40.5,39,48,39.0,7.5,7.5,10,1.4,2.0,44.3,41.0,50.9,48.0,28.0,28.0,49.3,50.0,56,25.7,28
1.0,0.05,0.5,Minnesota,40.5,34,51,34.0,33.0,34.0,36,1.9,4.0,48.7,51.0,51.6,52.0,28.0,28.0,55.0,54.5,63,40.2,47
0.5,0.01,1.0,New Mexico,40.6,40,44,40.0,6.8,7.0,9,1.6,3.0,63.2,57.0,84.0,74.0,28.0,28.0,27.2,27.5,33,4.5,6
2.0,0.1,2.0,Pennsylvania,40.7,39,56,39.0,39.7,40.0,43,1.0,2.0,62.0,59.5,69.1,68.0,33.3,28.0,45.7,45.0,53,18.5,24
1.0,0.1,1.0,Pennsylvania,40.7,39,56,39.0,38.6,39.0,43,0.6,2.0,59.4,56.0,67.5,68.0,32.0,28.0,46.1,46.5,57,19.2,25
2.0,0.1,1.0,Pennsylvania,40.7,39,56,39.0,38.2,38.0,42,0.4,2.0,59.4,56.0,68.2,68.0,34.7,28.0,46.2,46.5,51,19.7,21
0.5,0.1,1.0,Pennsylvania,40.7,39,56,39.0,35.3,35.5,38,0.4,2.0,58.1,56.0,66.6,68.0,28.0,28.0,40.3,39.5,47,19.8,24
0.5,0.1,0.5,Pennsylvania,40.7,39,56,39.0,32.7,33.0,37,0.6,2.0,58.3,56.0,69.7,69.0,42.1,41.0,34.2,34.5,40,20.3,25
0.5,0.25,0.5,South Dakota,40.8,38,42,42.0,42.1,42.0,44,0.0,0.0,42.5,42.5,42.9,43.0,50.6,51.0,9.6,10.0,12,1.1,2
0.5,0.25,1.0,South Dakota,40.8,38,42,42.0,42.3,42.5,43,0.0,0.0,42.4,42.0,43.0,43.0,50.7,51.0,10.7,11.0,12,2.0,3
2.0,0.1,0.5,Montana,40.8,39,45,39.0,21.3,21.0,23,0.0,0.0,51.9,45.0,68.9,68.0,57.5,50.0,1.0,1.0,2,4.6,5
1.0,0.05,1.0,Minnesota,40.8,34,51,34.0,33.8,34.5,38,2.1,5.0,48.8,52.0,52.5,52.0,28.0,28.0,57.2,55.5,65,41.3,47
0.5,0.01,0.5,Kansas,40.9,31,49,46.0,27.3,27.0,33,0.0,0.0,49.1,49.0,58.0,58.0,51.5,39.5,5.6,5.5,9,1.8,4
1.0,0.1,0.5,Michigan,40.9,39,58,39.0,39.2,39.0,44,1.0,2.0,52.1,51.0,59.6,58.0,53.9,53.0,18.3,18.5,22,21.2,25
0.5,0.25,0.5,Georgia,41.0,41,41,41.0,30.6,30.5,33,1.2,2.0,57.0,56.0,62.1,59.5,45.0,45.0,7.9,8.0,9,7.1,9
1.0,0.25,0.5,Georgia,41.0,41,41,41.0,41.8,41.5,46,1.1,2.0,57.6,55.0,62.1,57.0,45.0,45.0,8.4,8.0,10,8.8,11
1.0,0.25,1.0,Georgia,41.0,41,41,41.0,47.7,47.5,51,1.0,1.0,55.4,55.0,57.9,57.0,45.0,45.0,8.5,8.0,11,9.0,11
2.0,0.25,2.0,Georgia,41.0,41,41,41.0,50.5,50.0,53,1.0,1.0,55.6,55.0,58.5,57.0,45.0,45.0,9.9,10.0,13,15.1,17
2.0,0.25,0.5,Wisconsin,41.0,41,41,41.0,49.4,49.0,53,0.0,0.0,43.3,42.0,44.5,43.0,28.0,28.0,91.4,90.5,99,16.1,18
2.0,0.25,2.0,Wisconsin,41.0,41,41,41.0,49.1,48.5,52,0.0,0.0,43.8,42.0,44.8,43.0,28.0,28.0,90.5,89.5,100,16.3,18
1.0,0.25,0.5,Wisconsin,41.0,41,41,41.0,47.8,47.0,50,0.0,0.0,43.5,42.0,44.7,43.0,30.3,28.0,91.9,93.5,99,17.2,19
2.0,0.25,1.0,Wisconsin,41.0,41,41,41.0,48.0,48.5,52,0.0,0.0,43.4,42.0,44.7,43.0,28.0,28.0,92.4,93.5,103,17.5,20
1.0,0.25,2.0,Wisconsin,41.0,41,41,41.0,47.5,47.5,50,0.0,0.0,42.9,42.0,43.8,43.0,28.0,28.0,90.9,91.0,95,17.7,19
0.5,0.25,2.0,Wisconsin,41.0,41,41,41.0,47.7,48.5,51,0.0,0.0,43.9,42.0,45.1,43.0,28.0,28.0,94.4,94.0,105,17.8,22
1.0,0.25,1.0,Wisconsin,41.0,41,41,41.0,47.4,47.5,50,0.0,0.0,43.8,42.0,45.1,43.0,28.0,28.0,94.5,95.0,100,18.2,24
1.0,0.1,1.0,Florida,41.0,39,48,39.0,7.3,7.5,9,2.0,6.0,47.8,44.5,60.0,50.5,28.0,28.0,44.3,43.0,53,25.2,27
1.0,0.1,0.5,Wisconsin,41.1,41,42,41.0,47.8,48.5,50,0.0,0.0,46.7,47.0,49.5,50.0,37.5,28.0,81.2,82.0,94,17.1,20
0.5,0.25,0.5,Wisconsin,41.1,41,42,41.0,45.2,46.5,47,0.0,0.0,43.5,42.0,44.9,43.0,28.0,28.0,76.5,78.5,83,17.3,23
0.5,0.25,1.0,Wisconsin,41.1,41,42,41.0,46.9,47.5,50,0.0,0.0,42.6,42.0,44.1,43.0,28.0,28.0,94.7,94.0,102,18.0,23
2.0,0.1,1.0,Wisconsin,41.1,41,42,41.0,45.7,45.5,50,0.0,0.0,47.7,47.0,51.3,51.5,28.0,28.0,81.6,80.0,92,19.0,24
2.0,0.25,1.0,South Dakota,41.2,38,42,42.0,46.2,47.0,47,0.0,0.0,42.5,42.5,42.9,43.0,39.1,39.0,15.0,15.5,18,3.8,7
2.0,0.25,2.0,South Dakota,41.2,38,42,42.0,45.5,45.5,48,0.0,0.0,42.4,42.0,43.0,43.0,28.0,28.0,16.5,17.0,19,4.6,8
2.0,0.1,2.0,Wisconsin,41.2,41,42,41.0,45.3,45.0,48,0.0,0.0,47.1,45.0,50.0,49.0,30.0,28.0,88.4,87.0,106,19.6,22
2.0,0.1,0.5,Wisconsin,41.2,41,42,41.0,44.8,44.5,48,0.1,1.0,48.3,48.0,51.2,50.0,31.7,28.0,83.3,83.0,89,19.6,23
0.5,0.1,2.0,Florida,41.2,39,48,39.0,8.3,8.5,10,1.2,2.0,44.8,41.0,53.2,48.0,28.0,28.0,43.1,44.0,51,24.3,27
0.5,0.1,2.0,South Dakota,41.3,38,43,42.0,43.7,43.5,45,0.0,0.0,42.9,43.0,43.6,43.0,48.5,51.0,12.7,13.0,20,3.4,5
0.5,0.1,1.0,Wisconsin,41.3,41,42,41.0,45.4,45.5,50,0.0,0.0,46.4,47.0,50.6,49.5,28.0,28.0,83.0,81.0,91,18.4,21
0.5,0.1,0.5,Wisconsin,41.3,41,42,41.0,43.6,44.0,47,0.0,0.0,45.1,43.0,48.8,48.0,30.0,28.0,73.1,72.0,82,19.3,23
2.0,0.1,0.5,South Dakota,41.4,38,43,42.0,45.7,45.5,48,0.0,0.0,42.6,43.0,43.1,43.0,41.6,50.0,14.2,14.0,16,3.6,5
2.0,0.05,0.5,Iowa,41.4,38,52,40.0,26.0,25.5,32,0.2,1.0,44.4,44.0,47.1,45.0,42.7,41.0,121.8,124.0,131,59.9,65
1.0,0.25,1.0,South Dakota,41.6,38,42,42.0,47.2,47.0,49,0.0,0.0,42.4,42.0,42.9,43.0,48.2,50.5,12.9,13.0,15,2.8,5
1.0,0.25,2.0,South Dakota,41.6,38,42,42.0,46.0,45.5,48,0.0,0.0,42.3,42.0,42.9,43.0,48.5,51.0,14.7,15.5,18,4.1,6
0.5,0.1,1.0,Florida,41.6,39,48,41.0,8.7,9.0,11,2.3,6.0,48.5,48.0,59.8,53.0,28.0,28.0,33.6,34.5,35,21.6,25
0.5,0.05,0.5,Kansas,41.7,31,46,46.0,36.0,36.5,38,0.0,0.0,45.8,49.0,54.6,57.0,28.0,28.0,10.4,10.0,13,3.6,5
0.5,0.01,0.5,New Mexico,41.7,40,57,40.0,6.9,6.5,9,1.4,5.0,61.8,57.0,75.1,74.0,28.0,28.0,21.5,20.5,28,3.8,6
1.0,0.01,2.0,New Mexico,41.7,40,57,40.0,10.2,10.0,13,1.3,2.0,59.1,57.0,77.6,77.0,28.0,28.0,31.4,31.5,35,4.9,6
2.0,0.01,2.0,New Mexico,41.7,40,57,40.0,9.9,10.0,13,1.7,4.0,57.4,53.0,68.7,64.5,28.0,28.0,32.4,32.0,39,5.4,7
0.5,0.1,0.5,Indiana,41.8,39,53,39.0,44.5,44.0,50,0.0,0.0,53.2,53.0,55.2,54.0,68.6,66.0,16.2,16.0,21,9.6,15
2.0,0.1,0.5,Indiana,41.8,39,53,39.0,57.1,57.5,61,0.0,0.0,53.4,53.0,56.0,56.0,36.2,28.0,21.8,21.0,27,9.9,15
1.0,0.1,1.0,Indiana,41.8,39,53,39.0,55.3,55.5,59,0.0,0.0,53.5,53.5,57.2,58.0,31.8,28.0,19.8,19.5,23,10.9,14
2.0,0.1,1.0,Indiana,41.8,39,53,39.0,58.4,58.0,61,0.0,0.0,54.1,53.0,57.9,58.0,28.0,28.0,21.9,23.0,27,12.0,15
1.0,0.1,2.0,Indiana,41.8,39,53,39.0,58.3,58.0,62,0.0,0.0,54.6,53.0,58.1,58.0,32.4,28.0,20.8,22.0,27,12.4,15
1.0,0.1,1.0,Wisconsin,41.8,41,47,41.0,45.7,45.0,50,0.0,0.0,46.9,45.0,50.0,48.0,28.0,28.0,90.9,87.0,111,19.0,22
0.5,0.05,1.0,Indiana,41.9,39,54,39.0,46.8,46.5,51,0.0,0.0,54.9,54.0,61.2,58.0,31.8,28.0,14.8,14.0,18,9.6,13
2.0,0.05,1.0,Idaho,41.9,35,53,40.5,12.2,12.5,15,4.3,11.0,54.4,53.0,62.9,61.0,28.0,28.0,60.7,61.5,66,17.2,20
0.5,0.1,2.0,Wisconsin,41.9,41,47,41.0,46.3,46.0,50,0.0,0.0,47.4,47.0,49.9,49.5,28.0,28.0,86.0,88.5,92,18.8,22
1.0,0.25,0.5,South Dakota,42.0,42,42,42.0,43.9,44.0,46,0.0,0.0,42.9,43.0,43.0,43.0,48.4,51.0,12.0,12.5,16,3.2,6
1.0,0.1,0.5,South Dakota,42.0,42,42,42.0,42.0,42.0,45,0.0,0.0,43.0,43.0,43.7,43.0,48.7,51.0,12.1,12.5,15,3.2,5
0.5,0.25,0.5,Colorado,42.0,42,42,42.0,19.1,19.0,21,0.0,0.0,44.6,45.0,46.5,47.0,28.0,28.0,21.7,22.0,25,6.9,8
2.0,0.25,1.0,Colorado,42.0,42,42,42.0,24.0,24.0,25,0.0,0.0,44.5,44.5,46.3,46.0,28.0,28.0,42.9,42.5,46,10.0,11
2.0,0.25,2.0,Colorado,42.0,42,42,42.0,24.0,24.0,25,0.0,0.0,44.5,44.5,46.2,46.0,28.0,28.0,42.2,41.5,46,10.0,11
1.0,0.25,1.0,Colorado,42.0,42,42,42.0,23.5,24.0,24,0.0,0.0,44.7,45.0,46.8,48.0,28.0,28.0,39.9,39.5,44,10.5,12
2.0,0.05,0.5,Pennsylvania,42.0,39,69,39.0,39.6,39.5,46,0.5,2.0,63.7,65.5,70.2,68.5,37.2,28.0,41.8,43.0,48,16.5,20
1.0,0.1,2.0,Idaho,42.0,35,53,40.5,12.9,13.0,16,3.9,9.0,51.1,53.0,55.4,53.0,28.0,28.0,57.5,57.5,65,16.6,19
ALL,ALL,ALL,Idaho,42.15277777777778,35,53,35.0,11.877777777777778,12.0,17,4.497222222222222,11.0,51.733333333333334,53.0,62.82222222222222,59.0,28.855555555555554,28.0,54.93055555555556,56.0,72,15.519444444444444,20
0.5,0.1,1.0,South Dakota,42.2,38,48,42.0,40.7,41.0,43,0.0,0.0,43.9,43.0,45.1,44.0,51.8,51.0,10.9,10.5,13,1.9,4
0.5,0.25,1.0,Colorado,42.2,42,44,42.0,21.7,22.0,23,0.0,0.0,44.7,45.0,47.2,48.0,28.0,28.0,27.3,27.0,30,8.2,10
1.0,0.25,0.5,Colorado,42.2,42,44,42.0,21.9,22.0,23,0.0,0.0,44.6,45.0,46.9,48.0,28.0,28.0,30.3,30.0,34,9.8,11
0.5,0.25,2.0,Colorado,42.2,42,44,42.0,23.1,23.5,24,0.0,0.0,44.7,45.0,46.9,48.0,28.0,28.0,38.8,39.0,42,10.8,12
2.0,0.25,0.5,Colorado,42.2,42,44,42.0,22.6,22.0,25,0.0,0.0,44.4,44.0,46.3,46.5,28.0,28.0,42.0,42.5,46,11.4,13
2.0,0.1,2.0,Indiana,42.3,39,58,39.0,58.0,58.5,61,0.0,0.0,55.9,53.0,59.2,58.0,28.0,28.0,22.0,22.0,30,12.3,14
1.0,0.1,1.0,South Dakota,42.4,38,48,42.0,45.2,46.0,47,0.0,0.0,43.9,43.0,44.8,43.0,46.2,51.0,13.3,12.5,17,3.3,5
2.0,0.1,2.0,Idaho,42.4,35,53,40.5,12.6,13.0,15,3.7,8.0,51.0,53.0,55.7,53.0,28.0,28.0,57.1,58.5,62,16.5,19
1.0,0.05,2.0,Iowa,42.4,38,54,43.0,26.5,26.0,36,1.2,10.0,47.9,45.0,53.8,50.0,44.1,45.5,123.6,124.0,136,60.2,65
0.5,0.1,0.5,Montana,42.5,39,68,39.0,15.9,16.0,17,0.0,0.0,49.9,45.0,70.8,68.0,53.75,50.0,1.0,1.0,2,2.0,3
2.0,0.1,1.0,South Dakota,42.5,38,48,42.0,46.3,46.0,48,0.0,0.0,44.1,43.0,45.4,43.0,28.0,28.0,17.5,17.5,22,3.2,4
2.0,0.05,0.5,Wisconsin,42.5,41,49,41.0,44.0,44.0,47,0.0,0.0,50.0,50.5,54.0,57.0,38.4,28.0,85.3,84.5,103,20.5,22
1.0,0.05,1.0,Idaho,42.6,35,53,40.5,12.5,13.0,14,4.5,9.0,51.0,53.0,61.4,61.0,28.0,28.0,59.1,60.0,65,16.3,19
1.0,0.05,1.0,Iowa,42.6,38,54,40.0,24.9,24.5,31,2.1,7.0,50.9,47.5,54.1,50.5,41.8,39.0,118.5,118.0,139,60.7,67
2.0,0.05,2.0,Iowa,42.6,38,54,40.0,26.2,25.0,35,1.1,8.0,49.2,44.0,53.2,50.0,42.3,39.0,128.9,129.5,143,61.9,69
0.5,0.1,0.5,South Dakota,42.8,42,48,42.0,37.7,38.5,40,0.0,0.0,44.1,43.0,44.8,43.0,52.3,51.0,8.9,9.0,11,1.9,3
1.0,0.25,2.0,Colorado,42.8,42,45,42.0,23.6,24.0,25,0.2,1.0,45.3,45.0,47.3,48.0,28.0,28.0,42.9,43.5,45,10.4,12
2.0,0.1,1.0,Florida,42.8,39,48,40.0,6.9,6.5,10,2.3,7.0,48.8,48.0,61.6,57.5,28.0,28.0,52.0,53.5,58,27.1,29
0.5,0.1,0.5,Colorado,42.9,42,45,42.0,16.8,17.0,18,0.6,4.0,46.9,45.0,49.5,48.0,28.0,28.0,22.4,21.5,27,7.3,9
1.0,0.1,1.0,Colorado,42.9,42,45,42.0,22.2,23.0,24,1.2,6.0,48.8,45.0,51.5,48.0,28.0,28.0,41.8,42.5,47,11.3,14
0.5,0.05,1.0,Pennsylvania,42.9,39,78,39.0,37.6,36.5,42,0.6,2.0,66.0,68.0,72.8,72.0,35.7,28.0,34.1,33.5,39,15.6,17
0.5,0.05,0.5,Minnesota,42.9,34,51,41.0,30.5,31.0,33,1.1,4.0,50.2,48.0,53.4,51.5,32.2,28.0,48.2,48.0,53,37.6,41
0.5,0.05,1.0,South Dakota,43.0,42,48,42.5,37.8,37.5,40,0.0,0.0,44.8,43.5,46.3,45.0,52.5,51.0,9.5,9.5,12,2.3,4
2.0,0.1,2.0,South Dakota,43.0,42,48,42.5,45.4,45.5,48,0.0,0.0,44.2,43.0,45.0,44.0,28.0,28.0,19.0,19.5,23,4.4,7
1.0,0.1,0.5,Florida,43.0,39,48,41.0,8.7,9.0,10,2.5,6.0,49.3,48.0,67.2,76.0,28.0,28.0,37.8,38.0,42,21.8,26
2.0,0.1,2.0,Florida,43.0,39,48,41.0,6.4,6.5,8,2.4,6.0,50.9,48.0,64.7,69.0,30.4,28.0,52.5,52.5,60,27.6,29
ALL,ALL,ALL,Iowa,43.09444444444444,38,73,38.0,26.322222222222223,26.0,36,1.2916666666666667,10.0,49.81111111111111,44.0,53.76111111111111,45.0,40.30555555555556,39.0,117.18055555555556,121.0,146,58.68888888888889,69
2.0,0.25,0.5,Arizona,43.1,41,49,41.0,10.5,10.5,11,0.0,0.0,47.9,46.5,55.4,55.0,85.9,91.0,3.4,3.5,5,0.9,1
1.0,0.1,0.5,Montana,43.1,39,68,39.0,17.2,17.0,19,0.0,0.0,52.5,45.0,75.4,68.0,50.0,50.0,0.5,0.5,1,3.8,5
0.5,0.25,2.0,Georgia,43.1,41,62,41.0,45.6,45.5,48,0.9,1.0,57.8,56.0,63.4,59.5,52.2,45.0,8.2,9.0,11,9.9,11
2.0,0.25,0.5,California,43.1,40,55,40.0,5.7,6.0,8,15.6,23.0,79.5,91.0,95.1,92.0,28.0,28.0,95.6,97.5,111,30.0,32
2.0,0.1,1.0,Colorado,43.2,42,45,42.0,24.3,24.5,26,1.2,4.0,50.0,45.0,52.5,48.0,28.0,28.0,44.9,43.5,54,9.7,12
1.0,0.1,0.5,Colorado,43.2,42,45,42.0,20.9,21.0,23,0.7,4.0,47.6,45.0,50.5,48.0,28.0,28.0,33.5,32.5,39,9.7,12
0.5,0.1,2.0,Indiana,43.2,39,53,39.0,56.2,56.0,61,0.0,0.0,53.4,53.0,56.4,58.0,28.0,28.0,18.1,17.0,24,9.8,14
2.0,0.1,0.5,Colorado,43.2,42,45,42.0,23.5,23.5,25,0.4,1.0,46.2,45.0,50.7,48.0,28.0,28.0,41.5,40.5,47,10.3,12
0.5,0.1,1.0,Indiana,43.2,39,53,39.0,48.2,48.5,51,0.0,0.0,54.1,53.0,57.3,56.0,31.8,28.0,17.8,18.0,20,11.3,14
1.0,0.1,2.0,Florida,43.2,39,48,41.0,7.9,8.0,11,3.4,13.0,52.5,48.0,66.7,69.0,28.0,28.0,48.7,48.5,53,25.7,28
2.0,0.25,2.0,California,43.3,40,53,42.5,5.9,6.0,8,16.9,24.0,84.0,91.0,94.1,92.0,28.0,28.0,91.6,92.0,106,29.8,31
1.0,0.01,0.5,Kansas,43.4,33,46,46.0,38.5,38.0,44,0.0,0.0,49.9,49.0,57.7,58.0,49.4,28.0,10.6,11.0,16,5.5,9
0.5,0.01,2.0,Kansas,43.4,33,46,46.0,42.2,43.5,45,0.0,0.0,50.7,49.0,58.9,58.0,47.9,28.0,13.4,13.5,18,6.3,8
2.0,0.01,2.0,Kansas,43.4,31,58,46.0,52.7,52.0,57,0.0,0.0,51.9,53.5,61.0,58.0,28.0,28.0,25.6,25.5,31,9.1,15
2.0,0.1,2.0,Michigan,43.4,39,58,39.0,42.8,41.0,49,0.8,1.0,52.8,51.0,60.8,58.0,57.4,53.0,22.1,21.5,28,22.2,27
1.0,0.05,2.0,Florida,43.4,39,48,41.0,8.0,8.0,10,3.0,16.0,53.3,48.0,65.7,53.0,28.0,28.0,46.5,46.0,54,25.5,28
2.0,0.05,0.5,Florida,43.5,39,48,43.5,8.0,8.0,10,2.2,5.0,50.7,50.5,71.6,76.0,28.0,28.0,43.3,43.0,56,25.0,26
2.0,0.05,1.0,South Dakota,43.6,38,48,42.5,44.3,44.0,47,0.0,0.0,46.7,43.0,48.8,45.0,30.3,28.0,18.4,19.0,22,3.6,6
1.0,0.25,0.5,California,43.6,40,51,45.0,5.9,6.0,7,17.9,20.0,85.8,91.0,92.9,92.0,28.0,28.0,93.8,91.0,108,29.6,30
0.5,0.25,2.0,California,43.6,40,51,45.0,5.9,6.0,7,18.1,20.0,88.4,91.0,93.9,92.0,28.0,28.0,94.2,94.0,106,29.6,31
1.0,0.25,2.0,California,43.6,40,51,45.0,6.0,6.0,7,15.2,20.0,76.1,81.5,92.7,92.0,28.0,28.0,90.9,90.0,103,30.0,32
0.5,0.05,2.0,Iowa,43.6,38,54,42.0,26.4,27.0,32,2.1,8.0,51.3,48.0,56.9,57.0,46.3,43.0,122.0,122.5,131,59.5,64
1.0,0.1,0.5,Indiana,43.7,39,58,39.0,52.7,53.0,55,0.0,0.0,54.9,53.0,58.5,58.0,28.0,28.0,18.4,16.5,29,9.5,11
0.5,0.1,2.0,Colorado,43.7,42,45,44.5,23.5,23.0,25,0.6,2.0,46.7,46.5,50.0,50.0,28.0,28.0,40.6,41.5,45,10.5,12
1.0,0.1,2.0,Colorado,43.7,42,45,44.5,22.2,22.0,24,1.8,4.0,53.6,52.0,57.6,55.5,28.0,28.0,46.2,46.0,54,11.7,15
0.5,0.25,1.0,Georgia,43.8,41,55,41.0,39.3,39.5,42,0.8,1.0,56.0,56.0,60.8,59.5,56.3,45.0,7.0,7.5,9,7.1,9
1.0,0.25,2.0,Georgia,43.8,41,55,41.0,50.2,50.0,52,0.8,1.0,55.8,55.0,58.9,57.0,56.5,45.0,8.2,9.0,10,11.1,14
2.0,0.05,1.0,Indiana,43.8,39,58,39.0,56.0,56.0,59,0.0,0.0,57.6,58.0,63.6,66.0,35.6,28.0,19.4,20.0,25,12.1,16
2.0,0.25,0.5,Georgia,43.8,41,55,41.0,46.6,47.5,50,0.8,1.0,56.2,57.0,59.9,61.5,53.2,45.0,8.9,9.0,10,12.3,16
0.5,0.05,1.0,Michigan,43.8,39,58,39.0,42.0,43.0,46,0.7,2.0,64.3,68.0,71.7,75.0,59.3,62.0,15.5,15.0,24,15.2,20
2.0,0.05,0.5,Colorado,43.9,42,45,44.5,22.4,22.5,24,1.2,4.0,50.2,46.5,53.5,50.0,28.0,28.0,45.6,45.5,54,11.2,13
2.0,0.25,1.0,California,43.9,40,53,42.5,6.4,6.0,9,13.0,20.0,71.8,72.0,85.1,91.0,28.0,28.0,88.5,89.0,104,29.4,31
ALL,ALL,ALL,Colorado,43.93333333333333,42,66,45.0,19.947222222222223,21.0,26,1.8027777777777778,8.0,53.87777777777778,48.0,62.51111111111111,55.0,28.05,28.0,40.013888888888886,42.0,61,10.9,17
1.0,0.05,2.0,South Dakota,44.0,42,48,43.0,43.3,44.0,45,0.0,0.0,47.2,45.0,49.0,47.0,48.4,51.0,16.1,16.0,20,3.7,6
2.0,0.05,0.5,South Dakota,44.1,42,58,42.0,43.2,43.0,45,0.0,0.0,45.3,43.0,46.5,45.0,41.7,50.5,15.2,15.0,19,3.5,5
1.0,0.05,1.0,South Dakota,44.1,38,48,42.5,42.9,43.0,46,0.0,0.0,48.5,43.0,51.2,45.0,44.4,51.0,14.4,15.0,18,4.1,7
2.0,0.05,2.0,South Dakota,44.1,42,48,43.0,44.8,45.0,47,0.0,0.0,47.4,44.0,49.9,46.0,28.0,28.0,17.3,17.0,21,4.1,7
0.5,0.1,1.0,Colorado,44.1,42,45,45.0,20.4,21.0,22,1.4,4.0,49.7,48.0,55.0,54.5,28.0,28.0,29.6,28.5,35,9.0,11
2.0,0.05,1.0,Colorado,44.1,42,45,45.0,23.0,23.5,25,2.3,5.0,54.6,51.5,61.5,58.0,28.0,28.0,49.3,48.5,57,11.0,15
2.0,0.25,2.0,Arizona,44.2,41,49,44.0,10.3,10.0,11,0.0,0.0,49.1,49.5,56.0,55.0,103.9,91.0,4.1,4.0,6,1.0,1
2.0,0.25,1.0,Arizona,44.3,41,49,44.0,10.4,10.0,11,0.0,0.0,49.1,49.0,57.4,57.0,74.9,91.0,4.1,4.0,6,0.9,1
2.0,0.1,2.0,Colorado,44.4,42,45,45.0,22.6,22.0,24,1.9,5.0,51.5,48.0,57.5,57.0,28.0,28.0,46.1,46.0,53,11.4,14
0.5,0.05,2.0,Colorado,44.4,42,45,45.0,20.1,20.0,24,2.8,5.0,58.0,61.5,64.6,66.0,28.0,28.0,46.0,45.0,51,13.1,15
2.0,0.25,1.0,Georgia,44.4,41,61,41.0,49.7,49.5,53,0.8,1.0,56.8,56.0,60.8,59.5,54.4,45.0,10.1,10.0,13,13.5,16
1.0,0.05,0.5,Idaho,44.4,35,53,46.0,11.4,11.0,15,2.8,9.0,51.4,53.0,60.5,59.0,29.1,28.0,54.1,54.0,63,15.1,18
1.0,0.1,2.0,South Dakota,44.5,42,48,42.5,45.3,45.5,48,0.0,0.0,47.5,45.0,49.1,47.0,54.2,51.0,16.3,16.0,19,3.8,6
0.5,0.05,1.0,Idaho,44.5,35,53,48.0,11.1,11.5,14,3.5,9.0,53.8,53.0,63.8,65.0,31.7,28.0,51.6,52.0,59,15.5,17
2.0,0.01,0.5,Kansas,44.6,33,58,46.0,46.3,46.0,53,0.0,0.0,50.8,49.0,59.7,58.0,45.1,28.0,19.8,19.0,29,8.6,12
0.5,0.05,1.0,Wisconsin,44.6,41,57,41.0,41.4,41.0,45,0.0,0.0,52.1,54.0,54.7,57.0,37.8,28.0,86.9,89.5,96,21.9,26
1.0,0.25,2.0,Arizona,44.7,41,48,47.0,10.5,10.5,11,0.0,0.0,49.7,51.0,54.2,55.0,114.6,91.0,4.1,5.0,5,0.8,1
0.5,0.25,1.0,Nebraska,44.7,44,45,45.0,37.5,37.0,40,0.0,0.0,47.0,47.0,51.2,51.0,66.8,70.0,3.0,3.0,4,3.3,4
1.0,0.01,1.0,Kansas,44.7,31,49,47.5,42.7,42.0,46,0.0,0.0,52.8,58.0,59.5,58.0,45.9,28.0,12.8,13.0,19,6.1,7
2.0,0.25,1.0,Nebraska,44.7,44,45,45.0,49.2,49.0,51,0.0,0.0,46.4,47.0,49.8,51.0,65.2,70.0,5.2,5.0,7,6.2,7
0.5,0.05,1.0,Colorado,44.7,42,45,45.0,17.2,17.0,19,2.6,5.0,55.9,56.0,63.0,64.0,28.0,28.0,31.1,31.0,41,10.9,14
1.0,0.05,2.0,Colorado,44.7,42,45,45.0,22.0,22.0,25,1.5,5.0,50.1,48.0,54.7,52.5,28.0,28.0,46.1,46.5,52,11.5,15
1.0,0.05,0.5,Colorado,44.7,42,45,45.0,18.7,19.0,20,2.5,5.0,55.0,53.5,59.7,62.5,29.8,28.0,39.2,40.5,46,11.5,14
2.0,0.05,2.0,Colorado,44.7,42,45,45.0,22.3,22.0,25,2.9,5.0,57.9,64.0,64.7,68.0,28.0,28.0,53.1,53.5,61,11.7,15
1.0,0.05,1.0,Colorado,44.7,42,45,45.0,20.5,20.0,23,2.5,4.0,56.0,57.0,62.7,63.0,28.0,28.0,48.0,46.5,59,12.8,15
1.0,0.05,2.0,Michigan,44.7,39,69,41.5,43.6,43.0,50,0.7,2.0,59.1,58.0,69.2,71.5,59.6,57.5,19.5,19.0,26,18.7,27
0.5,0.25,1.0,California,44.7,40,51,45.0,5.6,6.0,6,17.8,21.0,84.6,91.0,93.8,92.0,28.0,28.0,90.8,86.5,108,30.2,31
2.0,0.01,1.0,Kansas,44.8,31,58,46.0,49.1,50.0,53,0.1,1.0,49.6,49.0,59.9,58.0,28.0,28.0,26.9,26.5,33,9.4,12
2.0,0.05,2.0,Florida,44.8,39,48,48.0,7.0,6.0,11,5.7,18.0,61.8,53.0,77.3,76.0,28.0,28.0,50.2,49.0,58,26.9,30
0.5,0.25,0.5,California,44.8,40,51,45.0,5.6,6.0,6,18.2,21.0,85.4,91.0,94.7,92.0,28.0,28.0,77.9,75.0,90,30.0,31
0.5,0.25,0.5,Arizona,44.9,41,48,47.0,9.6,10.0,10,0.0,0.0,49.8,52.0,57.2,56.0,91.1,91.0,2.3,2.5,3,1.0,1
2.0,0.25,0.5,Nebraska,44.9,44,47,44.5,47.7,47.0,50,0.0,0.0,47.2,47.0,50.2,51.0,68.4,70.0,4.9,5.0,6,6.0,7
1.0,0.01,2.0,Kansas,44.9,33,58,46.0,49.4,49.0,53,0.1,1.0,53.5,49.0,60.7,58.0,31.4,28.0,19.5,20.0,25,7.1,10
2.0,0.05,0.5,Michigan,44.9,39,62,39.0,38.6,40.0,45,1.2,2.0,62.0,59.0,69.8,71.5,59.2,57.5,20.5,21.0,29,22.5,30
0.5,0.25,0.5,Nebraska,45.0,44,47,45.0,33.5,34.0,34,0.0,0.0,47.2,47.0,50.2,51.0,66.8,70.0,2.1,2.0,4,2.0,2
0.5,0.05,0.5,Colorado,45.0,45,45,45.0,14.8,15.0,20,2.4,5.0,55.6,53.5,66.4,66.0,28.0,28.0,28.3,29.0,35,9.8,12
0.5,0.01,1.0,Colorado,45.0,45,45,45.0,12.0,11.5,15,4.3,8.0,69.9,66.0,99.1,100.5,28.0,28.0,33.2,34.0,39,10.1,12
1.0,0.01,0.5,Colorado,45.0,45,45,45.0,12.7,12.5,18,4.0,5.0,65.1,66.0,90.2,83.0,28.0,28.0,38.0,37.0,43,11.5,15
1.0,0.01,1.0,Colorado,45.0,45,45,45.0,16.4,16.5,19,4.1,5.0,68.4,66.0,86.4,85.5,28.0,28.0,45.3,45.5,50,13.0,15
2.0,0.01,0.5,Colorado,45.0,45,45,45.0,17.6,18.0,19,3.0,4.0,62.3,65.0,82.9,80.0,28.0,28.0,49.0,48.5,56,13.2,15
0.5,0.01,2.0,Colorado,45.0,45,45,45.0,14.2,14.5,18,3.7,4.0,65.4,66.0,82.5,82.5,28.0,28.0,43.8,45.0,50,13.4,17
2.0,0.01,2.0,Colorado,45.0,45,45,45.0,17.7,18.0,19,3.8,5.0,65.2,66.0,85.7,80.0,28.0,28.0,49.7,48.0,60,13.7,15
1.0,0.05,0.5,Florida,45.0,39,48,48.0,7.7,7.5,10,4.7,12.0,63.4,57.5,77.9,77.5,28.0,28.0,34.1,33.0,43,20.4,23
1.0,0.25,0.5,Arizona,45.1,41,52,47.0,10.0,10.0,10,0.0,0.0,49.5,51.0,55.8,55.0,91.2,91.0,3.9,4.0,5,1.0,1
0.5,0.25,2.0,Arizona,45.1,41,52,47.0,10.0,10.0,11,0.0,0.0,49.8,51.5,57.4,57.0,91.1,91.0,4.4,4.0,6,1.2,2
1.0,0.05,0.5,Indiana,45.1,39,58,39.0,49.3,49.5,53,0.0,0.0,59.1,56.0,63.4,66.0,41.4,28.0,15.1,16.0,19,9.0,12
1.0,0.25,0.5,Nebraska,45.2,44,47,45.0,42.1,42.0,44,0.0,0.0,47.6,47.0,50.4,51.0,70.0,70.0,4.1,4.0,6,4.3,5
0.5,0.25,2.0,Nebraska,45.2,44,47,45.0,45.4,45.5,47,0.0,0.0,48.0,47.0,51.2,51.0,68.4,70.0,4.8,4.5,6,4.4,5
2.0,0.25,2.0,Nebraska,45.2,44,47,45.0,49.9,50.0,51,0.0,0.0,47.8,47.0,50.8,51.0,70.0,70.0,4.0,4.0,6,5.9,6
1.0,0.05,2.0,Wisconsin,45.2,41,62,41.5,42.3,42.0,47,0.1,1.0,51.4,52.0,55.0,55.5,39.8,28.0,82.8,79.5,103,22.4,25
0.5,0.05,2.0,Florida,45.3,39,48,48.0,9.3,9.5,12,3.8,15.0,59.7,53.0,80.8,78.5,28.0,28.0,38.8,39.5,44,22.6,27
0.5,0.05,0.5,Iowa,45.3,38,54,44.5,23.3,24.0,28,2.0,8.0,53.3,54.0,58.7,60.0,49.0,49.0,96.6,94.5,112,57.3,63
0.5,0.25,1.0,Arizona,45.4,41,48,47.0,9.9,10.0,10,0.0,0.0,50.2,52.0,57.0,57.0,91.1,91.0,3.1,3.0,5,1.0,1
1.0,0.25,1.0,Nebraska,45.4,44,47,45.0,47.1,47.0,50,0.0,0.0,47.8,47.0,50.8,51.0,66.8,70.0,5.6,6.0,7,4.2,5
1.0,0.25,2.0,Nebraska,45.5,44,47,45.0,49.1,49.0,52,0.0,0.0,48.4,47.0,51.4,51.0,70.0,70.0,4.6,5.0,6,5.2,6
0.5,0.05,0.5,Michigan,45.5,39,74,39.0,36.0,36.0,40,0.9,2.0,61.6,58.0,72.3,74.0,59.7,53.0,14.6,15.0,19,13.1,17
2.0,0.05,1.0,Florida,45.5,39,48,48.0,7.8,8.0,9,4.1,16.0,61.5,53.0,79.0,62.0,28.0,28.0,48.2,47.0,59,26.1,28
0.5,0.05,1.0,Florida,45.7,39,48,48.0,9.6,9.5,11,1.8,9.0,54.3,53.0,67.7,76.0,34.6,28.0,29.1,29.5,38,18.7,20
2.0,0.1,0.5,Nebraska,45.8,45,47,45.0,45.2,45.0,47,0.0,0.0,48.6,47.0,51.8,51.0,63.2,62.0,5.6,6.0,7,6.3,8
1.0,0.01,2.0,Colorado,45.8,45,53,45.0,17.9,18.0,20,3.8,6.0,68.7,66.0,92.8,100.0,28.0,28.0,47.3,47.0,55,13.4,16
2.0,0.05,2.0,Idaho,45.9,35,53,48.0,11.6,11.5,13,3.0,10.0,53.5,53.0,63.0,63.0,28.0,28.0,61.3,61.0,68,16.5,18
ALL,ALL,ALL,South Dakota,45.916666666666664,38,64,42.0,41.27777777777778,43.0,49,0.0,0.0,48.90833333333333,43.0,50.43888888888889,45.0,51.21388888888889,51.0,12.280555555555555,12.0,23,2.922222222222222,8
0.5,0.05,0.5,Indiana,46.0,39,53,46.0,40.0,40.5,46,0.0,0.0,61.4,66.5,67.6,67.5,81.8,84.5,12.0,12.0,17,10.9,13
ALL,ALL,ALL,Florida,46.077777777777776,39,183,41.0,7.486111111111111,8.0,12,3.2777777777777777,27.0,66.66666666666667,48.0,85.41782729805014,76.0,32.888888888888886,28.0,38.69444444444444,39.5,67,23.294444444444444,30
1.0,0.25,1.0,Arizona,46.1,41,52,47.0,10.3,10.0,11,0.0,0.0,50.0,51.5,55.4,56.0,91.1,91.0,3.8,3.5,6,0.9,1
1.0,0.05,0.5,South Dakota,46.1,42,58,44.0,40.3,40.0,42,0.0,0.0,49.5,46.0,51.4,47.5,45.2,51.0,11.9,12.0,15,2.3,4
0.5,0.05,2.0,South Dakota,46.2,43,58,44.0,41.8,42.0,44,0.0,0.0,49.8,46.0,51.9,47.0,50.4,51.0,10.9,11.0,14,3.5,6
2.0,0.05,0.5,Nebraska,46.2,44,47,47.0,42.5,42.5,45,0.0,0.0,50.1,51.0,54.5,53.0,72.0,70.0,4.6,5.0,6,5.2,7
2.0,0.1,2.0,Nebraska,46.2,45,47,47.0,48.5,49.0,51,0.0,0.0,49.7,51.0,52.8,53.0,66.1,70.0,4.6,5.0,6,6.0,7
1.0,0.1,2.0,Wisconsin,46.2,41,62,41.5,45.2,45.0,48,0.0,0.0,49.7,46.5,52.2,50.0,30.0,28.0,86.1,87.0,95,19.6,22
0.5,0.01,0.5,Minnesota,46.2,34,59,51.0,29.7,30.0,36,2.1,8.0,57.5,59.0,59.7,61.0,47.7,53.0,37.1,35.0,46,30.9,37
1.0,0.1,1.0,Nebraska,46.3,44,47,47.0,45.1,45.0,48,0.0,0.0,49.9,51.0,52.6,53.0,64.3,54.0,5.3,5.0,7,4.5,5
1.0,0.05,0.5,Michigan,46.3,39,74,39.0,41.1,41.5,45,0.7,2.0,62.0,58.0,71.3,74.0,60.9,57.5,18.1,18.0,22,17.4,21
ALL,ALL,ALL,Nebraska,46.31388888888889,44,47,47.0,40.19166666666667,41.0,52,0.03333333333333333,1.0,51.98888888888889,51.0,59.727777777777774,53.0,84.80952380952381,70.0,4.32033426183844,4.0,9,4.158333333333333,8
0.5,0.1,0.5,Nebraska,46.4,45,47,47.0,30.4,30.5,33,0.0,0.0,50.1,51.0,53.0,53.0,63.4,70.0,2.5,2.5,4,1.8,3
1.0,0.1,2.0,Nebraska,46.4,45,47,47.0,47.6,47.5,51,0.0,0.0,50.4,51.0,53.5,53.0,60.1,54.0,5.6,5.5,8,4.7,6
2.0,0.1,1.0,Nebraska,46.4,45,47,47.0,47.7,47.5,50,0.0,0.0,50.5,51.0,53.2,53.0,74.2,70.0,4.6,5.0,6,5.8,7
1.0,0.05,2.0,Pennsylvania,46.4,39,84,39.0,38.0,37.5,44,1.4,5.0,66.5,68.0,75.4,72.0,45.7,41.0,41.8,42.5,50,18.8,22
0.5,0.1,2.0,Nebraska,46.5,44,47,47.0,43.8,44.0,45,0.0,0.0,50.2,51.0,52.6,53.0,66.4,54.0,5.3,5.5,7,4.2,5
1.0,0.05,1.0,Indiana,46.5,39,58,46.0,51.6,51.5,56,0.0,0.0,61.4,62.0,66.8,67.0,28.0,28.0,15.4,16.0,19,11.4,15
1.0,0.25,1.0,California,46.5,40,55,45.0,6.3,6.0,8,12.2,22.0,72.9,68.0,86.3,91.0,28.0,28.0,89.9,87.0,111,29.2,31
0.5,0.01,1.0,Kansas,46.6,46,49,46.0,36.4,37.5,43,0.0,0.0,51.7,49.0,58.0,58.0,50.2,51.0,7.5,7.5,10,3.4,6
1.0,0.05,1.0,Nebraska,46.6,45,47,47.0,43.1,44.0,47,0.0,0.0,52.0,53.0,59.7,54.0,72.0,70.0,4.9,4.5,8,4.0,5
1.0,0.1,0.5,Nebraska,46.6,45,47,47.0,39.1,40.0,41,0.0,0.0,50.6,51.0,52.8,53.0,68.2,70.0,3.8,4.0,5,4.1,5
0.5,0.05,2.0,Idaho,46.6,35,53,51.5,10.6,11.0,12,3.1,10.0,55.0,53.0,65.4,65.0,28.0,28.0,58.2,57.5,64,16.9,20
0.5,0.1,1.0,Nebraska,46.7,44,47,47.0,36.2,36.5,38,0.0,0.0,50.9,51.0,53.1,53.0,65.2,70.0,3.4,3.0,5,2.8,5
0.5,0.05,1.0,Nebraska,46.8,45,47,47.0,34.0,33.5,37,0.0,0.0,50.9,51.0,53.6,53.0,71.6,70.0,3.6,3.5,5,3.1,4
0.5,0.05,2.0,Nebraska,46.8,45,47,47.0,41.3,40.5,45,0.0,0.0,52.2,53.0,57.2,54.0,69.2,70.0,5.7,5.5,7,3.8,4
2.0,0.05,2.0,Nebraska,46.8,45,47,47.0,47.4,47.0,50,0.0,0.0,51.9,52.0,58.8,54.0,83.6,70.0,4.7,5.0,7,4.9,8
0.5,0.01,0.5,Colorado,46.9,45,64,45.0,9.6,9.5,13,3.6,6.0,67.0,66.0,87.6,80.0,28.0,28.0,24.6,25.5,29,9.1,10
1.0,0.1,1.0,Arizona,47.0,41,53,47.0,9.7,10.0,10,0.0,0.0,51.8,52.5,59.5,61.0,72.4,91.0,3.7,4.0,5,1.3,3
0.5,0.01,0.5,Nebraska,47.0,47,47,47.0,21.7,22.0,24,0.2,1.0,59.7,54.0,79.8,81.0,154.75,147.5,0.8888888888888888,1.0,1,1.5,3
0.5,0.05,0.5,Nebraska,47.0,47,47,47.0,30.3,30.0,33,0.0,0.0,53.5,54.0,64.5,65.5,79.2,79.0,2.1,2.0,4,2.1,3
0.5,0.01,1.0,Nebraska,47.0,47,47,47.0,26.1,25.5,33,0.2,1.0,60.6,54.0,80.1,81.0,98.0,100.0,2.1,2.0,4,2.9,4
1.0,0.01,1.0,Nebraska,47.0,47,47,47.0,34.3,34.0,38,0.1,1.0,60.4,54.0,80.1,82.5,140.7,147.5,4.6,4.0,7,3.0,4
1.0,0.01,0.5,Nebraska,47.0,47,47,47.0,28.8,28.0,33,0.0,0.0,54.4,54.0,75.7,75.0,110.0,79.0,3.3,3.0,7,3.2,4
1.0,0.05,0.5,Nebraska,47.0,47,47,47.0,36.8,37.0,39,0.0,0.0,52.4,52.0,55.8,54.0,83.0,70.0,3.8,4.0,5,3.7,4
2.0,0.01,0.5,Nebraska,47.0,47,47,47.0,37.0,37.0,39,0.1,1.0,56.1,54.0,77.4,79.5,138.5,118.5,5.8,6.0,8,3.9,6
0.5,0.01,2.0,Nebraska,47.0,47,47,47.0,32.6,32.0,34,0.0,0.0,53.7,54.0,74.3,72.0,132.7,108.0,4.0,4.0,5,3.9,5
2.0,0.01,2.0,Nebraska,47.0,47,47,47.0,39.6,41.0,42,0.2,1.0,61.7,54.0,75.6,78.0,141.4,86.5,6.4,6.0,9,4.0,7
1.0,0.01,2.0,Nebraska,47.0,47,47,47.0,38.0,38.0,42,0.3,1.0,63.1,56.5,81.0,81.0,140.6,143.0,5.0,5.0,7,4.3,6
2.0,0.01,1.0,Nebraska,47.0,47,47,47.0,38.3,38.0,41,0.1,1.0,56.7,54.0,79.2,84.0,115.2,73.0,5.1,5.5,7,4.4,7
1.0,0.05,2.0,Nebraska,47.0,47,47,47.0,44.1,43.5,48,0.0,0.0,52.0,51.0,55.5,53.0,84.9,70.0,5.2,5.5,7,4.6,6
2.0,0.05,1.0,Nebraska,47.0,47,47,47.0,45.9,46.0,47,0.0,0.0,51.9,51.0,56.0,53.0,77.6,74.5,4.4,4.5,8,5.5,7
2.0,0.05,2.0,Michigan,47.0,39,69,39.0,43.9,43.0,48,0.7,2.0,63.8,67.0,69.8,71.5,64.8,57.5,20.6,20.5,27,19.1,23
2.0,0.05,2.0,Wisconsin,47.0,41,62,42.0,44.3,44.0,48,0.0,0.0,52.0,51.0,56.0,57.0,39.6,28.0,90.5,91.0,115,20.1,23
2.0,0.01,1.0,Colorado,47.1,45,66,45.0,19.1,18.5,24,3.9,8.0,71.3,66.0,97.2,100.0,28.0,28.0,48.3,49.5,57,12.6,15
0.5,0.05,0.5,Florida,47.1,39,48,48.0,6.0,6.0,11,8.1,17.0,72.0,83.0,99.6,106.5,28.0,28.0,25.9,27.0,31,18.4,21
1.0,0.05,1.0,Florida,47.1,39,48,48.0,8.8,9.0,11,4.4,17.0,61.3,53.0,79.9,76.0,28.0,28.0,40.8,39.0,51,23.7,26
2.0,0.05,2.0,Indiana,47.2,39,64,46.0,55.5,56.5,61,0.0,0.0,59.6,58.0,66.5,67.0,40.6,28.0,18.7,18.0,25,12.3,15
2.0,0.05,1.0,Michigan,47.4,39,74,39.0,44.4,45.5,48,0.8,2.0,63.8,69.0,69.3,74.0,65.9,57.5,18.3,17.5,26,17.6,22
0.5,0.1,2.0,Arizona,47.5,41,52,48.0,9.9,10.0,10,0.0,0.0,51.8,52.0,59.8,61.0,91.0,91.0,4.5,4.0,6,1.1,2
2.0,0.25,0.5,Missouri,47.5,45,50,47.5,76.3,76.5,79,0.0,0.0,55.7,58.0,60.6,61.0,28.0,28.0,21.2,22.0,24,11.3,15
2.0,0.05,0.5,Indiana,47.5,39,58,46.0,52.8,53.0,57,0.0,0.0,59.6,58.0,64.5,67.0,44.2,28.0,15.7,15.5,21,11.4,16
2.0,0.25,0.5,Washington,47.5,43,52,47.5,12.7,13.0,15,0.8,3.0,56.6,53.0,71.5,71.5,28.0,28.0,13.2,13.0,17,15.3,17
1.0,0.1,1.0,Montana,47.6,39,90,39.0,20.1,20.0,21,0.0,0.0,56.7,45.0,74.1,68.0,57.5,50.0,0.6,0.0,2,4.7,6
2.0,0.1,1.0,Montana,47.7,39,68,39.0,20.6,20.0,22,0.0,0.0,58.6,45.0,75.9,71.0,50.0,50.0,0.6,1.0,1,5.0,6
1.0,0.05,2.0,Indiana,47.7,39,54,53.0,55.8,55.0,60,0.0,0.0,57.1,58.0,63.3,66.0,37.4,28.0,19.4,20.0,24,10.7,13
0.5,0.25,2.0,Ohio,47.7,47,52,47.0,57.9,57.5,62,0.0,0.0,52.6,52.0,55.0,54.0,59.1,63.0,22.1,22.5,28,16.6,20
2.0,0.05,0.5,Arizona,47.8,41,53,48.0,9.4,9.5,10,0.0,0.0,52.4,53.0,60.8,61.0,59.5,59.5,5.0,5.0,7,1.6,3
1.0,0.05,1.0,Michigan,47.8,39,58,45.0,41.9,42.0,46,0.9,2.0,65.4,68.0,70.8,71.5,57.5,57.5,18.9,18.0,23,18.7,24
0.5,0.01,0.5,Iowa,47.8,38,54,49.0,24.1,24.0,30,2.4,6.0,59.1,59.5,69.4,68.0,46.9,52.0,73.8,73.0,84,49.8,53
1.0,0.1,1.0,Georgia,47.9,41,75,41.0,44.7,44.0,49,0.7,2.0,63.7,59.0,80.2,77.0,66.8,45.0,6.9,8.0,10,10.0,13
1.0,0.1,2.0,Arizona,48.0,41,53,48.0,10.1,10.0,11,0.0,0.0,53.4,53.0,59.0,61.0,78.5,91.0,4.4,4.0,6,1.0,2
1.0,0.25,0.5,Missouri,48.0,45,50,50.0,70.3,70.0,75,0.0,0.0,56.6,61.0,62.0,64.0,28.0,28.0,11.8,11.5,14,10.5,12
1.0,0.01,1.0,Florida,48.0,48,48,48.0,8.1,8.0,11,4.3,15.0,104.8,88.0,128.9,110.5,36.7,28.0,27.1,26.0,32,19.9,23
0.5,0.25,0.5,Ohio,48.2,47,52,47.0,49.9,49.5,54,0.0,0.0,52.0,52.0,55.1,54.0,63.3,63.0,20.1,20.5,27,14.2,16
2.0,0.25,2.0,Ohio,48.2,47,54,47.0,61.5,61.5,64,0.0,0.0,52.4,52.0,54.9,54.0,59.4,63.0,20.4,21.0,24,15.0,17
ALL,ALL,ALL,Wisconsin,48.21388888888889,41,73,41.0,41.95,44.0,53,0.019444444444444445,1.0,53.50833333333333,50.0,56.38333333333333,54.0,34.26111111111111,28.0,84.17222222222222,84.0,115,21.886111111111113,37
2.0,0.25,1.0,Ohio,48.3,47,58,47.0,60.0,60.0,62,0.0,0.0,53.3,52.0,55.9,55.0,59.5,63.0,21.1,20.5,28,15.8,19
0.5,0.1,2.0,California,48.3,40,55,48.0,6.3,6.0,7,13.6,19.0,81.3,91.0,91.7,92.0,28.0,28.0,88.6,88.0,107,28.6,29
2.0,0.25,2.0,Washington,48.4,43,52,52.0,12.7,13.0,14,0.4,1.0,54.8,53.0,71.7,72.0,53.1,28.0,12.8,13.0,15,15.3,17
1.0,0.25,0.5,Ohio,48.4,47,52,47.0,55.2,55.0,57,0.0,0.0,52.3,52.0,54.8,54.0,59.7,63.0,21.4,21.5,26,16.2,18
1.0,0.25,1.0,Ohio,48.4,47,54,47.0,58.8,59.0,60,0.0,0.0,52.6,52.0,54.5,54.0,60.7,63.0,20.8,20.5,26,16.3,19
2.0,0.01,2.0,Minnesota,48.4,34,59,51.0,37.4,38.0,46,1.3,5.0,57.4,59.0,60.1,59.0,29.5,28.0,47.8,48.0,57,33.6,42
1.0,0.01,1.0,Minnesota,48.4,34,59,51.0,36.3,36.5,42,1.5,4.0,57.4,59.0,61.0,59.0,35.9,28.0,47.8,50.0,53,34.0,39
0.5,0.25,1.0,Missouri,48.5,45,50,50.0,67.4,66.5,72,0.0,0.0,57.7,61.0,62.6,64.5,31.2,28.0,12.2,12.0,15,9.9,12
0.5,0.25,0.5,Missouri,48.5,45,50,50.0,56.9,56.0,62,0.0,0.0,57.4,61.0,61.5,63.0,28.0,28.0,10.7,11.0,14,10.3,13
2.0,0.25,1.0,Missouri,48.5,45,50,50.0,77.9,77.0,82,0.0,0.0,57.9,59.5,61.6,62.0,28.0,28.0,21.1,21.0,24,11.6,13
0.5,0.1,1.0,Arizona,48.7,41,53,48.0,9.6,10.0,10,0.0,0.0,52.3,52.5,60.8,61.0,91.0,91.0,2.8,3.0,4,1.2,2
0.5,0.1,1.0,Montana,48.9,39,68,42.0,17.8,17.5,20,0.0,0.0,63.5,68.0,78.9,71.0,57.5,50.0,0.4,0.0,1,3.1,4
0.5,0.05,2.0,Indiana,48.9,39,54,53.0,52.2,52.5,57,0.0,0.0,59.6,58.0,67.9,67.0,32.8,28.0,16.1,16.5,21,9.7,13
1.0,0.25,2.0,Ohio,48.9,47,52,48.0,60.8,61.0,62,0.0,0.0,52.7,53.0,57.1,58.0,55.6,61.0,19.6,19.5,26,14.7,17
ALL,ALL,ALL,Michigan,48.97222222222222,39,100,39.0,39.40833333333333,40.0,50,0.7777777777777778,3.0,61.75277777777778,58.0,69.75833333333334,65.0,73.00833333333334,53.0,18.772222222222222,19.0,29,19.93888888888889,30
1.0,0.25,0.5,Wyoming,49.0,49,49,49.0,12.6,13.0,13,0.0,0.0,51.8,53.0,53.0,53.0,105.4,97.0,1.9,2.0,3,0.5,1
0.5,0.1,2.0,Wyoming,49.0,49,49,49.0,12.5,12.5,13,0.0,0.0,52.7,53.0,53.7,53.0,125.3,155.0,1.5,1.5,2,0.5,1
2.0,0.25,1.0,Wyoming,49.0,49,49,49.0,13.1,13.0,14,0.0,0.0,51.5,51.5,53.1,53.0,119.8,155.0,2.8,3.0,4,0.6,1
0.5,0.25,2.0,Wyoming,49.0,49,49,49.0,12.6,12.0,14,0.0,0.0,51.8,53.0,53.0,53.0,104.8,80.0,1.9,2.0,3,0.6,1
2.0,0.25,0.5,Wyoming,49.0,49,49,49.0,12.8,13.0,14,0.0,0.0,50.9,50.0,53.0,53.0,104.8,80.0,1.7,2.0,3,0.6,1
2.0,0.25,2.0,Wyoming,49.0,49,49,49.0,12.6,12.0,14,0.0,0.0,51.5,51.5,53.1,53.0,128.4,155.0,2.7,2.5,4,0.7,1
1.0,0.25,2.0,Wyoming,49.0,49,49,49.0,12.7,13.0,14,0.0,0.0,51.8,53.0,53.1,53.0,100.9,80.0,1.8,2.0,3,0.8,1
0.5,0.25,0.5,Wyoming,49.0,49,49,49.0,10.0,10.0,11,0.0,0.0,51.8,53.0,53.1,53.0,75.66666666666667,67.0,0.7777777777777778,1.0,2,0.8,1
0.5,0.25,1.0,Wyoming,49.0,49,49,49.0,10.1,10.0,11,0.0,0.0,52.1,53.0,53.0,53.0,104.8,80.0,1.6,2.0,2,0.9,1
1.0,0.25,1.0,Wyoming,49.0,49,49,49.0,12.6,13.0,13,0.0,0.0,52.1,53.0,53.0,53.0,123.7,155.0,1.5,1.0,3,0.9,1
2.0,0.1,0.5,Arizona,49.1,47,52,48.0,9.8,10.0,11,0.0,0.0,52.3,52.5,59.8,61.0,72.1,91.0,4.9,5.0,7,1.3,3
2.0,0.25,2.0,Missouri,49.1,45,61,50.0,79.0,78.5,83,0.0,0.0,56.7,59.5,61.0,62.0,28.0,28.0,20.5,21.0,24,10.3,12
0.5,0.25,2.0,Missouri,49.1,45,61,50.0,70.1,69.0,75,0.0,0.0,56.8,61.0,61.4,63.0,28.0,28.0,15.7,15.5,21,11.9,15
0.5,0.05,0.5,Idaho,49.1,35,53,53.0,9.4,9.5,11,1.2,7.0,52.3,53.0,66.6,69.0,30.6,28.0,47.6,46.5,57,15.5,17
1.0,0.25,2.0,Oklahoma,49.2,42,65,47.0,43.3,43.0,46,0.0,0.0,58.9,60.0,67.4,67.5,28.0,28.0,12.0,12.0,17,5.2,8
1.0,0.1,2.0,Pennsylvania,49.2,39,78,39.0,39.5,39.5,43,0.1,1.0,64.4,56.0,72.6,68.0,38.7,28.0,42.5,43.0,54,18.8,23
1.0,0.25,0.5,Washington,49.3,43,52,52.0,12.0,12.0,13,0.2,1.0,54.8,53.0,71.3,71.0,51.0,39.0,11.8,12.0,15,15.0,17
2.0,0.25,0.5,Ohio,49.3,47,52,49.0,58.8,59.0,63,0.0,0.0,52.3,52.0,55.9,56.0,63.0,63.0,20.1,19.5,27,16.1,18
2.0,0.05,1.0,Wisconsin,49.3,41,62,48.0,42.0,43.0,45,0.0,0.0,56.4,57.0,59.6,57.5,47.2,46.5,83.3,81.0,101,22.6,29
1.0,0.1,0.5,Wyoming,49.4,49,53,49.0,12.0,12.0,13,0.0,0.0,53.2,53.0,55.1,53.0,77.6,80.0,2.1,2.0,3,0.2,1
2.0,0.1,0.5,Wyoming,49.4,49,53,49.0,12.6,13.0,14,0.0,0.0,53.2,53.0,54.4,54.5,126.77777777777777,155.0,1.3,1.0,2,0.4,1
0.5,0.05,0.5,South Dakota,49.4,42,58,48.0,34.1,34.5,36,0.0,0.0,54.8,58.0,57.1,61.5,65.9,71.0,6.0,6.0,9,2.0,4
0.5,0.01,0.5,Idaho,49.4,35,53,53.0,8.0,8.0,10,2.2,7.0,59.4,53.0,91.4,98.0,37.0,28.0,35.9,36.0,43,13.3,15
1.0,0.25,1.0,Washington,49.4,43,53,52.0,12.2,12.0,14,0.5,3.0,60.3,53.0,72.7,72.0,28.0,28.0,12.6,12.0,15,14.8,17
ALL,ALL,ALL,Arizona,49.47222222222222,41,77,52.0,9.01388888888889,10.0,11,0.1,4.0,57.44166666666667,53.0,72.20055710306407,61.0,76.39166666666667,91.0,4.641666666666667,4.0,12,1.7277777777777779,6
2.0,0.25,1.0,Nevada,49.5,46,64,48.0,5.0,5.0,5,0.0,0.0,65.9,70.0,72.4,73.0,93.3,93.0,2.7,3.0,4,0.0,0
0.5,0.25,0.5,Oklahoma,49.5,42,55,51.0,17.8,18.0,21,0.0,0.0,61.0,65.0,70.4,70.0,28.0,28.0,2.9,2.5,5,1.6,2
1.0,0.25,2.0,Missouri,49.6,45,61,50.0,78.2,79.0,81,0.0,0.0,57.8,61.0,63.7,63.0,28.0,28.0,21.8,21.5,26,11.3,14
0.5,0.1,0.5,Arizona,49.7,41,53,51.5,9.0,9.0,10,0.0,0.0,52.8,53.0,60.0,61.0,91.0,91.0,2.5,3.0,3,1.1,2
2.0,0.1,2.0,Arizona,49.7,41,53,50.0,9.9,10.0,11,0.0,0.0,53.6,53.0,61.3,61.0,59.5,59.5,5.2,5.0,8,1.2,3
0.5,0.25,1.0,Ohio,49.7,47,54,49.5,55.2,56.0,59,0.0,0.0,54.2,54.0,56.6,58.0,63.3,63.0,18.5,17.5,24,14.7,18
0.5,0.05,0.5,Wisconsin,49.7,41,62,42.0,40.8,39.5,46,0.0,0.0,53.8,50.0,57.4,53.5,35.2,28.0,78.5,80.0,86,21.9,26
1.0,0.1,1.0,California,49.7,40,66,45.0,5.8,6.0,7,12.7,20.0,81.0,91.0,94.6,92.0,28.0,28.0,88.2,89.0,104,29.6,31
1.0,0.1,1.0,Wyoming,49.8,49,53,49.0,12.4,12.5,13,0.0,0.0,52.4,53.0,54.3,53.5,108.1,155.0,2.4,1.5,5,0.4,1
2.0,0.1,1.0,Arizona,49.8,41,53,51.5,9.9,10.0,10,0.0,0.0,52.9,53.0,59.8,61.0,68.6,91.0,4.9,4.5,7,1.2,2
2.0,0.25,1.0,Washington,49.8,43,52,52.0,12.7,12.5,15,0.4,3.0,60.3,53.0,72.4,71.0,46.1,28.0,12.1,12.0,15,15.3,17
ALL,ALL,ALL,Indiana,49.81944444444444,39,120,39.0,50.875,52.0,64,0.030555555555555555,2.0,64.44166666666666,54.0,70.42222222222222,58.0,54.358333333333334,28.0,16.569444444444443,18.0,31,10.261111111111111,17
0.5,0.1,0.5,Wyoming,49.9,49,53,49.0,9.7,10.0,11,0.0,0.0,53.3,53.0,54.0,53.5,35.22222222222222,28.0,1.3,1.0,3,0.6,1
0.5,0.25,2.0,Washington,49.9,43,53,52.0,12.7,13.0,14,0.4,3.0,58.5,53.0,71.5,71.0,66.5,60.5,13.0,13.0,15,14.2,16
1.0,0.05,0.5,Wisconsin,49.9,41,62,47.5,42.1,42.0,47,0.0,0.0,54.0,53.0,55.8,57.0,35.8,28.0,82.4,83.0,94,22.3,26
1.0,0.25,1.0,Missouri,50.1,45,61,50.0,71.6,71.5,75,0.0,0.0,58.8,61.0,62.8,64.0,28.0,28.0,17.8,18.0,21,11.2,15
2.0,0.05,1.0,Pennsylvania,50.1,39,88,39.0,38.9,38.5,44,0.8,3.0,68.2,68.0,74.1,71.0,53.7,53.5,42.7,42.5,51,18.1,22
2.0,0.1,1.0,Wyoming,50.2,49,53,49.0,12.8,13.0,14,0.0,0.0,53.0,53.0,54.9,54.0,100.7,101.0,3.2,3.5,4,0.4,1
0.5,0.25,0.5,Washington,50.2,43,52,52.0,11.2,11.5,13,0.2,1.0,56.8,53.0,73.6,72.0,66.6,59.5,11.4,12.0,13,13.9,16
0.5,0.25,1.0,Washington,50.2,43,52,52.0,12.1,12.0,14,0.2,1.0,53.0,53.0,71.6,72.0,54.3,48.5,12.6,12.5,14,14.9,16
1.0,0.1,0.5,Arizona,50.3,47,53,51.0,9.9,10.0,10,0.0,0.0,52.7,52.5,59.4,61.0,62.3,73.5,3.6,4.0,5,1.1,2
1.0,0.05,1.0,Arizona,50.3,48,53,49.5,9.4,10.0,10,0.0,0.0,54.8,55.0,61.7,61.0,59.5,59.5,5.8,5.5,9,1.7,4
1.0,0.25,2.0,Washington,50.3,43,53,52.0,13.3,13.0,15,0.2,1.0,56.7,53.0,72.5,71.5,32.6,28.0,12.1,12.0,15,14.7,16
1.0,0.01,2.0,Minnesota,50.4,34,59,51.0,38.5,39.0,44,0.7,3.0,58.2,59.0,59.7,61.0,39.0,28.0,50.4,50.5,57,31.5,36
2.0,0.25,1.0,Oklahoma,50.5,42,55,51.0,44.8,45.0,47,0.0,0.0,61.0,65.0,71.4,70.0,28.0,28.0,9.9,10.0,13,4.8,7
2.0,0.25,0.5,Illinois,50.5,47,56,50.0,60.3,60.0,62,0.0,0.0,57.5,54.0,61.0,55.5,83.3,85.5,10.4,10.5,13,8.7,11
1.0,0.05,1.0,Wisconsin,50.6,41,62,50.0,41.9,42.5,46,0.1,1.0,55.9,57.0,60.1,61.5,39.7,28.0,88.8,85.5,113,22.4,28
0.5,0.25,1.0,Oklahoma,50.7,42,65,47.0,25.0,25.0,27,0.0,0.0,63.7,65.0,70.8,72.0,28.0,28.0,6.2,6.0,9,3.3,5
2.0,0.25,1.0,Oregon,50.8,49,56,49.0,15.7,15.5,17,0.0,0.0,55.7,56.0,63.4,58.0,113.8,124.0,2.6,3.0,4,5.9,7
0.5,0.01,2.0,Florida,50.8,39,85,48.0,7.1,7.0,9,6.2,18.0,115.5,92.0,173.1,187.0,42.6,28.0,23.5,22.5,29,20.6,25
0.5,0.05,1.0,Arizona,50.9,48,53,52.0,8.5,8.5,10,0.0,0.0,55.9,57.0,62.3,63.0,81.2,91.0,3.4,3.0,4,1.8,3
1.0,0.05,2.0,Arizona,50.9,47,53,51.5,9.1,9.0,10,0.0,0.0,54.2,53.0,62.0,61.0,53.2,28.0,5.9,5.0,9,1.9,3
1.0,0.25,0.5,Vermont,50.9,38,64,55.0,8.4,9.0,9,1.8,3.0,73.5,74.0,76.0,75.5,88.0,100.0,8.7,8.0,12,5.6,8
2.0,0.05,0.5,Wyoming,51.0,49,53,51.0,12.1,12.0,13,0.0,0.0,52.7,53.0,56.8,55.5,59.0,28.0,2.8,2.5,5,0.2,1
0.5,0.1,1.0,Wyoming,51.0,49,53,51.0,10.4,11.0,11,0.0,0.0,53.0,53.0,56.1,55.0,86.1,64.5,1.6,2.0,2,0.2,1
1.0,0.1,2.0,Wyoming,51.0,49,53,51.0,12.7,13.0,13,0.0,0.0,53.0,53.0,56.7,54.5,91.33333333333333,28.0,2.2,2.5,4,0.3,1
0.5,0.25,0.5,Utah,51.0,51,51,51.0,9.6,9.5,11,0.0,0.0,61.0,61.0,73.3,70.5,28.0,28.0,16.5,17.0,18,1.7,4
0.5,0.25,1.0,Utah,51.0,51,51,51.0,13.0,13.0,14,0.0,0.0,61.0,61.0,72.0,70.5,28.0,28.0,20.8,21.0,24,2.5,4
1.0,0.25,0.5,Utah,51.0,51,51,51.0,13.0,13.0,15,0.0,0.0,61.0,61.0,71.5,74.0,28.0,28.0,22.2,22.5,24,2.7,4
0.5,0.1,2.0,Utah,51.0,51,51,51.0,12.8,12.0,15,0.0,0.0,61.0,61.0,81.4,81.0,28.0,28.0,20.8,21.0,23,2.8,4
2.0,0.25,2.0,Utah,51.0,51,51,51.0,15.7,16.0,17,0.0,0.0,61.0,61.0,67.2,67.0,28.0,28.0,22.6,23.0,25,3.3,5
1.0,0.25,1.0,Utah,51.0,51,51,51.0,13.3,13.0,15,0.0,0.0,61.0,61.0,72.7,70.5,28.0,28.0,22.9,23.0,26,3.5,5
1.0,0.25,2.0,Utah,51.0,51,51,51.0,15.2,15.0,17,0.0,0.0,61.0,61.0,69.3,67.0,28.0,28.0,21.1,21.0,23,3.6,5
2.0,0.25,1.0,Utah,51.0,51,51,51.0,14.5,14.5,16,0.0,0.0,61.0,61.0,70.6,67.0,28.0,28.0,22.2,22.0,25,4.1,6
0.5,0.25,2.0,Utah,51.0,51,51,51.0,13.4,13.0,15,0.0,0.0,61.0,61.0,68.7,67.0,28.0,28.0,21.4,22.0,24,4.2,6
2.0,0.25,0.5,Utah,51.0,51,51,51.0,14.2,14.5,16,0.0,0.0,61.0,61.0,68.0,67.0,28.0,28.0,22.4,23.0,25,4.7,8
2.0,0.25,0.5,Oregon,51.0,49,58,49.0,15.8,16.0,17,0.0,0.0,56.4,56.0,64.4,58.0,113.8,124.0,2.8,3.0,5,5.5,7
2.0,0.1,2.0,Wyoming,51.1,49,54,51.0,12.9,13.0,14,0.0,0.0,53.5,53.0,58.1,54.0,61.2,28.0,4.0,4.0,6,0.2,1
1.0,0.05,0.5,Arizona,51.1,41,53,53.0,8.9,9.0,10,0.0,0.0,54.5,55.0,63.0,62.0,68.6,91.0,4.5,4.5,6,1.9,3
2.0,0.25,2.0,Oregon,51.1,49,56,49.0,16.3,16.5,17,0.0,0.0,56.1,56.0,64.7,58.0,113.8,124.0,2.8,3.0,4,6.2,8
2.0,0.01,1.0,Minnesota,51.1,34,59,54.0,37.3,38.0,43,1.4,8.0,58.1,58.0,61.0,60.0,35.6,28.0,50.9,51.0,59,33.2,39
0.5,0.1,0.5,Utah,51.2,51,53,51.0,9.5,9.0,11,0.0,0.0,64.6,61.0,77.6,81.0,28.0,28.0,17.7,19.0,20,0.6,2
1.0,0.01,1.0,Idaho,51.2,35,53,53.0,11.3,12.0,14,0.9,7.0,55.4,53.0,78.4,73.0,28.0,28.0,45.5,46.0,50,13.8,16
1.0,0.01,2.0,Idaho,51.2,35,53,53.0,11.8,12.0,16,2.3,8.0,59.0,53.0,83.1,79.0,28.0,28.0,48.1,47.0,56,13.9,17
1.0,0.01,0.5,Idaho,51.2,35,53,53.0,8.8,8.5,12,2.8,9.0,61.0,53.0,85.9,76.5,29.9,28.0,40.1,41.0,44,14.3,16
2.0,0.01,0.5,Idaho,51.2,35,53,53.0,11.5,11.5,14,0.7,7.0,55.0,53.0,75.9,73.0,28.0,28.0,49.3,49.5,57,15.1,17
2.0,0.01,2.0,Idaho,51.2,35,53,53.0,10.8,10.5,14,2.6,11.0,61.8,53.0,83.7,73.0,28.0,28.0,47.8,48.0,56,15.4,17
0.5,0.25,0.5,Oregon,51.3,49,56,49.0,9.2,9.0,11,0.0,0.0,56.0,56.0,62.4,58.0,113.8,124.0,1.3,1.0,2,1.2,4
1.0,0.25,2.0,Nevada,51.4,46,64,48.5,5.0,5.0,5,0.0,0.0,65.8,70.0,72.4,73.0,93.6,93.0,2.5,2.5,3,0.0,0
0.5,0.05,0.5,Arizona,51.4,47,53,53.0,7.9,8.0,9,0.0,0.0,56.2,57.0,63.4,63.0,65.8,91.0,3.4,3.5,4,1.9,3
2.0,0.1,0.5,Utah,51.4,51,53,51.0,13.6,13.5,15,0.0,0.0,61.0,61.0,79.2,81.0,28.0,28.0,20.9,21.0,24,3.4,6
1.0,0.05,1.0,Wyoming,51.5,49,54,53.0,12.1,12.0,13,0.0,0.0,54.0,54.0,62.8,55.5,65.1,47.5,2.5,2.0,6,0.1,1
2.0,0.25,2.0,Oklahoma,51.5,42,65,51.0,43.4,43.5,45,0.0,0.0,60.5,60.0,68.3,67.5,28.0,28.0,9.8,10.0,13,6.8,9
0.5,0.1,0.5,Ohio,51.5,47,58,52.0,46.9,47.5,50,0.0,0.0,56.2,56.0,59.1,59.0,71.1,65.0,15.3,15.0,21,14.1,17
1.0,0.1,1.0,Ohio,51.5,47,59,50.5,55.3,55.5,59,0.0,0.0,57.0,58.5,59.7,59.0,54.0,65.0,18.3,17.5,22,16.4,21
1.0,0.05,2.0,Wyoming,51.6,49,55,51.0,12.4,12.0,13,0.0,0.0,56.1,55.0,61.1,56.5,44.6,28.0,2.9,3.0,4,0.2,1
0.5,0.25,2.0,Oregon,51.6,49,56,51.0,13.7,13.0,16,0.0,0.0,56.3,56.0,64.6,58.0,103.6,124.0,3.1,3.0,4,5.9,8
ALL,ALL,ALL,Wyoming,51.65833333333333,49,70,49.0,10.791666666666666,12.0,14,0.0,0.0,58.33888888888889,53.0,69.91666666666667,55.0,87.43362831858407,77.0,2.3304347826086955,2.0,7,0.3138888888888889,1
1.0,0.01,0.5,Florida,51.7,48,85,48.0,6.7,6.5,10,5.1,23.0,119.7,87.5,102.44444444444444,96.0,44.8,28.0,19.1,19.5,22,18.1,24
2.0,0.01,2.0,Iowa,51.7,44,54,54.0,23.5,23.5,29,4.6,8.0,63.8,68.0,69.8,71.5,34.2,28.0,116.0,115.0,126,61.5,65
0.5,0.25,1.0,Nevada,51.8,48,64,49.0,5.0,5.0,5,0.0,0.0,68.0,70.0,72.7,73.0,93.0,93.0,3.1,3.0,4,0.0,0
2.0,0.25,0.5,Nevada,51.8,48,64,49.0,5.0,5.0,5,0.0,0.0,66.0,70.0,72.4,73.0,93.6,93.0,2.9,3.0,4,0.0,0
0.5,0.25,2.0,Oklahoma,51.8,42,65,55.0,34.1,34.5,37,0.0,0.0,61.7,65.0,68.1,70.0,28.0,28.0,8.2,8.0,9,4.3,6
0.5,0.1,2.0,Georgia,51.8,41,80,41.0,43.6,43.5,48,0.7,2.0,65.7,62.0,75.3,75.0,66.9,45.0,7.0,8.5,9,9.1,11
0.5,0.1,2.0,Ohio,51.8,47,59,52.0,56.5,56.5,61,0.0,0.0,56.9,58.0,59.7,59.0,62.3,63.0,19.3,19.0,30,16.1,20
2.0,0.1,0.5,California,51.8,45,55,53.0,6.6,6.5,8,10.3,19.0,75.1,81.5,92.5,91.5,28.0,28.0,81.1,78.0,94,29.0,30
2.0,0.01,0.5,Minnesota,51.8,34,59,57.0,37.7,38.0,43,0.6,2.0,57.7,59.0,60.1,61.0,31.4,28.0,47.0,46.0,54,32.1,38
2.0,0.25,2.0,Nevada,51.9,48,69,48.0,5.0,5.0,5,0.0,0.0,66.0,70.0,72.8,73.0,93.0,93.0,3.3,3.5,4,0.0,0
0.5,0.25,0.5,Vermont,51.9,38,64,55.0,8.4,8.5,9,1.5,3.0,69.3,71.5,75.8,75.0,84.7,85.0,6.7,7.0,9,5.3,6
1.0,0.25,0.5,Nevada,52.0,48,64,49.0,5.0,5.0,5,0.0,0.0,64.0,70.0,72.1,73.0,93.9,93.0,2.7,3.0,4,0.0,0
2.0,0.05,1.0,Wyoming,52.0,49,55,53.0,12.7,13.0,13,0.0,0.0,54.4,55.0,59.8,58.0,44.6,28.0,4.2,4.0,6,0.2,1
0.5,0.05,2.0,Arizona,52.0,48,53,53.0,9.3,9.5,10,0.0,0.0,55.3,57.0,62.3,61.0,56.0,42.0,6.1,6.0,7,1.7,4
2.0,0.01,1.0,Arizona,52.0,48,53,53.0,7.6,8.0,9,0.2,1.0,68.2,57.0,126.6,126.5,66.3,59.5,7.4,7.5,10,3.1,4
2.0,0.05,2.0,Wyoming,52.1,49,55,53.0,13.0,13.0,14,0.0,0.0,55.8,55.0,65.9,63.0,61.7,47.5,4.0,4.0,5,0.1,1
2.0,0.25,0.5,Oklahoma,52.1,42,55,55.0,41.9,42.0,43,0.0,0.0,64.0,65.0,71.1,72.0,28.0,28.0,8.7,8.0,12,5.5,7
2.0,0.25,2.0,Illinois,52.1,47,60,53.5,62.7,63.0,64,0.0,0.0,57.4,55.5,60.6,63.0,96.1,87.0,9.4,9.5,11,9.2,12
2.0,0.1,2.0,Ohio,52.1,47,59,52.0,58.4,59.5,61,0.0,0.0,57.6,59.0,59.6,59.0,68.6,77.5,18.5,17.5,29,16.2,21
2.0,0.05,0.5,California,52.1,40,79,53.0,6.9,7.0,9,12.2,20.0,81.0,91.0,94.1,92.0,28.0,28.0,87.5,86.5,103,28.2,31
0.5,0.01,2.0,Minnesota,52.1,34,61,51.0,35.2,34.5,40,0.3,3.0,58.4,59.0,61.0,60.0,35.4,28.0,46.0,45.5,50,34.3,38
1.0,0.01,2.0,Iowa,52.1,38,68,54.0,27.4,27.5,32,4.0,9.0,65.2,68.0,70.0,73.0,34.7,28.0,105.9,105.0,116,55.5,60
0.5,0.05,1.0,Wyoming,52.2,49,53,53.0,8.6,8.5,10,0.0,0.0,54.5,55.0,60.1,56.5,52.9,28.0,2.3,2.5,3,0.1,1
2.0,0.05,2.0,Arizona,52.2,47,53,53.0,9.3,9.0,10,0.0,0.0,55.7,57.0,62.7,63.0,65.8,91.0,5.1,5.0,7,1.7,3
1.0,0.05,2.0,Montana,52.3,39,90,45.0,21.2,21.0,22,0.0,0.0,73.3,69.5,85.0,92.0,163.42857142857142,80.0,0.8,1.0,2,4.2,6
1.0,0.25,1.0,Oklahoma,52.3,42,65,55.0,36.6,36.5,39,0.0,0.0,62.9,65.0,72.2,72.0,28.0,28.0,8.0,8.0,11,5.0,7
2.0,0.1,0.5,Georgia,52.3,41,92,41.0,44.7,45.0,48,0.7,2.0,66.8,62.0,76.9,77.0,67.8,49.5,7.4,8.0,11,12.5,13
0.5,0.1,1.0,Ohio,52.3,47,59,52.0,53.7,54.0,58,0.0,0.0,56.6,58.0,59.9,60.5,75.9,67.5,17.1,17.0,23,15.4,17
2.0,0.1,0.5,Ohio,52.3,47,59,53.0,56.9,56.5,61,0.0,0.0,56.4,58.0,58.5,59.0,56.2,63.0,18.9,17.5,30,16.5,21
0.5,0.05,2.0,Wisconsin,52.3,41,62,53.5,42.0,42.0,43,0.0,0.0,58.4,57.0,60.3,59.5,37.5,28.0,90.5,87.0,103,22.5,26
0.5,0.05,0.5,Wyoming,52.4,49,55,53.0,7.9,8.0,10,0.0,0.0,55.7,55.0,66.7,70.0,45.125,28.0,1.75,2.0,3,0.1,1
1.0,0.1,0.5,Utah,52.4,51,63,51.0,12.9,13.0,14,0.0,0.0,61.6,61.0,82.1,83.0,28.0,28.0,22.0,22.5,26,1.2,3
1.0,0.25,1.0,Oregon,52.4,49,56,52.0,15.9,16.0,17,0.0,0.0,56.3,57.0,69.2,69.5,118.9,124.0,2.5,2.0,4,5.7,7
1.0,0.05,1.0,Pennsylvania,52.4,39,84,39.0,39.6,39.5,47,0.5,4.0,67.6,65.5,75.1,68.5,43.4,28.0,39.2,38.5,47,16.8,21
1.0,0.25,1.0,Nevada,52.5,46,64,48.0,5.0,5.0,5,0.0,0.0,63.6,70.0,72.1,73.0,93.6,93.0,2.7,3.0,3,0.0,0
1.0,0.05,0.5,Wyoming,52.5,49,55,53.0,9.8,10.0,11,0.0,0.0,54.8,55.0,63.4,64.5,60.7,28.0,2.6,2.0,5,0.3,1
0.5,0.01,2.0,Arizona,52.5,48,53,53.0,7.3,7.0,9,0.1,1.0,61.6,57.0,111.7,120.0,108.0,91.0,5.4,5.5,9,3.1,4
0.5,0.25,1.0,Oregon,52.5,49,56,53.0,12.0,12.0,14,0.0,0.0,56.3,56.0,63.4,58.0,98.5,98.5,1.7,1.5,3,5.1,6
1.0,0.25,0.5,Oregon,52.5,49,56,53.0,13.7,13.5,15,0.0,0.0,56.9,57.0,66.7,62.5,118.9,124.0,2.3,2.0,3,5.6,8
2.0,0.1,1.0,Ohio,52.5,47,59,52.0,58.2,58.5,61,0.0,0.0,57.1,58.5,60.3,59.0,71.4,74.0,18.8,18.5,25,15.8,20
0.5,0.01,0.5,South Dakota,52.7,42,58,58.0,24.6,25.0,27,0.0,0.0,57.4,62.0,61.2,64.0,84.3,74.0,3.3,3.0,5,2.0,4
2.0,0.25,0.5,Vermont,52.7,38,64,55.0,9.0,9.0,10,1.3,2.0,68.5,71.5,72.6,74.5,84.2,82.5,8.8,9.0,11,5.0,6
0.5,0.1,0.5,California,52.7,40,55,55.0,6.5,6.5,8,5.6,19.0,66.5,56.0,92.3,91.0,28.0,28.0,70.7,69.0,88,28.9,31
2.0,0.05,1.0,Arizona,52.8,52,53,53.0,9.2,9.0,10,0.0,0.0,55.0,55.0,60.8,61.0,65.8,91.0,5.2,5.5,7,1.8,3
1.0,0.25,0.5,Oklahoma,52.8,42,65,55.0,29.5,30.0,31,0.0,0.0,64.2,65.0,72.8,70.0,28.0,28.0,8.5,8.5,10,3.3,5
0.5,0.1,1.0,California,52.8,40,66,55.0,6.5,7.0,7,8.5,19.0,73.5,73.5,92.5,91.5,28.0,28.0,81.9,81.5,100,28.5,30
2.0,0.01,0.5,Iowa,52.8,38,68,54.0,25.8,26.0,30,3.1,7.0,63.8,68.0,73.7,73.5,44.3,43.5,103.6,104.0,114,57.3,65
0.5,0.25,2.0,Nevada,53.0,46,64,49.0,5.0,5.0,5,0.0,0.0,63.8,70.0,72.1,73.0,93.6,93.0,2.9,3.0,4,0.0,0
0.5,0.01,0.5,Arizona,53.0,53,53,53.0,5.2,5.5,7,0.6,3.0,79.6,60.0,110.11111111111111,115.0,53.2,28.0,3.5,3.5,5,2.5,5
0.5,0.01,1.0,Arizona,53.0,53,53,53.0,6.6,7.0,9,0.3,1.0,69.0,57.0,115.1,118.5,65.8,91.0,4.7,5.0,7,2.8,5
1.0,0.01,0.5,Arizona,53.0,53,53,53.0,7.1,7.0,9,0.3,2.0,71.3,60.0,96.4,96.0,57.3,28.0,5.2,6.0,7,2.8,5
2.0,0.1,0.5,North Dakota,53.0,53,53,53.0,12.7,13.0,13,0.0,0.0,68.0,68.0,93.4,93.0,37.4,28.0,10.7,11.0,13,3.0,4
1.0,0.01,1.0,Arizona,53.0,53,53,53.0,7.3,7.0,9,0.3,1.0,72.7,63.0,104.3,103.5,84.9,91.0,8.0,8.0,12,3.2,4
2.0,0.01,0.5,Arizona,53.0,53,53,53.0,7.3,7.5,8,0.8,4.0,77.6,68.0,102.9,97.0,66.0,91.0,7.0,7.0,10,3.4,5
1.0,0.25,0.5,North Dakota,53.0,53,53,53.0,12.1,12.0,13,0.0,0.0,68.0,68.0,93.0,93.0,122.0,122.0,4.8,5.0,6,3.5,4
0.5,0.1,2.0,North Dakota,53.0,53,53,53.0,12.1,12.0,13,0.0,0.0,68.0,68.0,93.0,93.0,109.9,122.0,8.3,9.0,10,3.5,4
0.5,0.25,2.0,North Dakota,53.0,53,53,53.0,12.4,12.0,13,0.0,0.0,68.0,68.0,93.0,93.0,65.6,28.0,7.9,8.0,9,3.6,4
0.5,0.25,0.5,North Dakota,53.0,53,53,53.0,11.0,11.0,12,0.0,0.0,68.0,68.0,93.0,93.0,122.0,122.0,2.0,2.0,2,3.7,4
1.0,0.25,1.0,North Dakota,53.0,53,53,53.0,12.3,12.0,13,0.0,0.0,68.0,68.0,93.0,93.0,28.0,28.0,8.9,8.5,13,3.9,4
2.0,0.25,0.5,North Dakota,53.0,53,53,53.0,12.6,13.0,13,0.0,0.0,68.0,68.0,93.0,93.0,28.0,28.0,10.6,11.0,12,4.0,5
2.0,0.25,2.0,North Dakota,53.0,53,53,53.0,13.7,14.0,15,0.0,0.0,68.0,68.0,93.0,93.0,28.0,28.0,11.6,11.0,15,4.4,5
2.0,0.25,1.0,North Dakota,53.0,53,53,53.0,12.4,12.0,13,0.0,0.0,68.0,68.0,93.0,93.0,28.0,28.0,10.6,10.0,12,4.5,5
1.0,0.25,2.0,North Dakota,53.0,53,53,53.0,12.3,12.0,13,0.0,0.0,68.0,68.0,93.0,93.0,28.0,28.0,11.1,11.0,13,4.6,5
0.5,0.01,2.0,Idaho,53.0,53,53,53.0,10.9,11.5,13,0.6,6.0,55.0,53.0,75.5,73.0,28.0,28.0,47.1,45.0,54,13.7,16
0.5,0.01,1.0,Idaho,53.0,53,53,53.0,9.6,9.5,12,0.6,6.0,55.0,53.0,78.0,73.0,38.4,28.0,39.7,41.5,48,13.9,15
2.0,0.01,1.0,Idaho,53.0,53,53,53.0,10.9,10.5,15,1.2,6.0,57.0,53.0,80.0,73.0,28.0,28.0,50.7,52.5,56,15.0,17
0.5,0.1,0.5,Oklahoma,53.1,42,65,55.0,18.0,18.0,20,0.0,0.0,66.4,65.0,77.7,75.0,28.0,28.0,3.2,3.0,6,0.2,1
0.5,0.25,0.5,Nevada,53.2,46,64,49.5,5.0,5.0,5,0.0,0.0,63.8,70.0,72.1,73.0,93.0,93.0,2.7,3.0,3,0.0,0
0.5,0.05,2.0,Wyoming,53.2,49,55,53.0,11.1,11.0,13,0.0,0.0,56.8,55.0,68.2,62.0,47.55555555555556,28.0,3.111111111111111,3.0,4,0.2,1
1.0,0.1,0.5,California,53.3,45,56,55.0,6.3,6.0,8,7.3,19.0,70.0,56.0,89.7,91.0,28.0,28.0,81.7,80.5,91,29.1,30
2.0,0.05,2.0,Pennsylvania,53.4,39,93,39.0,39.2,39.0,44,1.2,5.0,75.2,68.0,81.3,72.0,53.0,34.5,38.2,40.0,48,18.2,22
2.0,0.1,1.0,California,53.4,40,69,55.0,7.1,7.0,9,8.1,18.0,73.2,73.5,88.0,91.5,28.0,28.0,84.2,82.0,110,28.3,30
1.0,0.01,0.5,Minnesota,53.4,34,59,57.0,33.8,34.0,36,0.6,3.0,58.6,59.0,59.7,60.0,41.4,28.0,41.5,40.5,52,31.6,35
1.0,0.25,2.0,Vermont,53.5,38,64,55.0,8.5,8.5,10,1.5,3.0,72.2,74.0,76.5,76.5,86.6,97.5,8.8,8.5,12,5.5,7
1.0,0.01,1.0,South Dakota,53.7,42,63,58.0,36.9,37.5,39,0.0,0.0,61.2,63.0,65.0,64.0,82.1,76.0,9.2,9.5,12,1.6,4
1.0,0.01,2.0,South Dakota,53.8,47,58,58.0,39.5,39.5,44,0.0,0.0,61.5,63.0,63.7,64.0,77.3,74.0,11.7,11.5,16,2.5,5
1.0,0.25,2.0,Oregon,53.8,49,56,56.0,15.4,15.5,17,0.0,0.0,56.6,58.0,70.6,75.0,113.8,124.0,2.1,2.0,4,5.7,7
2.0,0.05,2.0,Ohio,53.8,47,59,52.0,56.6,57.5,63,0.0,0.0,60.4,59.0,63.8,66.0,55.7,47.0,22.0,20.5,30,16.5,21
0.5,0.25,2.0,Illinois,53.9,47,65,54.0,58.1,58.0,62,0.0,0.0,59.8,59.5,62.7,65.0,86.5,87.0,9.7,9.5,12,8.3,10
1.0,0.01,0.5,Iowa,53.9,44,63,54.0,25.5,26.0,32,5.5,8.0,66.5,68.0,73.3,72.5,34.6,28.0,94.1,94.0,106,54.6,60
0.5,0.1,1.0,Utah,54.0,51,79,51.0,11.9,12.0,14,0.0,0.0,65.2,61.0,77.6,81.0,28.0,28.0,21.7,21.5,27,2.0,4
2.0,0.01,2.0,Arizona,54.0,48,68,53.0,7.6,7.5,9,0.7,3.0,87.9,68.0,127.2,142.5,72.2,91.0,5.7,6.0,7,3.3,6
2.0,0.1,0.5,Washington,54.0,52,72,52.0,12.0,12.0,13,0.0,0.0,65.2,71.5,76.8,77.0,43.0,28.0,13.7,13.5,16,15.9,18
0.5,0.01,2.0,Iowa,54.0,38,68,54.0,25.7,25.0,30,4.2,8.0,64.8,68.0,71.3,73.0,43.4,33.5,94.7,98.0,105,56.3,60
2.0,0.1,2.0,Utah,54.2,51,63,52.0,14.5,14.0,17,0.0,0.0,68.2,61.0,82.2,81.0,28.0,28.0,21.7,22.0,24,3.2,6
2.0,0.01,2.0,South Dakota,54.2,43,63,58.0,39.1,39.5,42,0.0,0.0,59.3,61.5,61.6,63.0,50.7,28.0,12.7,12.5,17,3.4,6
1.0,0.25,0.5,Illinois,54.2,47,65,54.0,54.7,54.5,58,0.0,0.0,60.4,63.0,64.3,66.5,77.3,84.0,8.4,8.5,10,8.3,10
1.0,0.25,2.0,Illinois,54.3,47,65,54.0,59.7,60.0,61,0.0,0.0,61.5,64.0,62.9,65.0,85.8,87.5,10.7,10.5,13,9.4,12
2.0,0.1,0.5,Missouri,54.4,50,61,50.0,74.7,74.0,79,0.0,0.0,62.0,61.0,66.1,65.0,28.0,28.0,20.9,20.0,26,8.9,12
2.0,0.05,0.5,Ohio,54.4,47,68,53.0,53.8,53.5,56,0.0,0.0,60.3,58.5,64.1,60.5,74.6,73.0,17.6,18.0,22,17.2,20
0.5,0.1,0.5,North Dakota,54.5,53,68,53.0,11.3,11.0,12,0.0,0.0,70.5,68.0,93.4,93.0,122.0,122.0,2.2,2.0,3,2.7,4
0.5,0.25,1.0,North Dakota,54.5,53,68,53.0,12.4,12.0,14,0.0,0.0,70.5,68.0,93.4,93.0,122.0,122.0,2.1,2.0,3,3.7,4
0.5,0.1,0.5,Missouri,54.5,50,65,50.0,52.3,52.5,55,0.0,0.0,63.1,61.0,67.7,65.0,34.6,28.0,9.2,9.0,13,6.6,9
0.5,0.1,1.0,Missouri,54.5,45,65,50.0,65.0,65.0,70,0.0,0.0,63.9,61.0,68.4,65.0,39.2,28.0,11.2,10.5,15,7.3,11
2.0,0.25,1.0,Illinois,54.5,47,70,50.5,61.9,62.0,64,0.0,0.0,60.3,58.0,61.5,59.0,88.1,84.0,10.4,10.5,11,8.6,11
1.0,0.1,0.5,Ohio,54.6,47,59,56.0,54.5,54.0,62,0.0,0.0,58.8,59.0,61.1,59.5,74.0,69.5,19.2,20.0,25,15.3,19
2.0,0.1,2.0,Montana,54.7,39,68,56.5,21.3,21.0,22,0.0,0.0,68.3,69.5,80.8,79.0,96.0,65.0,0.7,1.0,2,4.4,6
0.5,0.1,2.0,Oregon,54.7,49,60,56.0,14.0,14.0,15,0.0,0.0,62.0,58.0,74.6,81.0,118.9,124.0,2.7,3.0,4,4.7,7
1.0,0.25,1.0,Illinois,54.7,47,65,55.0,58.1,57.5,61,0.0,0.0,61.9,64.0,64.9,69.0,84.3,84.0,10.0,10.0,13,10.3,14
0.5,0.01,1.0,Wyoming,54.8,53,55,55.0,4.3,4.0,7,0.0,0.0,79.4,72.0,119.1,102.0,65.5,52.5,1.6666666666666667,1.5,3,0.0,0
2.0,0.01,0.5,Wyoming,54.8,53,55,55.0,10.2,10.0,12,0.0,0.0,70.0,72.0,104.4,102.0,95.88888888888889,77.0,3.3333333333333335,3.0,5,0.0,0
2.0,0.01,2.0,Wyoming,54.8,53,55,55.0,10.9,11.0,12,0.0,0.0,75.5,72.0,109.0,102.0,115.8,77.0,3.7,3.0,7,0.1,1
1.0,0.01,0.5,Wyoming,55.0,53,61,55.0,6.1,6.0,8,0.0,0.0,69.0,70.0,110.6,113.0,75.33333333333333,77.0,2.0,2.0,4,0.0,0
1.0,0.01,1.0,Iowa,55.1,38,73,54.0,25.4,26.0,32,1.7,8.0,63.3,64.0,70.0,71.0,37.3,28.0,95.6,96.0,106,56.6,66
2.0,0.1,1.0,Utah,55.2,51,79,51.0,13.8,14.0,16,0.0,0.0,64.8,61.0,81.8,81.0,37.3,28.0,21.0,21.0,25,3.3,6
0.5,0.1,2.0,Oklahoma,55.2,47,65,55.0,33.0,33.0,35,0.0,0.0,65.7,65.0,76.8,73.5,28.0,28.0,6.1,6.0,8,3.8,5
2.0,0.25,1.0,Vermont,55.2,38,64,55.0,8.7,9.0,10,1.3,2.0,69.3,74.0,74.7,75.5,91.0,100.0,8.6,9.0,10,5.3,7
1.0,0.1,0.5,Georgia,55.2,41,79,55.0,39.8,39.5,42,0.4,1.0,67.2,57.0,76.7,75.0,81.1,86.0,5.3,5.5,8,8.9,13
2.0,0.25,1.0,New York,55.2,44,61,61.0,14.9,15.0,18,0.3,1.0,65.2,68.0,69.5,70.5,28.0,28.0,163.6,164.5,169,37.1,41
2.0,0.25,0.5,New York,55.2,44,61,61.0,14.2,13.0,19,0.2,1.0,65.7,68.0,70.3,71.0,28.0,28.0,164.4,164.0,178,37.8,41
1.0,0.1,1.0,Missouri,55.3,50,65,54.0,69.3,69.5,73,0.0,0.0,62.6,61.0,66.0,65.0,38.9,28.0,15.7,17.0,20,10.3,13
0.5,0.01,1.0,Minnesota,55.3,48,59,58.0,33.1,33.0,38,0.2,1.0,59.1,59.0,62.6,61.0,45.6,45.0,41.9,42.5,51,29.9,34
2.0,0.01,1.0,Wyoming,55.4,53,61,55.0,9.4,9.0,11,0.0,0.0,71.6,72.0,100.8,113.0,131.6,116.0,2.6,2.0,6,0.0,0
1.0,0.01,2.0,Arizona,55.4,53,77,53.0,8.2,8.0,10,0.3,2.0,67.3,57.0,104.5,110.0,79.7,91.0,6.1,6.0,8,2.8,4
0.5,0.1,2.0,Missouri,55.4,45,65,55.5,68.4,68.5,74,0.0,0.0,63.2,63.0,67.5,65.0,31.6,28.0,14.0,13.5,18,9.2,12
2.0,0.1,1.0,Missouri,55.4,50,63,54.0,76.7,77.0,80,0.0,0.0,63.2,64.0,68.2,65.0,31.2,28.0,19.1,19.0,25,9.7,12
0.5,0.01,1.0,Iowa,55.4,38,68,54.0,23.5,23.5,30,3.7,9.0,68.0,68.0,74.2,74.5,46.7,49.0,85.6,85.5,96,54.5,59
0.5,0.01,0.5,Wyoming,55.5,49,68,55.0,4.7,4.5,6,0.0,0.0,69.4,71.0,103.3,102.0,67.125,72.0,1.25,1.0,2,0.0,0
0.5,0.01,1.0,South Dakota,55.5,48,58,58.0,31.9,32.0,35,0.0,0.0,62.6,62.5,66.6,64.0,93.7,74.0,5.4,5.5,8,1.4,4
0.5,0.25,0.5,New York,55.5,44,61,57.5,12.8,12.5,16,0.3,1.0,64.8,64.5,69.7,70.0,28.0,28.0,119.6,120.5,125,34.4,38
ALL,ALL,ALL,Pennsylvania,55.55555555555556,39,115,39.0,36.925,37.0,47,0.5833333333333334,5.0,72.86666666666666,56.0,80.325,68.0,50.852777777777774,28.0,38.78611111111111,40.0,58,17.894444444444446,27
1.0,0.01,2.0,Wyoming,55.6,53,61,55.0,8.7,9.0,10,0.0,0.0,66.8,69.0,96.8,102.0,89.6,77.0,2.8,2.5,5,0.1,1
2.0,0.01,2.0,Florida,55.6,48,87,48.0,8.0,8.0,12,2.7,6.0,99.7,88.0,126.2,115.0,44.1,28.0,31.9,31.5,43,24.3,27
2.0,0.1,0.5,Oregon,55.7,49,60,56.0,15.7,16.0,17,0.0,0.0,63.7,58.0,78.4,81.0,118.9,124.0,2.3,2.0,3,4.6,6
1.0,0.1,2.0,Montana,55.7,39,90,53.5,21.0,21.0,22,0.0,0.0,63.8,58.0,82.7,88.5,50.0,50.0,0.4,0.0,2,4.7,6
0.5,0.05,2.0,Pennsylvania,55.8,39,84,39.0,36.3,36.5,42,1.0,4.0,73.1,75.5,82.1,80.5,51.7,34.5,40.8,40.0,53,18.8,23
0.5,0.25,2.0,New York,55.8,44,61,54.0,15.6,16.0,19,0.7,2.0,63.7,61.0,69.2,70.5,40.1,28.0,165.5,164.0,176,36.2,40
1.0,0.05,1.0,Montana,55.9,39,68,56.5,19.7,20.0,21,0.0,0.0,75.1,71.0,84.1,90.5,80.0,80.0,0.2,0.0,1,4.0,5
2.0,0.05,0.5,Montana,55.9,39,90,42.0,21.3,21.0,23,0.0,0.0,71.0,69.5,85.9,92.0,56.0,50.0,0.7,0.5,2,4.1,5
0.5,0.05,0.5,Ohio,55.9,47,68,55.5,41.8,42.0,47,0.0,0.0,64.0,60.5,70.2,70.0,68.4,94.0,18.0,17.0,25,16.6,20
2.0,0.01,1.0,Iowa,55.9,44,68,54.0,24.4,23.0,29,4.4,9.0,64.9,68.0,74.6,71.5,35.1,28.0,108.6,109.0,114,59.7,63
0.5,0.1,1.0,North Dakota,56.0,53,68,53.0,12.2,12.0,14,0.0,0.0,75.5,68.0,94.2,93.0,112.6,122.0,3.1,3.0,4,2.9,5
1.0,0.1,1.0,Utah,56.0,51,79,51.0,13.4,13.5,15,0.0,0.0,66.6,61.0,82.4,81.0,37.4,28.0,18.7,20.0,23,3.1,4
1.0,0.1,0.5,North Dakota,56.0,53,68,53.0,11.8,12.0,13,0.0,0.0,73.0,68.0,94.6,93.0,119.3,122.0,5.4,5.0,6,3.4,4
1.0,0.1,2.0,Ohio,56.0,52,59,56.0,57.4,57.5,61,0.0,0.0,60.3,59.0,62.7,62.0,70.8,73.0,18.6,18.0,24,16.0,20
1.0,0.01,0.5,South Dakota,56.1,45,62,58.0,33.5,34.0,38,0.0,0.0,60.8,63.0,62.2,64.0,57.5,74.0,7.4,7.5,12,1.3,3
0.5,0.25,2.0,Vermont,56.1,38,64,59.5,8.7,9.0,10,1.3,3.0,70.8,71.5,75.1,74.5,92.1,97.0,8.9,9.0,11,5.3,6
2.0,0.25,2.0,Vermont,56.1,38,64,59.5,8.2,8.0,10,1.4,3.0,70.9,74.0,74.9,76.5,85.6,96.5,9.1,9.5,14,5.8,7
0.5,0.25,1.0,Vermont,56.1,38,64,59.5,8.1,8.0,9,1.4,2.0,69.9,74.0,77.1,75.0,93.5,100.0,8.7,9.0,11,5.9,7
0.5,0.25,1.0,Illinois,56.1,47,70,54.0,52.4,52.0,54,0.0,0.0,60.3,56.0,66.6,70.0,95.7,87.0,7.7,7.5,10,6.8,9
1.0,0.1,2.0,Missouri,56.1,50,74,50.0,75.4,75.0,80,0.0,0.0,64.0,61.0,68.0,65.0,44.2,28.0,18.9,19.0,22,9.9,13
0.5,0.05,2.0,Ohio,56.1,52,59,56.5,53.1,53.0,56,0.0,0.0,62.4,60.5,67.0,68.0,57.3,45.5,19.7,18.5,30,17.8,19
1.0,0.1,2.0,Utah,56.2,51,79,53.0,13.8,13.0,18,0.0,0.0,64.7,61.0,76.1,79.0,28.0,28.0,20.3,20.0,25,3.8,5
0.5,0.25,0.5,Illinois,56.2,47,70,54.0,38.7,38.5,41,0.0,0.0,61.6,63.0,63.8,67.5,93.6,84.0,4.8,4.5,7,6.5,8
2.0,0.25,2.0,New York,56.2,44,61,61.0,14.2,14.5,18,0.4,1.0,66.0,68.0,69.9,71.0,28.0,28.0,161.9,160.5,169,37.6,42
2.0,0.05,0.5,Georgia,56.3,41,92,51.5,42.8,42.0,46,0.8,2.0,76.2,75.0,90.3,92.5,81.5,75.5,6.3,6.0,10,11.0,16
2.0,0.1,2.0,California,56.3,40,79,54.0,7.3,7.0,9,8.2,18.0,75.7,85.5,84.5,91.5,28.0,28.0,77.1,77.0,104,28.1,30
2.0,0.01,0.5,South Dakota,56.4,47,63,58.0,37.3,37.0,41,0.0,0.0,61.2,63.0,63.2,64.0,87.0,74.0,10.1,10.0,13,2.8,4
2.0,0.01,1.0,South Dakota,56.5,45,64,58.0,37.7,38.0,41,0.0,0.0,62.1,62.5,64.7,63.5,45.2,28.0,11.5,12.0,17,3.2,5
1.0,0.1,2.0,California,56.5,40,79,54.0,7.2,7.5,8,6.3,20.0,72.9,76.0,88.0,91.0,28.0,28.0,83.5,86.0,105,28.1,31
1.0,0.25,2.0,New York,56.5,44,61,57.5,15.1,15.0,18,0.4,1.0,65.0,64.5,70.0,70.5,28.0,28.0,164.0,163.5,176,36.9,39
0.5,0.01,2.0,Wyoming,56.6,53,61,55.0,8.6,9.0,10,0.0,0.0,83.5,86.0,123.2,124.0,87.375,77.0,1.875,1.5,4,0.0,0
1.0,0.1,0.5,Oregon,56.6,49,60,58.0,13.0,13.0,14,0.0,0.0,67.0,61.0,81.1,81.0,118.9,124.0,2.8,2.5,4,4.4,6
0.5,0.1,0.5,Georgia,56.6,41,92,41.0,26.6,27.0,29,0.6,2.0,71.4,66.0,80.4,82.0,78.3,49.5,4.4,6.0,7,5.8,7
1.0,0.05,0.5,Ohio,56.7,52,62,59.0,49.1,49.5,54,0.0,0.0,63.9,62.0,70.4,68.0,78.1,92.0,18.3,19.0,20,17.5,25
1.0,0.01,1.0,Wyoming,56.9,53,70,55.0,8.8,9.0,11,0.0,0.0,77.6,72.5,110.3,122.5,130.55555555555554,155.0,1.4444444444444444,1.0,3,0.0,0
1.0,0.1,1.0,North Dakota,57.0,53,93,53.0,12.4,12.0,14,0.0,0.0,73.4,68.0,94.1,93.0,37.4,28.0,10.6,10.5,12,2.7,4
2.0,0.1,2.0,North Dakota,57.0,53,93,53.0,13.1,13.0,14,0.0,0.0,73.4,68.0,94.1,93.0,46.8,28.0,12.6,12.5,14,4.5,5
1.0,0.1,0.5,Missouri,57.0,50,65,61.0,68.4,69.0,73,0.0,0.0,64.1,63.0,68.4,65.0,44.6,28.0,11.7,12.0,17,8.3,10
0.5,0.05,0.5,Oklahoma,57.1,42,65,65.0,17.2,17.0,20,0.0,0.0,69.1,72.0,82.5,85.0,28.0,28.0,2.5,2.5,5,0.3,1
1.0,0.05,2.0,Oklahoma,57.1,42,65,65.0,39.2,39.0,42,0.0,0.0,70.1,72.0,83.9,85.0,28.0,28.0,6.4,6.0,11,5.4,8
2.0,0.1,1.0,Washington,57.1,43,72,52.5,11.2,11.0,15,0.4,4.0,70.9,72.0,80.0,81.5,28.0,28.0,13.5,13.0,16,16.7,21
1.0,0.25,1.0,New York,57.2,44,61,61.0,14.2,14.5,18,0.4,1.0,65.4,68.0,69.7,69.5,28.0,28.0,167.2,168.5,178,37.8,42
1.0,0.1,1.0,Washington,57.3,43,72,52.5,11.1,11.0,13,0.0,0.0,72.5,72.0,77.8,81.5,35.0,28.0,14.7,14.0,20,15.6,18
1.0,0.05,0.5,Pennsylvania,57.3,39,93,39.0,36.2,36.5,41,0.9,3.0,75.0,73.0,84.6,88.0,58.0,55.5,35.8,36.0,43,18.2,24
1.0,0.1,1.0,Nevada,57.4,48,70,56.5,5.0,5.0,5,0.0,0.0,68.9,70.0,75.0,76.5,94.2,93.0,2.5,2.5,3,0.0,0
0.5,0.01,2.0,South Dakota,57.4,47,63,58.0,34.6,34.5,38,0.0,0.0,62.4,63.0,64.5,64.0,52.3,39.5,8.7,8.0,12,2.1,4
2.0,0.1,2.0,Oklahoma,57.4,42,65,60.0,42.9,43.0,46,0.0,0.0,67.5,68.5,81.2,85.0,28.0,28.0,10.3,10.0,18,6.3,8
2.0,0.1,1.0,North Dakota,57.5,53,68,53.0,12.8,13.0,13,0.0,0.0,78.0,68.0,94.6,93.0,37.4,28.0,12.4,12.5,18,3.6,5
ALL,ALL,ALL,Ohio,57.583333333333336,47,88,54.0,52.00277777777778,53.0,64,0.002777777777777778,1.0,64.87222222222222,59.0,69.775,62.0,76.31388888888888,67.0,18.28611111111111,18.0,30,15.394444444444444,26
2.0,0.1,1.0,Georgia,57.8,41,92,48.0,47.7,48.0,51,0.6,2.0,70.2,66.0,83.1,85.0,76.9,70.0,7.9,9.0,10,13.9,17
1.0,0.05,2.0,Ohio,57.8,52,62,59.0,54.1,54.0,58,0.0,0.0,61.8,60.5,65.0,64.0,55.8,45.5,17.5,17.5,24,17.8,20
0.5,0.1,0.5,Oregon,57.9,49,60,60.0,7.7,7.0,10,0.0,0.0,71.8,81.0,83.7,85.0,124.0,124.0,1.7,2.0,2,1.1,2
0.5,0.1,0.5,Vermont,57.9,38,64,64.0,8.7,9.0,10,1.1,3.0,72.9,74.0,79.0,78.0,91.8,100.0,8.2,8.0,11,4.8,6
1.0,0.1,0.5,Washington,57.9,52,72,52.0,11.7,11.5,15,0.0,0.0,66.2,72.0,78.0,77.5,42.0,28.0,12.0,12.0,15,15.1,17
2.0,0.1,2.0,Missouri,58.1,50,79,59.5,78.4,78.0,82,0.1,1.0,66.1,62.0,70.0,65.0,37.5,28.0,17.7,18.0,22,8.5,11
0.5,0.1,0.5,Washington,58.1,52,72,53.0,10.2,10.5,11,0.0,0.0,66.9,71.0,76.9,72.0,100.4,98.0,9.9,10.0,13,14.4,16
0.5,0.1,0.5,Nevada,58.2,48,69,64.0,5.0,5.0,5,0.0,0.0,68.0,70.0,75.5,77.0,95.1,96.0,2.3,2.0,3,0.0,0
0.5,0.1,1.0,Washington,58.2,52,72,52.5,11.3,11.5,14,0.0,0.0,70.6,71.5,76.8,77.0,42.0,28.0,11.7,11.5,15,15.4,18
0.5,0.05,1.0,Ohio,58.2,52,62,59.0,48.9,49.0,54,0.0,0.0,63.0,63.5,66.2,66.0,81.8,94.0,18.0,18.0,22,16.8,26
1.0,0.1,1.0,Oklahoma,58.4,42,65,65.0,34.9,34.0,38,0.0,0.0,71.7,73.5,81.4,85.0,28.0,28.0,5.9,5.5,10,4.4,6
0.5,0.25,1.0,New York,58.6,44,61,61.0,13.4,14.0,16,0.4,2.0,67.5,68.0,71.1,71.0,28.0,28.0,146.2,146.5,154,37.2,41
1.0,0.1,0.5,Oklahoma,58.7,42,65,60.0,27.6,28.0,32,0.0,0.0,71.4,68.5,82.1,85.0,28.0,28.0,6.2,6.0,10,3.4,5
2.0,0.05,0.5,Oklahoma,58.7,42,65,60.0,39.0,39.0,43,0.0,0.0,72.0,68.5,84.8,86.5,28.0,28.0,6.0,6.0,9,4.2,8
1.0,0.05,1.0,California,58.7,45,79,55.0,6.8,6.5,9,7.2,18.0,74.8,76.0,89.6,91.0,28.0,28.0,83.8,84.5,97,28.4,30
2.0,0.25,0.5,Kentucky,58.8,56,62,57.0,44.0,45.0,47,0.0,0.0,62.3,62.0,65.0,64.0,77.3,70.0,26.9,26.5,29,14.6,17
0.5,0.1,1.0,Vermont,58.9,38,74,64.0,9.6,10.0,12,1.0,3.0,74.4,74.0,80.9,80.5,91.3,100.0,10.4,10.0,13,4.4,6
2.0,0.05,0.5,North Dakota,59.0,53,68,53.0,12.0,12.0,13,0.0,0.0,80.5,80.5,95.4,97.0,69.6,28.0,12.8,13.0,17,2.4,4
0.5,0.1,1.0,Oklahoma,59.0,55,65,55.0,23.1,23.5,25,0.0,0.0,69.1,65.0,79.3,75.0,28.0,28.0,5.5,5.0,8,2.8,4
2.0,0.1,0.5,Oklahoma,59.0,55,65,55.0,40.0,39.5,42,0.0,0.0,69.1,65.0,81.3,85.0,28.0,28.0,6.8,6.5,9,4.9,7
2.0,0.05,1.0,Ohio,59.0,52,66,59.0,54.8,55.0,59,0.0,0.0,63.1,66.0,66.9,67.0,73.5,84.5,18.6,18.0,24,16.7,22
0.5,0.1,2.0,Nevada,59.2,48,64,64.0,5.0,5.0,5,0.0,0.0,70.0,70.0,75.4,77.0,93.9,93.0,2.8,3.0,4,0.0,0
1.0,0.01,2.0,Florida,59.2,41,167,48.0,7.2,8.0,9,4.9,13.0,113.5,106.0,137.6,118.5,41.6,28.0,29.1,28.0,38,23.5,26
1.0,0.05,2.0,Utah,59.3,51,79,57.0,13.0,13.0,14,0.0,0.0,73.5,79.0,89.1,83.0,35.2,28.0,18.1,19.0,22,3.5,5
2.0,0.1,1.0,Oregon,59.3,53,81,56.0,16.2,16.5,18,0.0,0.0,69.6,69.5,81.5,81.5,118.9,124.0,2.7,2.5,4,5.1,6
1.0,0.05,1.0,Ohio,59.3,52,68,59.0,54.4,54.0,57,0.0,0.0,64.5,62.0,67.2,65.5,65.3,69.0,17.9,17.0,24,16.6,18
0.5,0.1,2.0,New York,59.3,44,61,61.0,10.9,12.0,14,0.0,0.0,68.8,69.5,72.8,71.5,28.0,28.0,163.1,161.0,180,40.0,44
1.0,0.01,1.0,Wisconsin,59.5,43,70,62.0,32.5,31.5,39,0.0,0.0,67.7,70.0,72.8,72.5,34.4,28.0,80.9,79.5,100,30.0,35
1.0,0.25,0.5,New York,59.6,54,61,61.0,15.4,16.5,17,0.2,1.0,67.3,68.0,70.1,70.0,32.4,28.0,155.9,155.0,168,35.6,39
ALL,ALL,ALL,Montana,59.611111111111114,39,119,45.0,18.544444444444444,19.0,23,0.002777777777777778,1.0,70.08888888888889,68.0,85.64444444444445,87.0,130.62222222222223,50.0,0.6960227272727273,1.0,3,3.5944444444444446,7
1.0,0.05,0.5,Oklahoma,59.7,42,75,60.0,25.3,26.0,27,0.0,0.0,76.5,75.0,89.8,94.0,40.9,28.0,4.7,5.0,8,3.2,6
0.5,0.05,2.0,Oklahoma,59.7,42,65,65.0,31.8,32.0,34,0.0,0.0,73.0,72.0,83.0,86.5,34.8,28.0,5.0,4.5,8,3.6,6
ALL,ALL,ALL,California,59.80833333333333,40,91,55.0,6.3,6.0,9,9.1,24.0,81.1361111111111,91.0,93.86944444444444,92.0,28.0,28.0,79.90555555555555,79.0,111,28.366666666666667,32
0.5,0.25,0.5,Kentucky,59.9,56,62,62.0,33.0,33.0,35,0.0,0.0,62.7,64.0,65.8,64.0,76.8,70.0,10.4,10.0,15,8.8,11
1.0,0.25,0.5,Kentucky,59.9,56,62,62.0,41.9,41.0,45,0.0,0.0,62.7,64.0,65.4,66.0,55.5,49.0,21.7,22.0,24,9.4,12
0.5,0.25,2.0,Kentucky,59.9,56,62,62.0,43.1,43.0,46,0.0,0.0,62.9,64.0,65.6,66.0,68.8,70.0,26.0,25.5,30,12.3,14
2.0,0.25,1.0,Kentucky,59.9,56,62,62.0,46.0,46.0,48,0.0,0.0,63.2,64.0,66.0,68.0,75.4,81.5,30.2,29.5,34,14.6,16
1.0,0.1,2.0,North Dakota,60.0,53,93,53.0,11.9,12.0,13,0.0,0.0,80.9,80.5,95.3,95.0,46.8,28.0,12.9,13.0,15,4.4,5
0.5,0.1,1.0,Oregon,60.0,55,81,58.0,11.9,12.0,13,0.0,0.0,69.9,69.5,81.3,81.5,124.0,124.0,2.1,2.0,5,4.5,6
1.0,0.1,2.0,Oklahoma,60.0,55,65,60.0,41.2,41.0,45,0.0,0.0,71.2,67.5,80.9,80.0,28.0,28.0,7.6,7.5,11,5.1,7
0.5,0.1,2.0,Washington,60.0,52,72,52.5,11.7,12.0,14,0.0,0.0,67.1,72.0,78.6,81.5,35.0,28.0,12.7,14.0,15,15.0,17
0.5,0.01,0.5,Wisconsin,60.0,41,73,62.0,30.2,28.5,37,0.2,1.0,69.8,70.0,74.0,74.5,50.4,47.5,62.6,63.0,71,29.9,37
1.0,0.05,2.0,Washington,60.1,52,72,53.0,11.9,12.0,15,0.2,1.0,72.9,72.0,82.4,82.0,49.0,28.0,13.7,13.0,18,16.1,18
1.0,0.25,2.0,Kentucky,60.3,56,62,62.0,44.2,43.5,47,0.0,0.0,62.4,64.0,65.8,68.0,83.3,93.0,30.7,30.5,36,15.3,17
0.5,0.1,0.5,New York,60.3,54,61,61.0,9.7,10.0,12,0.4,1.0,69.7,68.5,75.4,76.0,28.0,28.0,111.9,112.5,120,33.9,38
1.0,0.1,0.5,New York,60.3,54,61,61.0,11.1,11.0,13,0.3,2.0,68.5,68.0,71.7,71.0,28.0,28.0,155.1,157.5,165,38.6,42
2.0,0.05,0.5,Missouri,60.4,45,74,61.0,72.7,73.0,74,0.0,0.0,69.8,65.0,76.0,75.0,39.8,28.0,14.7,15.0,19,7.3,11
0.5,0.25,1.0,Kentucky,60.4,56,62,62.0,37.7,37.5,43,0.0,0.0,62.9,64.0,65.0,64.0,61.9,28.0,17.2,16.5,22,8.9,11
2.0,0.1,2.0,Georgia,60.5,41,93,59.5,47.8,47.5,51,0.5,2.0,77.1,75.0,86.8,92.5,92.3,113.5,7.3,7.5,13,14.4,16
2.0,0.1,1.0,Nevada,60.6,48,70,64.0,5.0,5.0,5,0.0,0.0,70.3,70.0,75.7,77.0,94.5,94.5,2.7,3.0,4,0.0,0
0.5,0.1,1.0,Nevada,60.6,48,70,64.0,5.0,5.0,5,0.0,0.0,70.6,70.0,75.0,75.0,94.2,93.0,2.7,3.0,4,0.0,0
1.0,0.1,1.0,Oregon,60.6,49,81,56.0,15.2,15.0,17,0.0,0.0,67.0,58.0,82.0,81.0,118.9,124.0,2.8,3.0,4,5.2,7
1.0,0.1,2.0,Georgia,60.6,41,85,59.0,47.0,47.0,50,0.5,2.0,76.5,77.0,82.8,88.0,87.3,86.0,5.8,5.0,10,11.4,15
1.0,0.25,1.0,Kentucky,60.6,56,64,62.0,44.7,44.0,48,0.0,0.0,63.8,64.0,66.6,68.0,92.1,93.0,25.1,24.5,30,12.2,15
2.0,0.05,1.0,Oklahoma,60.7,42,65,65.0,41.2,41.0,45,0.0,0.0,74.4,72.0,89.2,88.0,28.0,28.0,6.6,7.0,9,4.8,7
2.0,0.25,2.0,Kentucky,60.7,57,64,62.0,43.7,44.0,46,0.0,0.0,63.6,64.0,66.0,66.0,86.2,94.5,31.2,32.0,34,16.4,19
1.0,0.05,0.5,Missouri,60.8,50,65,63.0,63.2,64.0,68,0.0,0.0,68.7,69.5,79.4,76.0,67.9,28.0,8.7,8.5,12,5.9,8
0.5,0.1,1.0,Georgia,60.8,41,92,58.5,35.2,36.0,38,0.8,2.0,74.0,75.0,82.8,82.5,81.3,80.0,5.0,5.0,9,6.7,9
1.0,0.05,2.0,California,60.8,45,79,55.0,7.2,7.0,9,11.0,18.0,86.4,91.0,91.8,92.0,28.0,28.0,77.5,79.0,90,27.9,30
0.5,0.05,1.0,Oklahoma,61.0,55,65,65.0,21.0,21.0,23,0.0,0.0,71.1,72.0,85.4,88.0,34.8,28.0,3.8,3.5,6,2.5,5
2.0,0.1,1.0,Oklahoma,61.0,55,65,65.0,43.9,44.0,46,0.0,0.0,74.0,73.5,86.7,85.0,28.0,28.0,7.1,7.0,9,4.7,6
2.0,0.05,2.0,Oklahoma,61.0,55,65,65.0,42.1,42.5,44,0.0,0.0,74.3,72.0,85.9,86.5,28.0,28.0,9.0,9.0,12,5.7,9
2.0,0.1,2.0,Washington,61.0,43,72,62.0,11.4,11.5,13,0.4,3.0,72.8,72.0,80.9,82.0,42.0,28.0,13.7,14.0,17,16.5,18
1.0,0.1,1.0,New York,61.0,44,71,61.0,12.0,12.0,15,0.1,1.0,70.2,69.5,77.4,73.5,28.0,28.0,158.4,157.0,188,39.4,43
2.0,0.1,0.5,New York,61.0,61,61,61.0,12.0,12.0,13,0.2,1.0,69.2,68.0,72.2,71.0,28.0,28.0,153.3,150.5,169,39.6,41
2.0,0.01,1.0,Wisconsin,61.1,41,70,62.0,35.0,35.5,40,0.1,1.0,70.1,72.0,73.7,73.0,31.5,28.0,78.1,78.0,83,27.4,31
1.0,0.25,1.0,Vermont,61.3,55,64,64.0,8.7,9.0,9,0.7,2.0,71.7,74.0,75.6,75.0,97.9,100.0,8.6,8.0,11,5.3,7
0.5,0.05,1.0,Missouri,61.4,61,65,61.0,61.4,60.5,66,0.0,0.0,69.2,65.0,76.7,74.0,38.8,28.0,9.1,9.0,13,5.8,9
2.0,0.01,1.0,Florida,61.4,48,115,48.0,6.3,6.5,10,7.9,27.0,143.3,130.0,202.2,183.0,36.7,28.0,29.5,30.0,37,24.7,29
1.0,0.05,1.0,Utah,61.5,51,79,57.0,11.3,11.5,12,0.0,0.0,73.9,70.0,87.8,83.0,50.0,28.0,18.8,19.5,28,3.7,5
1.0,0.05,0.5,California,61.5,40,79,57.0,7.3,7.0,9,6.9,17.0,78.3,85.5,91.5,91.5,28.0,28.0,80.8,79.5,101,27.9,29
2.0,0.05,0.5,Utah,61.6,51,79,55.0,12.9,13.0,14,0.0,0.0,72.3,61.0,90.1,90.0,56.3,28.0,17.7,17.5,23,2.7,5
2.0,0.05,1.0,Utah,61.6,51,79,57.0,14.0,13.5,16,0.0,0.0,73.3,65.0,87.0,90.0,54.6,28.0,17.9,19.0,24,2.8,5
2.0,0.05,0.5,Kentucky,61.6,57,64,62.0,39.7,40.0,43,0.0,0.0,65.0,64.0,69.9,70.0,80.6,60.5,24.9,25.5,30,12.0,16
2.0,0.05,0.5,Oregon,61.7,49,81,58.0,14.8,15.0,17,0.0,0.0,75.6,81.0,86.7,82.0,114.4,124.0,2.7,3.0,4,4.8,6
1.0,0.05,2.0,Missouri,61.7,50,91,61.0,73.6,74.0,76,0.0,0.0,70.4,69.5,75.3,76.0,45.8,28.0,15.9,15.5,21,8.5,10
0.5,0.1,2.0,Kentucky,61.7,57,64,62.0,40.4,41.0,42,0.0,0.0,64.4,64.0,67.3,68.0,68.7,81.5,24.7,24.5,28,12.1,14
2.0,0.05,0.5,New York,61.7,61,68,61.0,11.5,12.0,15,0.0,0.0,70.1,71.0,76.0,75.5,28.0,28.0,148.9,147.0,169,39.2,42
1.0,0.05,1.0,Oregon,61.8,49,81,60.0,14.3,15.0,16,0.0,0.0,77.7,81.0,87.4,85.0,114.4,124.0,3.3,3.5,5,4.8,7
1.0,0.1,1.0,Illinois,61.8,47,73,69.0,56.0,56.0,59,0.0,0.0,65.4,70.5,67.3,72.0,96.7,87.5,10.2,10.0,14,10.2,13
1.0,0.1,1.0,Kentucky,61.9,57,64,62.0,40.5,40.5,45,0.0,0.0,65.4,64.0,70.1,68.0,58.2,49.0,25.6,26.0,31,13.4,16
0.5,0.05,1.0,Utah,62.0,51,79,57.0,10.8,11.0,12,0.0,0.0,74.3,76.5,89.1,90.0,46.7,28.0,16.2,16.0,24,2.0,4
2.0,0.05,0.5,Vermont,62.0,55,71,64.0,10.2,11.0,11,0.6,2.0,76.8,74.0,84.0,83.0,100.4,100.0,11.7,12.0,15,3.8,6
1.0,0.1,2.0,Kentucky,62.0,62,62,62.0,41.2,41.5,44,0.0,0.0,63.8,64.0,67.4,68.0,101.5,96.0,28.7,28.5,35,16.4,22
0.5,0.1,1.0,New York,62.0,61,71,61.0,12.3,12.5,15,0.0,0.0,70.5,71.0,77.2,73.5,28.0,28.0,144.4,146.0,152,37.3,43
1.0,0.1,2.0,New York,62.0,44,75,61.0,11.4,11.5,17,0.3,2.0,72.2,69.5,78.4,71.5,32.4,28.0,160.6,158.0,178,40.0,45
ALL,ALL,ALL,Oklahoma,62.16111111111111,42,151,65.0,31.016666666666666,32.0,47,0.0,0.0,78.14444444444445,72.0,91.28611111111111,85.0,39.924157303370784,28.0,6.044692737430168,6.0,18,3.7916666666666665,9
1.0,0.1,2.0,Nevada,62.3,48,70,66.5,5.0,5.0,5,0.0,0.0,70.4,70.0,84.5,77.0,93.6,93.0,2.9,3.0,3,0.0,0
0.5,0.1,1.0,Kentucky,62.3,57,70,62.0,34.0,34.0,38,0.0,0.0,65.2,64.0,70.0,70.0,56.3,28.0,17.0,16.5,21,8.2,10
2.0,0.01,0.5,Florida,62.3,48,103,48.0,7.0,7.0,10,4.7,16.0,113.9,110.5,161.0,130.0,45.1,28.0,25.3,25.0,31,23.1,28
2.0,0.05,1.0,Montana,62.4,39,90,68.0,21.0,21.0,23,0.0,0.0,77.3,90.0,91.9,94.0,233.5,233.5,0.5,0.0,2,4.2,6
0.5,0.05,0.5,Kentucky,62.4,62,64,62.0,25.9,26.0,30,0.0,0.0,72.1,64.0,89.9,89.0,78.0,93.0,11.8,11.5,23,5.5,8
0.5,0.1,0.5,Kentucky,62.4,62,64,62.0,29.6,29.5,33,0.0,0.0,64.4,64.0,73.3,75.0,104.9,112.5,9.7,9.5,12,6.9,9
1.0,0.1,2.0,Illinois,62.4,47,74,62.0,56.2,56.0,61,0.0,0.0,69.1,73.0,71.5,74.0,80.6,82.5,13.0,13.0,18,9.8,12
2.0,0.1,2.0,Kentucky,62.4,62,64,62.0,42.1,43.0,44,0.0,0.0,64.6,64.0,69.4,70.0,89.0,93.0,31.1,30.5,34,15.2,17
2.0,0.1,1.0,Kentucky,62.4,62,64,62.0,41.6,42.0,43,0.0,0.0,64.4,64.0,69.1,68.0,85.9,93.0,30.5,31.5,34,16.3,19
0.5,0.25,1.0,South Carolina,62.5,58,73,58.0,5.1,5.0,6,0.0,0.0,75.0,73.0,114.3,85.0,83.5,69.0,2.5,2.0,5,0.0,0
1.0,0.25,0.5,South Carolina,62.5,58,73,58.0,6.4,6.5,7,0.0,0.0,76.6,73.0,96.6,85.0,86.7,69.0,5.6,5.0,9,0.0,0
2.0,0.25,2.0,South Carolina,62.5,58,73,58.0,12.7,12.5,14,0.0,0.0,75.0,73.0,97.1,85.0,82.1,69.0,15.5,16.5,22,0.1,1
1.0,0.25,2.0,South Carolina,62.5,58,73,58.0,10.9,11.0,13,0.0,0.0,75.1,73.0,93.5,85.0,102.5,69.0,16.8,17.0,22,0.3,1
1.0,0.25,1.0,South Carolina,62.5,58,73,58.0,8.8,9.0,10,0.0,0.0,77.7,73.0,96.5,85.0,79.9,69.0,11.4,11.5,18,0.4,1
1.0,0.1,2.0,Vermont,62.6,38,86,64.0,10.5,11.0,12,0.8,2.0,75.7,74.0,82.8,83.0,96.5,100.0,8.8,8.5,12,3.5,6
2.0,0.1,0.5,Kentucky,62.6,62,64,62.0,39.2,39.5,42,0.0,0.0,65.2,64.0,70.8,70.0,88.0,93.0,26.6,27.0,32,15.1,17
2.0,0.01,2.0,Wisconsin,62.6,57,70,62.0,32.9,33.5,38,0.0,0.0,69.8,70.0,73.3,72.5,37.2,28.0,77.4,76.0,95,30.1,36
ALL,ALL,ALL,Washington,62.62777777777778,43,94,71.0,11.252777777777778,11.0,15,0.2722222222222222,4.0,72.325,72.0,81.19722222222222,82.0,52.85,28.0,12.505555555555556,12.0,20,14.344444444444445,21
1.0,0.1,1.0,Vermont,62.7,55,71,64.0,10.6,10.0,12,0.4,2.0,72.2,74.0,79.3,83.0,101.2,100.0,9.2,9.0,14,3.4,5
1.0,0.01,2.0,Wisconsin,62.7,57,70,62.0,33.8,32.5,41,0.0,0.0,69.9,71.0,74.2,73.5,32.5,28.0,79.4,79.5,87,29.2,33
0.5,0.01,1.0,Wisconsin,62.7,51,72,62.0,29.8,30.5,32,0.0,0.0,70.0,69.0,73.7,72.0,41.8,28.0,75.4,74.5,83,29.6,34
1.0,0.1,0.5,Kentucky,62.8,62,64,62.0,39.0,39.0,42,0.0,0.0,65.0,64.0,69.4,69.0,56.0,28.0,20.1,19.0,27,9.5,11
0.5,0.05,2.0,Kentucky,62.8,62,68,62.0,38.2,38.5,42,0.0,0.0,66.6,64.0,82.5,78.5,65.5,60.5,21.8,21.0,28,11.0,15
1.0,0.05,1.0,Kentucky,62.8,62,64,62.0,38.3,38.0,41,0.0,0.0,67.6,64.0,77.5,75.0,92.9,98.0,24.1,23.5,29,13.1,17
2.0,0.01,0.5,Wisconsin,62.8,57,70,62.0,32.5,33.0,35,0.0,0.0,69.3,70.0,72.6,72.0,40.3,28.0,80.4,80.5,91,30.0,33
2.0,0.1,2.0,New York,62.8,54,86,61.0,12.2,11.5,16,0.1,1.0,73.5,71.0,76.9,72.5,28.0,28.0,153.2,154.0,169,39.5,42
0.5,0.1,0.5,Illinois,62.9,53,71,65.0,39.9,40.5,44,0.0,0.0,68.1,70.0,72.0,72.0,81.8,87.0,5.6,5.0,9,5.0,6
2.0,0.1,0.5,Nevada,63.0,48,70,64.0,5.0,5.0,5,0.0,0.0,70.6,70.0,75.8,77.0,94.8,96.0,2.4,2.0,3,0.0,0
1.0,0.05,0.5,Utah,63.0,51,79,55.0,11.9,12.0,12,0.0,0.0,75.7,79.0,92.3,95.0,36.9,28.0,18.1,18.0,22,1.8,3
1.0,0.05,1.0,Oklahoma,63.0,55,65,65.0,33.5,34.0,36,0.0,0.0,76.0,72.0,91.0,88.0,45.1,28.0,4.2,4.0,6,4.4,6
2.0,0.05,0.5,Illinois,63.0,47,73,67.5,53.8,54.0,57,0.0,0.0,66.9,71.5,71.8,72.5,142.6,159.5,9.7,9.0,15,7.6,12
1.0,0.05,2.0,Kentucky,63.0,62,64,63.0,40.8,40.5,44,0.0,0.0,69.9,67.0,78.4,78.0,73.9,93.0,28.8,28.5,36,13.9,17
2.0,0.05,2.0,Kentucky,63.0,62,64,63.0,40.7,40.0,44,0.0,0.0,76.7,70.0,90.2,93.0,92.5,113.0,28.9,27.5,35,14.5,19
0.5,0.01,2.0,Wisconsin,63.0,57,72,62.0,31.9,32.0,37,0.0,0.0,69.1,70.0,72.7,72.5,47.0,28.0,81.4,80.0,94,29.5,33
0.5,0.1,2.0,Vermont,63.1,55,64,64.0,9.5,9.5,11,0.7,2.0,73.7,74.0,79.6,79.5,97.0,100.0,9.1,9.0,13,4.5,6
0.5,0.05,1.0,Kentucky,63.2,62,64,64.0,31.9,32.0,35,0.0,0.0,72.1,70.0,85.4,78.0,55.7,28.0,17.1,16.5,26,7.8,9
2.0,0.05,1.0,Kentucky,63.2,62,68,62.0,41.3,42.0,43,0.0,0.0,71.4,69.0,81.9,78.0,73.9,70.5,27.0,29.0,30,13.9,17
2.0,0.05,1.0,California,63.2,51,79,55.0,7.3,7.5,9,3.8,15.0,70.7,72.0,88.5,91.0,28.0,28.0,76.8,77.0,89,28.0,31
2.0,0.1,1.0,New York,63.2,61,73,61.0,12.0,12.0,16,0.1,1.0,71.2,71.0,75.8,72.5,32.1,28.0,158.6,160.0,172,39.9,44
0.5,0.1,2.0,Illinois,63.3,47,70,66.5,55.2,55.0,57,0.0,0.0,67.2,70.0,70.5,72.0,72.9,82.5,10.5,10.5,13,8.5,11
1.0,0.1,2.0,Washington,63.4,48,72,71.0,11.5,11.5,13,0.1,1.0,70.8,72.0,80.3,81.5,46.6,28.0,14.0,13.5,16,16.5,18
1.0,0.1,0.5,Nevada,63.5,48,70,64.0,5.0,5.0,5,0.0,0.0,70.3,70.0,74.9,74.5,94.2,93.0,2.6,3.0,3,0.0,0
2.0,0.05,0.5,Nevada,63.6,48,77,66.5,5.0,5.0,5,0.0,0.0,78.5,70.0,87.3,77.0,95.7,96.0,2.2,2.0,4,0.0,0
0.5,0.05,1.0,California,63.6,45,80,61.0,6.6,7.0,8,7.0,17.0,79.4,91.0,92.6,92.0,28.0,28.0,74.2,70.5,86,28.0,29
ALL,ALL,ALL,Missouri,63.611111111111114,45,98,61.0,63.611111111111114,68.0,83,0.019444444444444445,1.0,72.24444444444444,65.0,77.3861111111111,74.0,67.13764044943821,28.0,12.225,12.0,26,7.491666666666666,15
2.0,0.1,2.0,Vermont,63.8,38,83,64.0,10.5,10.0,12,0.6,2.0,75.2,74.0,83.9,83.5,98.5,100.0,9.7,9.5,13,3.5,6
2.0,0.1,2.0,Oregon,63.8,56,81,60.0,15.8,15.5,18,0.0,0.0,76.9,81.0,88.8,85.0,124.0,124.0,2.5,2.0,4,6.4,8
2.0,0.1,1.0,Illinois,63.8,53,71,65.0,58.0,57.5,62,0.0,0.0,68.0,70.5,71.9,73.5,81.7,85.0,10.5,10.0,12,9.8,13
2.0,0.05,1.0,Missouri,63.9,50,76,63.0,74.7,74.5,78,0.1,1.0,71.3,69.5,79.7,76.0,49.2,28.0,15.0,14.5,20,8.1,11
1.0,0.01,0.5,Wisconsin,63.9,57,70,62.0,32.0,32.5,36,0.1,1.0,70.6,71.0,74.7,73.0,41.8,28.0,74.8,75.0,84,29.1,34
2.0,0.25,0.5,South Carolina,64.0,58,73,58.0,9.3,9.0,11,0.0,0.0,77.7,73.0,96.7,85.0,106.1,69.0,14.9,16.0,19,0.3,1
0.5,0.25,2.0,South Carolina,64.0,58,73,58.0,7.9,8.0,10,0.0,0.0,77.7,73.0,99.7,85.0,97.8,69.0,8.9,9.5,11,0.6,1
2.0,0.25,1.0,South Carolina,64.0,58,73,58.0,10.5,10.5,12,0.0,0.0,77.7,73.0,96.7,85.0,84.9,69.0,15.9,17.0,21,0.7,1
0.5,0.05,1.0,North Dakota,64.0,53,93,53.0,11.1,11.0,13,0.0,0.0,88.2,97.0,98.4,100.0,126.1,122.0,3.6,4.0,5,2.2,4
1.0,0.05,2.0,North Dakota,64.0,53,93,53.0,12.5,12.0,14,0.0,0.0,82.1,80.5,96.6,97.0,46.8,28.0,10.6,10.5,12,2.9,5
1.0,0.1,0.5,Vermont,64.0,64,64,64.0,9.6,10.0,11,0.7,1.0,74.7,74.0,80.7,83.0,99.8,100.0,9.1,9.0,15,4.4,7
2.0,0.1,0.5,Vermont,64.0,64,64,64.0,9.4,9.5,11,0.7,2.0,74.6,74.0,80.5,80.5,98.8,100.0,10.1,10.0,12,4.6,7
1.0,0.05,2.0,Oregon,64.1,49,81,60.0,14.4,14.5,16,0.0,0.0,79.4,81.0,91.6,98.0,114.4,124.0,3.3,3.0,5,4.8,6
0.5,0.05,1.0,Washington,64.1,52,72,71.5,10.6,10.0,14,0.3,1.0,74.9,76.5,80.4,82.0,35.0,28.0,13.7,14.0,17,14.2,16
1.0,0.1,2.0,Oregon,64.2,55,81,59.0,15.6,16.0,17,0.0,0.0,71.8,71.5,85.6,83.0,114.4,124.0,2.8,2.5,4,5.0,6
2.0,0.1,2.0,Nevada,64.3,49,70,64.0,5.0,5.0,5,0.0,0.0,69.5,70.0,75.0,76.5,94.2,93.0,2.7,3.0,3,0.0,0
1.0,0.05,0.5,Montana,64.5,39,90,68.0,17.4,17.0,19,0.0,0.0,82.4,90.0,90.8,94.0,50.0,50.0,0.1,0.0,1,3.1,6
2.0,0.1,1.0,Vermont,64.5,55,71,64.0,10.1,10.0,11,0.7,2.0,74.4,74.0,82.7,83.0,99.3,100.0,9.3,9.0,12,3.9,6
0.5,0.05,1.0,Montana,64.8,39,90,68.0,17.3,17.5,20,0.0,0.0,80.4,90.0,91.5,94.0,50.0,50.0,0.1,0.0,1,3.1,5
0.5,0.01,0.5,Indiana,64.8,39,89,66.5,28.2,28.0,33,0.1,1.0,86.3,83.0,96.6,91.0,106.2,106.0,5.1,5.5,7,4.6,7
0.5,0.05,2.0,California,64.8,53,82,55.5,6.5,7.0,8,9.6,16.0,86.4,91.0,93.8,92.0,28.0,28.0,78.9,79.5,98,28.6,30
ALL,ALL,ALL,Oregon,64.94166666666666,49,98,60.0,12.772222222222222,13.0,18,0.0,0.0,76.00277777777778,81.0,85.66666666666667,85.0,107.41944444444445,124.0,2.9583333333333335,3.0,8,4.308333333333334,8
0.5,0.1,1.0,Illinois,65.0,47,71,67.5,49.1,48.5,52,0.0,0.0,69.5,70.5,71.3,72.0,87.7,87.0,7.7,8.0,11,6.0,8
0.5,0.05,2.0,Missouri,65.0,50,74,65.0,65.3,65.5,71,0.0,0.0,75.2,74.0,80.7,77.5,79.5,73.0,11.6,11.5,16,6.3,8
1.0,0.01,2.0,Michigan,65.0,39,89,74.0,38.1,38.0,41,0.4,2.0,88.8,94.0,95.8,96.0,119.4,127.5,17.2,18.0,19,17.2,24
0.5,0.25,1.0,Mississippi,65.2,56,102,56.0,6.1,6.0,7,0.0,0.0,113.5,102.0,182.8,145.0,65.0,65.0,1.375,1.0,2,0.0,0
2.0,0.05,2.0,Utah,65.2,51,79,62.0,12.3,12.5,14,0.0,0.0,80.9,79.5,90.6,95.0,56.0,28.0,15.8,16.0,19,3.5,5
0.5,0.25,0.5,South Carolina,65.5,58,73,65.5,4.5,4.5,6,0.0,0.0,78.8,78.5,98.8,85.0,69.0,69.0,1.0,1.0,1,0.0,0
2.0,0.05,1.0,North Dakota,65.5,53,93,60.5,12.7,12.5,15,0.0,0.0,86.7,93.0,97.4,97.0,67.8,28.0,12.0,11.5,16,3.3,5
1.0,0.05,2.0,Nevada,65.7,48,70,69.0,5.0,5.0,5,0.0,0.0,73.1,70.0,86.0,77.0,94.5,94.5,2.5,2.5,3,0.0,0
2.0,0.01,1.0,Indiana,65.7,53,77,67.0,46.8,46.0,55,0.0,0.0,83.4,77.0,102.8,104.5,88.9,91.0,10.7,11.0,14,8.5,12
1.0,0.1,0.5,Illinois,65.8,54,73,67.5,52.1,52.5,54,0.0,0.0,68.9,70.0,71.6,73.0,84.7,87.0,8.4,8.5,13,7.5,11
1.0,0.05,1.0,Washington,65.8,52,72,71.0,11.3,11.0,15,0.0,0.0,75.7,72.5,83.8,83.0,35.0,28.0,13.9,14.0,17,14.2,17
2.0,0.05,0.5,Washington,65.8,52,72,71.0,11.5,12.0,13,0.0,0.0,73.7,72.0,83.2,82.0,28.0,28.0,13.3,14.0,17,15.4,18
2.0,0.05,2.0,Missouri,65.9,50,91,61.0,77.0,76.0,81,0.0,0.0,72.9,69.5,78.9,75.0,46.8,28.0,13.7,13.5,18,6.5,9
2.0,0.05,2.0,Washington,65.9,52,72,71.5,11.1,11.0,12,0.2,1.0,76.8,76.5,84.9,84.0,42.0,28.0,13.8,13.5,17,16.6,18
2.0,0.05,1.0,Nevada,66.0,48,70,70.0,5.0,5.0,5,0.0,0.0,73.6,76.0,91.1,77.0,94.8,96.0,2.2,2.0,3,0.0,0
2.0,0.05,2.0,Nevada,66.0,48,70,70.0,5.0,5.0,5,0.0,0.0,74.7,74.5,99.5,83.0,95.7,96.0,2.1,2.0,3,0.0,0
1.0,0.25,1.0,Maryland,66.0,66,66,66.0,10.6,11.0,12,0.0,0.0,67.7,66.5,76.9,78.0,71.6,68.0,18.5,18.5,23,1.1,3
1.0,0.1,0.5,Maryland,66.0,66,66,66.0,10.0,10.0,11,0.0,0.0,72.1,70.0,89.5,80.0,63.9,76.0,17.4,17.5,23,1.1,2
0.5,0.25,1.0,Maryland,66.0,66,66,66.0,9.6,10.0,10,0.0,0.0,66.1,66.0,75.8,78.0,62.4,68.0,19.0,19.0,22,1.4,2
0.5,0.25,2.0,Maryland,66.0,66,66,66.0,10.9,10.5,13,0.0,0.0,66.5,66.0,76.1,78.0,60.4,68.0,19.8,20.0,22,1.5,3
2.0,0.25,2.0,Maryland,66.0,66,66,66.0,12.3,12.0,14,0.0,0.0,66.4,66.0,76.9,78.0,52.7,68.0,19.6,19.5,23,1.5,3
1.0,0.25,0.5,Maryland,66.0,66,66,66.0,9.9,10.0,12,0.0,0.0,66.1,66.0,75.0,78.0,64.7,68.0,18.3,18.0,21,1.6,3
0.5,0.25,0.5,Maryland,66.0,66,66,66.0,9.0,9.0,10,0.1,1.0,68.5,66.0,84.1,78.0,68.7,68.0,16.4,16.0,23,1.6,3
2.0,0.25,1.0,Maryland,66.0,66,66,66.0,11.7,11.5,14,0.0,0.0,66.1,66.0,76.6,78.0,62.4,68.0,17.9,19.0,21,1.8,3
1.0,0.25,2.0,Maryland,66.0,66,66,66.0,11.3,11.0,12,0.0,0.0,67.0,66.0,74.2,78.0,66.8,68.0,19.8,20.0,22,2.1,3
2.0,0.25,0.5,Maryland,66.0,66,66,66.0,11.5,11.0,14,0.0,0.0,66.8,66.0,76.9,78.0,63.1,68.0,19.7,19.5,24,2.1,3
0.5,0.05,0.5,California,66.0,45,79,69.0,7.5,7.5,9,4.4,18.0,77.5,80.0,90.3,91.0,28.0,28.0,68.2,68.0,82,27.1,30
ALL,ALL,ALL,Utah,66.20277777777778,51,134,52.0,11.936111111111112,12.0,18,0.002777777777777778,1.0,78.44166666666666,61.0,93.77777777777777,83.0,52.375,28.0,17.02777777777778,19.0,28,2.6972222222222224,8
1.0,0.01,1.0,Ohio,66.3,52,83,66.0,46.5,46.5,53,0.0,0.0,81.3,85.0,90.3,85.0,121.7,115.0,17.9,18.0,27,13.1,15
1.0,0.05,0.5,Washington,66.3,52,73,72.0,11.6,12.0,12,0.3,1.0,78.6,81.0,82.6,82.0,42.0,28.0,14.3,14.0,20,14.1,16
0.5,0.01,1.0,Florida,66.3,48,183,48.0,6.2,6.0,9,7.2,14.0,127.8,130.0,162.7,187.0,49.1,54.5,17.3,18.0,20,16.6,19
1.0,0.05,0.5,Nevada,66.4,48,70,69.5,5.0,5.0,5,0.0,0.0,73.1,73.0,95.2,78.5,95.1,96.0,2.5,2.5,3,0.0,0
1.0,0.05,1.0,Nevada,66.4,48,70,69.5,5.0,5.0,5,0.0,0.0,74.3,73.0,86.4,77.0,94.2,93.0,2.4,2.0,3,0.0,0
1.0,0.05,0.5,Oregon,66.4,49,81,61.0,12.3,12.5,14,0.0,0.0,81.7,81.0,90.7,98.0,124.0,124.0,3.2,3.0,5,3.9,5
2.0,0.1,0.5,Illinois,66.4,54,73,70.0,56.4,56.0,59,0.0,0.0,70.2,70.0,71.7,71.0,85.2,86.0,10.9,11.0,13,9.8,12
1.0,0.05,1.0,New York,66.4,61,86,61.0,10.2,10.0,14,0.0,0.0,74.9,71.0,84.5,81.0,28.0,28.0,152.4,151.0,167,40.3,43
0.5,0.01,0.5,Florida,66.5,39,115,48.0,4.7,4.5,8,4.0,14.0,108.7,109.0,179.4,188.0,78.3,68.0,10.6,10.0,15,12.7,16
1.0,0.05,2.0,New York,66.5,61,86,61.0,11.7,12.5,16,0.1,1.0,77.2,71.0,82.1,76.0,28.0,28.0,151.1,155.5,165,39.3,44
1.0,0.05,2.0,Georgia,66.6,41,93,75.0,45.0,44.0,49,0.2,1.0,77.5,79.5,92.3,94.5,121.5,121.0,3.9,2.5,10,10.3,15
2.0,0.1,2.0,Maryland,66.8,66,70,66.0,11.5,12.0,12,0.0,0.0,77.9,74.0,90.6,82.0,61.0,78.5,16.8,17.0,20,0.8,2
0.5,0.05,2.0,Montana,66.8,39,90,68.0,18.7,18.5,21,0.0,0.0,78.4,90.0,90.3,94.0,50.0,50.0,0.2,0.0,1,3.8,5
1.0,0.05,1.0,Illinois,66.8,54,74,71.0,54.5,55.0,58,0.0,0.0,72.5,73.0,76.6,74.0,77.8,83.5,12.8,12.5,16,7.7,10
0.5,0.01,1.0,Indiana,66.9,39,104,67.0,35.5,36.0,40,0.2,1.0,85.9,79.0,102.1,105.0,100.4,116.0,5.9,6.0,8,6.7,10
0.5,0.01,0.5,Ohio,66.9,59,85,62.5,30.0,30.5,34,0.1,1.0,83.9,85.0,94.9,101.0,119.4,116.5,11.0,10.5,18,8.5,14
1.0,0.01,0.5,Michigan,66.9,39,94,74.0,35.5,36.0,40,0.3,2.0,82.6,78.0,94.9,96.0,124.5,137.0,15.3,16.5,21,14.7,22
ALL,ALL,ALL,Georgia,66.94444444444444,41,137,62.0,37.65277777777778,40.0,53,0.44722222222222224,2.0,81.16111111111111,79.0,89.83055555555555,92.0,100.33527696793003,106.0,5.490196078431373,5.0,13,8.316666666666666,19
0.5,0.05,2.0,Utah,67.0,51,79,65.0,12.1,12.0,14,0.0,0.0,78.6,79.0,91.0,90.0,49.6,28.0,16.8,16.5,24,3.2,5
2.0,0.05,2.0,California,67.0,45,79,74.0,7.4,7.0,9,7.4,18.0,84.2,91.0,91.6,92.0,28.0,28.0,73.6,71.0,89,27.4,29
0.5,0.05,2.0,Nevada,67.1,48,76,70.0,5.0,5.0,5,0.0,0.0,78.9,76.0,103.1,100.5,99.1,96.0,2.1,2.0,3,0.0,0
2.0,0.05,2.0,Montana,67.1,39,90,68.0,20.9,21.0,22,0.0,0.0,80.7,90.0,91.9,94.0,360.57142857142856,404.0,0.9,1.0,2,4.7,6
0.5,0.05,1.0,New York,67.2,61,86,64.5,10.6,10.0,15,0.0,0.0,76.7,71.0,82.6,79.0,28.0,28.0,144.6,145.0,158,37.7,41
1.0,0.05,2.0,Vermont,67.4,64,74,64.0,10.8,10.5,14,0.3,1.0,78.8,74.0,89.0,84.0,103.4,100.0,9.6,10.5,12,3.2,6
1.0,0.05,2.0,Illinois,67.5,54,73,70.0,54.3,54.0,58,0.0,0.0,72.5,73.0,77.4,74.0,95.2,85.5,13.1,13.0,18,8.8,11
1.0,0.01,0.5,Ohio,67.5,52,85,64.5,39.5,41.0,43,0.0,0.0,83.2,85.0,94.5,101.0,110.4,115.0,15.6,16.5,19,12.8,16
0.5,0.05,1.0,Nevada,67.6,64,70,70.0,5.0,5.0,5,0.0,0.0,78.2,76.0,98.4,77.0,99.4,96.0,1.8,2.0,3,0.0,0
0.5,0.1,1.0,Maryland,67.6,66,78,66.0,10.3,10.0,12,0.0,0.0,75.0,74.0,93.2,80.5,45.4,28.0,17.2,18.5,20,0.9,2
2.0,0.1,0.5,Maryland,67.6,66,78,66.0,11.4,11.5,12,0.0,0.0,74.1,70.0,91.4,78.0,46.6,28.0,17.6,17.0,22,1.0,2
0.5,0.1,2.0,Maryland,67.6,66,78,66.0,10.8,10.0,13,0.0,0.0,71.8,70.0,90.4,78.0,67.5,76.0,17.7,18.0,23,1.0,2
0.5,0.1,0.5,Maryland,67.6,66,78,66.0,7.9,8.0,10,0.4,2.0,79.7,70.0,117.6,133.5,81.8,80.0,14.5,15.5,18,1.2,2
1.0,0.05,0.5,Kentucky,67.7,62,91,63.0,35.3,35.5,38,0.0,0.0,71.7,67.0,87.4,84.5,87.6,103.0,19.3,18.5,24,9.2,12
2.0,0.01,2.0,Michigan,67.7,39,81,74.0,40.4,41.0,44,0.2,1.0,86.8,92.0,94.3,96.0,128.1,116.5,13.8,13.0,20,16.0,19
2.0,0.05,1.0,Washington,67.7,52,72,71.5,10.6,10.0,14,0.3,1.0,74.8,76.5,83.7,84.0,28.0,28.0,14.5,15.0,17,16.7,19
1.0,0.1,1.0,Maryland,67.8,66,78,66.0,10.8,11.0,12,0.1,1.0,77.3,70.0,88.1,78.0,66.7,80.0,18.5,18.5,21,0.9,2
1.0,0.05,1.0,Missouri,67.8,50,91,65.0,69.2,69.0,70,0.2,1.0,75.3,74.0,78.4,76.0,82.8,94.0,12.7,12.0,18,7.3,11
2.0,0.1,2.0,Illinois,67.8,53,73,70.0,60.4,60.0,64,0.0,0.0,70.7,73.0,71.6,74.0,106.0,106.0,9.5,9.5,12,8.9,12
ALL,ALL,ALL,Nevada,67.96944444444445,46,180,64.0,4.963888888888889,5.0,5,0.0,0.0,85.80833333333334,70.0,102.50277777777778,77.0,111.49367088607595,93.0,2.369085173501577,2.0,4,0.002777777777777778,1
0.5,0.05,2.0,Washington,68.0,52,72,72.0,10.7,11.0,13,0.3,1.0,76.8,81.0,80.7,82.0,56.0,28.0,15.0,16.0,20,15.1,16
2.0,0.05,1.0,New York,68.0,61,86,61.0,13.0,14.0,16,0.0,0.0,77.7,71.0,84.1,76.0,28.0,28.0,148.8,151.5,165,38.1,45
1.0,0.01,2.0,Indiana,68.1,39,93,67.0,46.2,47.0,54,0.0,0.0,93.2,98.0,105.9,107.5,92.0,92.5,9.5,9.5,13,8.7,16
ALL,ALL,ALL,Kentucky,68.11666666666666,56,142,62.0,36.75555555555555,38.0,48,0.0,0.0,77.98055555555555,64.0,86.62777777777778,70.0,92.98055555555555,93.0,20.78611111111111,21.5,36,10.802777777777777,22
2.0,0.1,1.0,Maryland,68.2,66,84,66.0,11.1,11.0,12,0.0,0.0,76.0,74.0,86.7,80.0,58.3,48.0,17.6,18.5,24,1.2,2
ALL,ALL,ALL,Illinois,68.33055555555555,47,108,70.0,50.208333333333336,53.0,64,0.002777777777777778,1.0,75.85,73.0,79.73055555555555,74.0,100.43055555555556,88.0,10.447222222222223,10.0,21,7.486111111111111,14
1.0,0.25,2.0,Mississippi,68.4,56,102,56.0,16.4,16.5,17,0.0,0.0,112.1,102.0,155.6,145.0,122.33333333333333,65.0,2.0,2.0,3,1.0,1
2.0,0.25,0.5,Mississippi,68.4,56,102,56.0,15.0,15.0,17,0.0,0.0,109.2,102.0,159.9,145.0,65.0,65.0,1.0,1.0,2,1.2,2
0.5,0.05,2.0,Oregon,68.4,58,81,61.0,14.2,15.0,15,0.0,0.0,86.5,81.0,94.8,98.0,114.4,124.0,2.9,2.5,5,4.8,8
2.0,0.1,0.5,South Carolina,68.5,58,73,73.0,6.5,6.0,9,0.0,0.0,81.4,85.0,140.4,126.0,159.3,188.0,12.2,11.5,20,0.1,1
1.0,0.05,1.0,North Dakota,68.5,53,93,68.0,11.1,11.0,13,0.0,0.0,87.1,93.0,97.8,97.0,44.1,28.0,9.8,10.0,13,2.8,4
1.0,0.05,0.5,Illinois,68.5,47,74,71.5,48.5,48.5,52,0.0,0.0,73.9,73.5,79.9,75.0,92.4,85.5,10.1,9.5,15,6.3,9
0.5,0.05,2.0,New York,68.5,61,86,61.0,10.4,11.0,14,0.3,2.0,77.2,73.5,92.0,86.0,28.0,28.0,150.1,152.0,160,39.3,44
2.0,0.05,2.0,Vermont,68.7,38,86,72.5,11.3,11.0,14,0.4,2.0,83.9,83.5,92.2,86.0,103.6,100.0,10.9,10.0,17,2.7,5
ALL,ALL,ALL,North Dakota,68.775,53,136,53.0,11.175,12.0,16,0.002777777777777778,1.0,84.58055555555555,68.0,103.34453781512605,97.0,94.00859598853869,122.0,7.793201133144476,8.0,18,2.988888888888889,6
0.5,0.05,0.5,Nevada,68.8,64,70,70.0,5.0,5.0,5,0.0,0.0,76.9,76.0,108.1,119.5,98.8,96.0,2.2,2.0,3,0.0,0
0.5,0.25,1.0,Massachusetts,69.0,69,69,69.0,7.8,8.0,9,0.0,0.0,93.1,102.0,99.0,104.0,227.0,227.0,0.875,1.0,1,0.1,1
0.5,0.1,1.0,Massachusetts,69.0,69,69,69.0,7.6,7.5,9,0.0,0.0,99.0,104.0,106.5,104.0,214.375,227.0,1.125,1.0,2,0.1,1
1.0,0.25,0.5,Massachusetts,69.0,69,69,69.0,7.7,8.0,9,0.0,0.0,89.4,88.0,100.9,103.0,226.77777777777777,227.0,1.0,1.0,1,0.2,1
0.5,0.25,0.5,Massachusetts,69.0,69,69,69.0,5.7,5.5,7,0.0,0.0,89.3,91.5,103.2,104.0,,,0.0,0.0,0,0.2,1
1.0,0.25,1.0,Massachusetts,69.0,69,69,69.0,7.5,7.5,9,0.0,0.0,93.8,102.0,100.7,104.0,233.0,227.0,1.125,1.0,2,0.2,1
0.5,0.25,2.0,Massachusetts,69.0,69,69,69.0,7.7,8.0,9,0.0,0.0,89.8,88.0,100.0,102.0,226.77777777777777,227.0,1.1111111111111112,1.0,2,0.3,1
1.0,0.25,2.0,Massachusetts,69.0,69,69,69.0,7.3,7.0,9,0.0,0.0,82.5,79.0,99.5,103.0,226.42857142857142,227.0,1.2857142857142858,1.0,2,0.4,2
2.0,0.25,0.5,Massachusetts,69.0,69,69,69.0,7.6,7.5,9,0.0,0.0,85.0,81.0,102.3,103.0,229.77777777777777,227.0,1.2,1.0,2,0.4,2
2.0,0.25,1.0,Massachusetts,69.0,69,69,69.0,7.9,8.0,9,0.0,0.0,95.9,102.0,101.8,104.0,227.0,227.0,0.6666666666666666,1.0,1,0.5,1
2.0,0.25,2.0,Massachusetts,69.0,69,69,69.0,7.4,7.0,9,0.0,0.0,92.2,95.0,102.8,102.0,229.875,227.0,1.2222222222222223,1.0,2,0.6,1
1.0,0.05,1.0,Vermont,69.1,64,86,64.0,10.5,10.5,13,1.0,3.0,83.2,84.5,89.9,87.5,107.0,100.0,9.3,9.5,12,3.5,6
2.0,0.05,1.0,Georgia,69.2,41,92,68.5,44.3,44.5,49,0.2,1.0,85.4,92.0,89.4,94.5,103.9,111.5,5.6,5.5,8,11.9,15
2.0,0.01,1.0,Michigan,69.2,39,96,74.0,39.8,40.0,43,0.5,2.0,86.7,85.0,94.3,94.0,115.4,126.0,15.9,15.5,25,16.0,20
0.5,0.05,0.5,Utah,69.6,51,79,79.0,9.2,10.0,11,0.0,0.0,79.0,80.0,94.6,98.5,56.0,28.0,13.9,14.0,19,0.8,2
0.5,0.05,0.5,Illinois,69.6,65,73,71.0,37.2,37.0,41,0.0,0.0,76.6,74.0,79.7,76.0,81.3,83.0,6.0,6.0,9,4.8,7
2.0,0.05,2.0,New York,69.6,61,86,69.5,12.6,13.0,18,0.1,1.0,80.8,78.0,90.2,81.5,28.0,28.0,140.5,143.0,162,38.1,46
1.0,0.05,2.0,Maryland,69.8,66,84,66.0,11.2,11.0,13,0.0,0.0,84.3,78.0,108.6,102.0,70.5,88.0,15.2,14.5,20,0.7,2
2.0,0.25,1.0,Mississippi,69.8,56,102,56.0,18.1,18.0,19,0.0,0.0,123.5,123.5,177.0,177.0,116.6,65.0,1.9,2.0,3,1.0,1
0.5,0.05,2.0,North Dakota,69.9,53,97,68.0,11.2,11.0,13,0.0,0.0,87.0,93.0,98.3,97.0,135.4,122.0,8.0,7.5,13,2.4,4
0.5,0.05,1.0,Vermont,69.9,64,86,67.5,10.9,11.0,14,0.3,1.0,85.6,74.0,94.5,85.0,107.0,104.0,8.5,8.0,13,3.1,6
0.5,0.05,1.0,Oregon,69.9,56,81,70.5,10.4,10.0,12,0.0,0.0,79.9,83.0,91.7,98.0,114.4,124.0,2.9,3.0,4,4.2,6
2.0,0.05,2.0,Illinois,69.9,65,74,71.0,57.2,57.0,59,0.0,0.0,74.2,73.5,76.0,74.0,66.3,82.5,12.3,12.0,15,8.1,10
2.0,0.05,1.0,Oregon,70.0,56,81,70.0,14.7,15.0,16,0.0,0.0,80.0,81.0,91.5,98.0,114.4,124.0,4.0,4.0,6,5.8,7
2.0,0.05,1.0,Illinois,70.1,65,73,72.0,56.6,56.5,59,0.0,0.0,72.4,73.5,76.3,74.0,102.2,86.5,12.5,11.0,21,8.6,11
0.5,0.05,0.5,Pennsylvania,70.1,39,92,81.0,34.6,35.0,41,0.9,3.0,81.1,87.0,87.8,92.0,59.9,61.5,24.1,23.0,30,15.9,24
2.0,0.1,0.5,Massachusetts,70.2,69,81,69.0,7.3,7.0,8,0.0,0.0,99.0,104.0,104.9,104.0,229.6,227.0,1.0,1.0,2,0.2,1
0.5,0.25,1.0,Arkansas,70.2,69,73,69.0,8.4,8.5,10,0.0,0.0,92.0,73.0,133.3,131.0,,,0.0,0.0,0,2.0,2
2.0,0.25,2.0,Arkansas,70.2,69,73,69.0,10.9,11.0,12,0.0,0.0,92.0,73.0,136.3,147.0,297.6,292.5,3.1,3.0,4,3.6,4
2.0,0.01,1.0,Oklahoma,70.2,55,96,65.0,30.3,30.0,35,0.0,0.0,100.7,96.0,105.7,103.0,61.8,28.0,6.7,6.0,12,5.4,8
0.5,0.01,1.0,Michigan,70.5,39,96,74.0,34.8,35.0,39,0.2,1.0,90.0,94.0,98.3,96.0,112.2,117.0,12.8,12.5,17,13.2,18
1.0,0.25,1.0,Arkansas,70.6,69,73,69.0,10.6,10.5,12,0.0,0.0,96.8,73.0,133.0,131.0,277.8888888888889,280.0,1.6,2.0,3,2.0,3
0.5,0.25,2.0,Arkansas,70.6,69,73,69.0,9.1,9.5,10,0.0,0.0,96.2,73.0,133.0,131.0,273.6666666666667,305.0,1.2,1.0,2,2.9,3
1.0,0.25,2.0,Arkansas,70.6,69,73,69.0,10.7,11.0,11,0.0,0.0,96.2,73.0,137.6,147.0,286.0,292.5,2.5,2.0,4,3.6,4
0.5,0.1,0.5,South Carolina,70.8,58,85,73.0,2.9,3.0,4,0.0,0.0,81.0,85.0,110.0,100.0,84.66666666666667,69.0,1.0,1.0,1,0.0,0
1.0,0.05,0.5,North Dakota,70.9,53,97,60.5,11.4,11.0,13,0.0,0.0,82.4,80.5,97.8,97.0,116.6,122.0,6.3,6.5,9,2.7,4
2.0,0.05,2.0,North Dakota,70.9,53,97,60.5,13.3,13.0,16,0.0,0.0,88.2,97.0,98.8,100.0,62.9,28.0,13.2,13.0,17,3.9,6
1.0,0.1,2.0,Maryland,71.0,66,96,66.0,10.9,11.0,12,0.3,2.0,83.4,74.0,92.7,80.0,55.9,48.0,18.2,18.0,23,1.4,3
2.0,0.25,1.0,Arkansas,71.0,69,73,71.0,11.0,11.0,12,0.0,0.0,94.0,94.0,138.0,147.0,311.0,280.0,3.1,3.0,4,3.6,4
2.0,0.25,0.5,Arkansas,71.0,69,73,71.0,10.5,11.0,11,0.0,0.0,97.2,94.0,139.0,147.0,269.3,280.0,1.5,1.0,3,3.8,5
2.0,0.01,0.5,Indiana,71.0,39,105,67.0,43.8,45.0,48,0.4,2.0,94.1,96.0,108.7,114.0,103.0,117.5,8.1,7.0,14,8.7,13
2.0,0.05,2.0,Oregon,71.1,49,81,81.0,15.5,15.0,18,0.0,0.0,83.8,85.0,91.0,98.0,124.0,124.0,3.4,3.0,5,5.6,8
0.5,0.05,2.0,Georgia,71.1,41,92,82.5,38.3,38.0,44,0.1,1.0,90.8,92.0,94.7,96.0,104.2,106.0,4.7,4.0,9,8.3,11
1.0,0.05,0.5,New York,71.1,61,86,64.5,13.0,12.5,17,0.2,1.0,81.9,76.0,90.5,81.0,28.0,28.0,137.0,136.0,160,35.4,40
0.5,0.25,0.5,Arkansas,71.4,69,73,73.0,5.0,5.0,6,0.0,0.0,98.2,115.0,141.0,147.0,345.0,345.0,1.0,1.0,1,0.0,0
1.0,0.25,0.5,Arkansas,71.4,69,73,73.0,8.4,8.0,10,0.0,0.0,101.7,115.0,135.8,147.0,211.0,211.0,0.1,0.0,1,2.8,3
2.0,0.01,2.0,Oklahoma,71.4,55,96,65.0,31.6,32.0,35,0.0,0.0,115.3,99.5,133.1,148.5,44.1,28.0,7.6,8.0,11,5.1,7
0.5,0.05,2.0,Illinois,71.5,65,74,72.0,54.1,54.0,58,0.0,0.0,73.6,74.0,78.7,76.0,96.7,83.0,9.5,9.5,13,7.4,9
ALL,ALL,ALL,New York,71.55833333333334,44,163,61.0,12.28888888888889,12.0,19,0.3138888888888889,15.0,85.70277777777778,71.0,93.46388888888889,76.0,31.441666666666666,28.0,141.44166666666666,147.0,188,36.75277777777778,46
1.0,0.25,1.0,Mississippi,71.6,56,102,56.0,14.4,14.5,16,0.0,0.0,115.6,102.0,159.7,145.0,108.0,65.0,1.5,1.5,3,0.2,1
2.0,0.05,1.0,Vermont,71.6,64,106,67.5,11.0,11.5,13,0.2,1.0,82.7,74.0,89.2,84.5,106.8,100.0,10.8,11.0,13,3.0,5
0.5,0.05,0.5,Washington,71.9,71,73,72.0,10.1,10.0,12,0.5,1.0,79.9,81.5,82.8,83.0,97.2,98.0,10.9,11.0,13,13.6,15
1.0,0.05,2.0,South Carolina,72.1,58,85,73.0,6.9,6.5,9,0.0,0.0,120.6,85.0,224.2,214.5,145.8,182.0,12.0,11.5,20,0.1,1
0.5,0.05,2.0,Vermont,72.1,64,86,72.5,11.6,12.0,13,0.0,0.0,81.9,74.5,90.7,87.5,106.2,100.0,9.4,9.5,15,2.4,5
0.5,0.05,1.0,Illinois,72.1,70,73,73.0,46.8,47.0,48,0.1,1.0,78.7,77.0,85.0,84.0,90.4,83.0,7.4,7.5,11,5.7,7
0.5,0.1,0.5,Arkansas,72.2,69,73,73.0,4.2,4.0,6,0.0,0.0,129.8,131.0,173.3,178.0,345.0,345.0,1.0,1.0,1,0.0,0
2.0,0.1,0.5,Arkansas,72.2,69,73,73.0,10.5,11.0,11,0.0,0.0,129.7,150.0,156.3,157.0,280.5,305.0,1.2,1.0,3,2.3,4
0.5,0.1,0.5,Massachusetts,72.5,69,104,69.0,5.7,6.0,8,0.0,0.0,101.0,104.0,106.6,104.0,,,0.0,0.0,0,0.0,0
1.0,0.1,0.5,Massachusetts,72.5,69,104,69.0,7.1,7.0,8,0.0,0.0,102.8,102.0,105.3,104.0,223.57142857142858,227.0,1.0,1.0,2,0.1,1
1.0,0.1,0.5,South Carolina,72.6,58,84,73.0,4.5,4.5,6,0.0,0.0,83.8,85.0,151.7,152.0,158.0,185.0,5.7,5.0,11,0.0,0
0.5,0.1,1.0,Arkansas,72.6,69,73,73.0,7.4,7.5,8,0.0,0.0,138.2,150.0,156.1,157.0,,,0.0,0.0,0,1.3,2
1.0,0.1,0.5,Arkansas,72.6,69,73,73.0,8.1,8.0,10,0.0,0.0,131.5,148.5,153.9,157.0,211.0,211.0,0.2222222222222222,0.0,1,1.6,3
0.5,0.1,2.0,Arkansas,72.6,69,73,73.0,9.1,9.0,11,0.0,0.0,135.7,150.0,155.4,157.0,286.125,305.0,1.2222222222222223,1.0,2,2.1,3
0.5,0.1,2.0,South Carolina,72.7,58,85,73.0,5.6,5.5,8,0.0,0.0,102.8,85.0,154.0,136.5,160.3,188.0,8.2,8.0,13,0.1,1
0.5,0.05,0.5,Missouri,72.7,63,91,69.5,48.5,48.0,54,0.0,0.0,81.0,77.5,87.9,91.0,128.0,140.0,3.7,3.0,6,3.4,5
1.0,0.25,0.5,Tennessee,72.9,67,100,67.0,39.8,40.5,42,0.0,0.0,95.5,98.0,101.1,100.0,56.5,28.0,15.2,15.5,17,5.2,6
0.5,0.25,2.0,Mississippi,73.0,56,102,56.0,13.9,14.0,15,0.0,0.0,125.6,102.0,183.2,177.0,165.33333333333334,65.0,1.2,1.0,2,0.1,1
0.5,0.05,2.0,South Carolina,73.0,73,73,73.0,4.1,4.0,7,0.0,0.0,84.9,85.0,181.33333333333334,152.0,185.1,186.5,10.2,11.0,13,0.1,1
1.0,0.25,0.5,Mississippi,73.0,56,102,56.0,10.6,10.5,12,0.0,0.0,112.1,102.0,155.6,145.0,108.0,65.0,1.2857142857142858,1.0,2,0.3,1
0.5,0.01,1.0,Ohio,73.0,52,85,79.0,35.5,35.5,40,0.0,0.0,90.8,87.5,100.1,102.0,100.9,106.0,14.2,13.5,22,11.3,15
2.0,0.01,0.5,Ohio,73.0,59,88,78.0,46.8,46.0,53,0.0,0.0,88.2,85.0,98.3,100.0,105.0,106.0,16.8,16.0,21,14.9,18
0.5,0.05,0.5,Montana,73.2,39,90,79.0,14.3,14.5,16,0.0,0.0,81.1,92.0,93.1,95.5,50.0,50.0,0.1111111111111111,0.0,1,2.4,4
1.0,0.1,1.0,South Carolina,73.6,58,85,73.0,6.4,7.0,8,0.0,0.0,101.1,85.0,149.8,152.0,173.8,185.0,8.4,7.5,14,0.3,1
1.0,0.1,2.0,South Carolina,73.6,58,85,73.0,8.8,9.0,11,0.0,0.0,107.0,85.0,216.6,189.0,160.6,188.0,13.5,14.0,18,0.7,2
2.0,0.1,1.0,South Carolina,73.6,58,85,73.0,7.8,7.5,11,0.0,0.0,118.6,85.0,200.0,152.0,167.3,188.0,10.9,10.5,15,0.8,2
1.0,0.25,0.5,Virginia,73.6,59,82,79.0,31.9,31.5,34,0.3,1.0,83.0,83.0,85.6,86.0,94.2,108.0,14.4,14.5,17,5.2,8
2.0,0.01,1.0,Ohio,73.8,59,85,74.0,49.4,49.0,54,0.0,0.0,85.4,85.0,95.5,94.5,105.6,104.5,17.0,17.0,23,15.0,20
1.0,0.25,1.0,Delaware,73.9,68,75,74.5,1.9,2.0,3,0.0,0.0,318.0,281.0,437.0,437.0,80.0,75.0,1.4,1.0,2,0.0,0
0.5,0.1,1.0,South Carolina,73.9,58,85,73.0,3.9,4.0,5,0.0,0.0,92.0,85.0,134.75,121.0,112.25,106.5,3.25,3.5,5,0.0,0
0.5,0.25,0.5,North Carolina,74.0,74,74,74.0,9.8,10.0,11,0.0,0.0,120.0,120.0,141.0,141.0,86.0,86.0,3.6,4.0,4,0.0,0
0.5,0.1,0.5,North Carolina,74.0,74,74,74.0,8.5,8.5,10,0.0,0.0,124.2,120.0,161.3,164.0,86.0,86.0,3.5,3.5,4,0.0,0
0.5,0.05,0.5,North Carolina,74.0,74,74,74.0,9.3,10.0,12,0.0,0.0,133.0,120.0,177.2,185.0,86.0,86.0,3.8,4.0,5,0.7,1
0.5,0.05,1.0,North Carolina,74.0,74,74,74.0,13.8,14.0,15,0.0,0.0,137.4,130.5,172.2,174.5,86.0,86.0,4.4,4.5,6,1.9,2
0.5,0.25,1.0,North Carolina,74.0,74,74,74.0,16.8,17.5,18,0.0,0.0,113.8,120.0,136.8,141.0,86.0,86.0,5.6,6.0,8,2.0,2
1.0,0.25,0.5,North Carolina,74.0,74,74,74.0,18.2,18.0,21,0.0,0.0,120.0,120.0,141.0,141.0,86.0,86.0,5.4,5.0,8,2.0,2
1.0,0.1,0.5,North Carolina,74.0,74,74,74.0,16.1,16.0,18,0.0,0.0,130.9,120.0,151.6,141.0,86.0,86.0,5.2,5.0,7,2.0,2
0.5,0.1,1.0,North Carolina,74.0,74,74,74.0,13.2,13.0,16,0.0,0.0,126.3,120.0,147.9,141.0,86.0,86.0,4.1,4.0,5,2.0,2
1.0,0.05,0.5,North Carolina,74.0,74,74,74.0,13.7,14.5,16,0.0,0.0,152.5,152.5,182.3,185.0,86.0,86.0,4.7,4.5,7,2.2,3
0.5,0.1,2.0,North Carolina,74.0,74,74,74.0,17.9,18.5,19,0.0,0.0,126.3,120.0,152.3,141.0,86.0,86.0,6.4,6.5,8,3.2,4
1.0,0.05,1.0,North Carolina,74.0,74,74,74.0,17.1,17.0,18,0.0,0.0,128.6,120.0,165.5,164.0,86.0,86.0,7.3,7.0,9,3.3,6
1.0,0.1,1.0,North Carolina,74.0,74,74,74.0,19.3,19.0,21,0.0,0.0,122.1,120.0,145.4,141.0,86.0,86.0,8.0,8.5,9,3.3,4
1.0,0.25,1.0,North Carolina,74.0,74,74,74.0,21.0,21.0,23,0.0,0.0,119.0,120.0,141.2,141.0,86.0,86.0,9.4,9.0,11,3.4,4
0.5,0.25,2.0,North Carolina,74.0,74,74,74.0,20.2,20.0,22,0.0,0.0,120.0,120.0,141.0,141.0,86.0,86.0,7.8,8.0,9,3.5,5
2.0,0.05,0.5,North Carolina,74.0,74,74,74.0,19.2,19.0,21,0.0,0.0,160.8,164.0,182.2,185.0,86.0,86.0,8.2,8.5,10,3.5,5
0.5,0.05,2.0,North Carolina,74.0,74,74,74.0,15.3,15.0,19,0.0,0.0,141.6,141.0,175.9,185.0,86.0,86.0,6.5,6.5,8,3.8,6
2.0,0.25,0.5,North Carolina,74.0,74,74,74.0,23.3,23.0,25,0.0,0.0,120.0,120.0,141.0,141.0,86.0,86.0,10.2,10.0,12,3.8,5
2.0,0.1,0.5,North Carolina,74.0,74,74,74.0,21.2,21.0,23,0.0,0.0,133.0,120.0,161.1,164.0,86.0,86.0,9.6,10.0,11,4.0,6
1.0,0.1,2.0,North Carolina,74.0,74,74,74.0,21.9,22.0,24,0.0,0.0,122.1,120.0,145.6,141.0,86.0,86.0,10.3,10.5,13,4.1,6
1.0,0.25,2.0,North Carolina,74.0,74,74,74.0,24.2,24.0,25,0.0,0.0,120.0,120.0,145.6,141.0,86.0,86.0,9.8,9.5,12,4.2,6
1.0,0.05,2.0,North Carolina,74.0,74,74,74.0,20.3,20.5,23,0.0,0.0,145.8,141.0,171.9,174.5,86.0,86.0,9.1,9.5,10,4.3,6
2.0,0.05,1.0,North Carolina,74.0,74,74,74.0,21.1,21.0,23,0.0,0.0,126.5,120.0,165.5,164.0,80.2,86.0,9.1,9.0,12,4.5,6
2.0,0.1,1.0,North Carolina,74.0,74,74,74.0,23.6,23.5,25,0.0,0.0,128.4,120.0,154.6,152.5,86.0,86.0,9.3,9.0,12,4.8,7
2.0,0.25,2.0,North Carolina,74.0,74,74,74.0,26.1,26.0,28,0.0,0.0,120.0,120.0,141.0,141.0,86.0,86.0,9.5,10.0,11,5.1,6
2.0,0.25,1.0,North Carolina,74.0,74,74,74.0,25.7,26.0,27,0.0,0.0,122.1,120.0,145.6,141.0,86.0,86.0,9.7,10.0,12,5.2,7
2.0,0.05,2.0,North Carolina,74.0,74,74,74.0,21.8,21.5,26,0.0,0.0,130.7,120.0,177.1,185.0,80.2,86.0,8.8,8.5,11,5.3,10
2.0,0.1,2.0,North Carolina,74.0,74,74,74.0,23.2,23.0,25,0.0,0.0,128.6,120.0,152.1,141.0,86.0,86.0,9.8,9.5,13,5.6,7
2.0,0.25,2.0,Virginia,74.1,59,86,73.5,40.4,40.5,43,0.1,1.0,82.8,82.0,86.2,86.0,92.6,86.0,19.5,19.5,22,10.5,14
2.0,0.1,2.0,South Carolina,74.2,73,85,73.0,10.2,10.5,12,0.0,0.0,91.7,85.0,190.5,136.5,188.7,188.0,13.8,14.0,18,0.1,1
2.0,0.25,0.5,Virginia,74.2,59,82,79.0,40.4,40.5,44,0.3,1.0,78.7,83.0,84.0,86.0,95.3,108.0,15.9,16.0,20,8.8,13
0.5,0.05,0.5,Oregon,74.4,56,81,81.0,7.7,8.0,9,0.0,0.0,85.0,85.0,96.3,98.0,124.0,124.0,1.8,2.0,3,1.7,4
0.5,0.01,1.0,Washington,74.4,71,85,72.0,9.6,10.0,13,0.5,2.0,86.9,85.0,90.7,93.0,61.6,59.0,9.7,9.5,15,10.8,14
0.5,0.01,2.0,Washington,74.4,72,84,72.0,9.8,10.0,12,0.4,1.0,86.0,84.0,91.7,93.0,64.0,59.0,12.1,12.5,14,11.8,16
2.0,0.01,0.5,Michigan,74.4,39,96,74.0,40.3,41.0,48,0.2,2.0,90.8,94.0,96.1,96.0,125.7,126.0,17.3,17.0,26,15.0,23
0.5,0.25,2.0,Tennessee,74.5,67,98,67.0,42.6,42.5,46,0.0,0.0,93.4,98.0,103.2,100.0,101.7,119.5,13.5,13.5,16,5.0,7
1.0,0.25,2.0,Virginia,74.5,59,82,80.5,41.1,41.5,45,0.2,1.0,81.8,84.0,85.8,86.0,92.4,97.5,18.0,17.0,22,8.9,13
2.0,0.25,1.0,Virginia,74.5,59,84,76.5,41.1,42.5,43,0.2,1.0,79.7,83.0,84.2,85.0,90.6,86.0,18.0,18.0,22,9.2,15
2.0,0.01,2.0,Indiana,74.8,58,98,72.0,48.5,49.0,52,0.2,1.0,96.4,103.0,106.7,107.5,83.3,94.0,8.6,9.0,11,7.8,12
0.5,0.01,0.5,Washington,74.8,72,87,72.0,9.0,9.0,10,0.6,2.0,86.1,84.0,90.9,93.0,92.6,98.0,9.1,9.5,11,9.3,11
0.5,0.25,0.5,Virginia,75.0,59,86,79.0,19.3,19.5,21,0.2,1.0,83.1,84.0,88.3,87.5,99.3,108.0,8.6,8.0,10,2.8,5
0.5,0.01,2.0,Michigan,75.3,39,94,74.0,37.6,37.5,43,0.1,1.0,90.9,93.0,96.5,96.0,139.9,142.5,16.6,17.0,21,17.6,22
0.5,0.01,0.5,Michigan,75.5,69,94,74.0,32.3,32.0,36,0.1,1.0,89.7,93.0,95.6,96.0,131.5,132.5,8.5,8.5,11,9.4,14
0.5,0.1,2.0,Massachusetts,75.6,69,102,69.0,7.4,7.0,8,0.0,0.0,104.2,104.0,108.2,104.0,226.33333333333334,227.0,1.6666666666666667,1.5,3,0.0,0
1.0,0.01,1.0,Washington,75.6,72,93,72.5,10.4,10.0,14,0.2,1.0,85.4,84.0,90.9,93.0,85.7,98.0,11.7,12.0,13,12.4,16
2.0,0.05,2.0,Georgia,75.6,41,93,83.5,44.3,43.0,49,0.1,1.0,85.4,92.0,93.6,92.5,101.0,106.0,7.2,7.0,11,13.8,19
2.0,0.01,2.0,Ohio,75.6,59,85,80.5,48.8,48.5,53,0.0,0.0,90.0,85.0,99.3,102.0,95.7,106.0,16.6,17.0,20,14.7,18
0.5,0.05,1.0,Maryland,75.7,66,91,78.0,10.7,11.0,12,0.0,0.0,93.5,83.5,111.0,114.0,67.3,75.5,13.5,13.5,19,0.1,1
0.5,0.05,0.5,Georgia,75.7,41,96,80.0,23.1,23.0,28,0.0,0.0,86.8,96.0,96.5,96.0,111.11111111111111,121.0,2.5,2.0,6,4.3,6
0.5,0.05,0.5,Vermont,76.0,64,106,74.0,11.2,11.0,14,0.2,1.0,87.3,84.5,101.7,95.5,113.5,115.5,8.4,8.5,11,2.7,5
0.5,0.01,2.0,Indiana,76.0,39,120,67.0,42.5,42.0,52,0.0,0.0,92.3,87.0,104.7,114.5,131.3,119.0,7.1,8.0,12,6.6,9
1.0,0.01,1.0,Indiana,76.0,39,117,67.5,44.3,43.5,51,0.2,2.0,97.8,94.0,111.8,112.0,105.5,92.5,7.7,8.0,10,7.7,12
2.0,0.01,2.0,Washington,76.2,53,93,73.0,11.2,11.0,13,0.4,1.0,87.5,88.0,92.4,94.0,78.4,94.0,11.0,10.5,15,13.1,15
1.0,0.01,1.0,California,76.2,55,83,81.0,5.2,4.5,9,3.5,11.0,86.5,91.0,101.0,102.0,28.0,28.0,77.2,77.0,95,27.9,30
0.5,0.05,0.5,South Carolina,76.3,58,85,73.0,2.6,3.0,5,0.0,0.0,88.42857142857143,85.0,127.0,136.5,116.0,116.0,1.0,1.0,1,0.0,0
1.0,0.05,0.5,Vermont,76.3,55,102,74.0,11.8,12.0,14,0.3,1.0,86.0,85.0,95.6,95.5,112.2,100.0,10.4,10.0,13,2.2,4
0.5,0.25,2.0,Virginia,76.3,59,86,80.5,39.6,40.0,43,0.2,1.0,81.9,86.0,85.8,86.0,97.0,108.0,14.0,13.5,17,5.2,8
0.5,0.05,0.5,New York,76.4,61,86,84.5,10.6,10.0,18,1.6,15.0,95.7,92.5,102.6,106.5,38.9,28.0,103.1,100.0,123,32.4,37
0.5,0.01,0.5,Oklahoma,76.5,65,103,65.0,10.6,10.5,13,0.0,0.0,105.8,99.5,138.0,159.5,54.5,28.0,1.4,1.0,2,0.4,2
1.0,0.05,1.0,South Carolina,76.6,73,85,73.0,4.3,4.0,6,0.0,0.0,141.2,85.0,264.3,317.5,169.0,185.0,8.2,8.5,13,0.1,1
0.5,0.01,2.0,Ohio,76.7,59,85,78.0,45.1,46.0,52,0.0,0.0,90.2,85.0,100.3,101.5,118.1,116.0,16.8,17.0,21,13.5,17
ALL,ALL,ALL,Vermont,76.72777777777777,38,185,64.0,10.333333333333334,10.0,14,0.6611111111111111,3.0,93.53888888888889,74.0,102.89166666666667,84.0,119.38161559888579,100.0,8.13888888888889,8.0,17,3.5694444444444446,8
1.0,0.1,1.0,Massachusetts,76.8,69,102,69.0,7.4,7.5,8,0.0,0.0,103.3,104.0,109.6,112.0,218.42857142857142,227.0,0.875,1.0,1,0.3,1
2.0,0.01,0.5,Washington,76.8,72,93,72.5,10.6,10.5,14,0.2,1.0,86.0,84.0,91.9,93.0,77.2,98.0,11.7,12.0,15,13.2,15
1.0,0.01,0.5,Washington,77.1,71,85,73.0,10.0,10.0,11,0.3,1.0,87.7,84.5,90.2,93.5,74.0,90.0,11.4,11.0,15,9.2,12
1.0,0.01,2.0,Ohio,77.3,52,85,80.5,48.0,48.0,51,0.0,0.0,87.7,85.0,97.5,101.0,112.1,106.0,16.7,16.0,28,15.5,20
2.0,0.05,0.5,Maryland,77.4,66,112,78.0,11.2,11.0,13,0.0,0.0,87.6,83.0,108.0,114.0,63.4,59.0,15.8,16.5,20,0.4,1
1.0,0.01,1.0,Michigan,77.4,51,100,75.0,35.9,35.0,42,0.4,3.0,91.3,94.0,96.3,96.0,141.8,124.0,16.8,16.5,22,18.0,23
1.0,0.01,0.5,Indiana,77.6,53,117,76.5,38.4,38.0,44,0.0,0.0,95.6,92.5,105.3,111.0,101.3,86.5,6.1,6.0,8,6.3,11
1.0,0.05,0.5,South Carolina,77.8,73,85,73.0,3.5,3.0,5,0.0,0.0,114.0,85.0,283.9,324.0,185.1,185.0,5.3,5.0,8,0.0,0
2.0,0.05,0.5,South Carolina,77.8,73,85,73.0,5.3,5.0,7,0.0,0.0,147.6,85.0,220.1,189.0,149.3,188.0,9.5,8.5,17,0.0,0
2.0,0.05,2.0,South Carolina,77.8,73,85,73.0,8.4,8.0,11,0.0,0.0,162.3,92.5,221.2,189.0,189.3,188.0,11.1,12.0,16,0.1,1
2.0,0.01,1.0,Washington,77.8,72,93,73.0,11.4,11.0,13,0.1,1.0,88.7,89.0,91.2,93.5,73.7,94.0,11.1,11.0,16,12.7,15
0.5,0.05,1.0,Georgia,78.0,41,96,82.0,32.3,31.5,36,0.1,1.0,90.9,96.0,96.0,96.0,117.9,129.0,1.8,1.0,6,4.8,7
1.0,0.01,0.5,California,78.1,53,82,81.0,5.3,5.0,9,3.6,13.0,85.7,91.0,101.6,92.0,28.0,28.0,66.0,65.5,73,27.0,30
0.5,0.25,1.0,Virginia,78.2,65,86,82.0,28.5,28.5,33,0.2,1.0,83.6,85.0,86.1,86.0,103.3,108.0,12.7,12.0,15,3.3,6
2.0,0.01,1.0,Kentucky,78.4,62,115,64.0,33.3,33.0,38,0.0,0.0,107.6,108.0,122.2,121.0,152.5,173.5,16.2,17.0,21,9.4,11
2.0,0.01,2.0,California,78.5,55,83,81.0,6.0,6.0,8,4.3,11.0,89.1,91.0,105.1,97.0,28.0,28.0,71.3,69.5,78,28.3,31
1.0,0.25,1.0,Virginia,78.7,65,86,80.5,40.1,40.5,43,0.0,0.0,83.2,84.0,85.8,86.0,101.3,108.0,13.4,13.5,18,6.6,9
2.0,0.05,1.0,Maryland,78.8,66,134,72.0,10.8,11.0,11,0.0,0.0,89.9,80.0,103.8,96.5,71.0,58.5,15.6,16.5,23,0.6,2
2.0,0.25,0.5,Tennessee,78.8,67,100,80.0,44.6,44.0,47,0.0,0.0,95.0,98.0,102.9,100.0,84.7,119.5,13.6,14.0,16,6.8,10
0.5,0.01,1.0,Kentucky,79.2,64,108,64.0,24.2,24.5,28,0.0,0.0,117.0,108.0,136.1,139.0,158.8,177.5,8.2,8.0,11,4.1,8
1.0,0.05,1.0,Georgia,79.3,41,93,88.5,40.7,40.5,43,0.0,0.0,90.2,93.0,91.8,96.0,110.2,111.5,3.5,3.5,7,9.0,11
1.0,0.01,0.5,Oregon,79.5,49,98,81.0,8.7,8.5,10,0.0,0.0,99.2,98.0,102.7,105.0,58.5,28.0,4.6,4.0,7,2.9,4
1.0,0.05,2.0,Arkansas,79.6,69,147,73.0,10.1,10.0,12,0.0,0.0,135.8,150.0,160.1,157.0,298.6,277.0,1.9,2.0,4,2.8,5
2.0,0.1,2.0,Massachusetts,79.7,69,104,69.0,7.9,8.0,9,0.0,0.0,103.3,103.0,109.3,112.0,230.0,227.0,1.25,1.0,2,0.1,1
1.0,0.01,2.0,Missouri,79.8,65,91,82.5,52.4,53.5,56,0.3,1.0,95.3,92.0,100.6,101.5,113.7,140.0,6.7,6.0,11,5.9,8
2.0,0.1,1.0,Arkansas,79.9,69,150,73.0,11.2,11.0,12,0.0,0.0,128.0,148.5,151.6,157.0,294.2,305.0,2.8,2.5,5,3.2,4
1.0,0.01,2.0,Washington,79.9,72,94,73.0,10.0,9.5,12,0.8,3.0,90.5,93.0,93.8,94.0,43.0,28.0,11.8,11.0,17,13.4,17
0.5,0.05,1.0,Massachusetts,80.0,69,104,69.0,7.0,7.0,8,0.1,1.0,108.0,108.0,114.8,114.0,213.8,205.0,1.8,2.0,3,0.2,1
0.5,0.05,1.0,South Carolina,80.2,73,85,85.0,3.1,3.0,5,0.0,0.0,139.3,100.0,198.16666666666666,152.0,185.9,185.0,2.1,2.0,4,0.0,0
2.0,0.05,1.0,South Carolina,80.2,73,85,85.0,7.2,7.0,10,0.0,0.0,178.9,152.0,232.2,262.0,186.8,188.0,11.0,10.5,19,0.3,1
0.5,0.01,0.5,California,80.2,55,91,82.0,5.4,5.5,6,2.9,12.0,89.9,91.0,95.7,92.0,28.0,28.0,57.9,58.0,69,23.7,26
1.0,0.1,1.0,Arkansas,80.3,69,150,73.0,10.0,10.0,11,0.0,0.0,133.6,148.5,153.9,157.0,281.9,305.0,1.4,1.0,3,1.3,2
1.0,0.1,2.0,Arkansas,80.3,69,150,73.0,10.8,11.0,11,0.0,0.0,146.9,150.0,157.1,157.0,284.4,305.0,2.1,2.0,4,3.6,4
2.0,0.01,2.0,Illinois,80.3,65,102,74.0,48.3,48.5,52,0.0,0.0,100.7,103.5,105.7,106.0,126.5,127.5,14.9,15.5,19,6.7,9
0.5,0.01,0.5,Oregon,80.6,60,98,81.0,5.6,5.5,7,0.0,0.0,99.4,99.0,106.4,105.5,133.1,124.0,2.5,2.0,4,0.9,2
2.0,0.01,0.5,Oklahoma,80.6,55,103,80.5,28.2,29.0,32,0.0,0.0,111.5,103.0,136.9,148.5,78.7,28.0,4.0,4.5,6,4.2,7
2.0,0.01,2.0,Kentucky,80.6,64,142,64.0,34.7,35.5,38,0.0,0.0,111.3,108.0,125.2,124.5,113.4,147.0,14.8,15.0,20,9.2,16
0.5,0.25,0.5,Tennessee,80.7,67,98,73.5,19.7,20.0,22,0.0,0.0,97.2,99.0,104.3,104.5,65.1,28.0,8.1,8.0,9,2.6,4
0.5,0.1,1.0,Virginia,80.7,59,86,82.0,25.9,26.0,30,0.1,1.0,86.7,86.0,90.2,90.0,105.2,108.0,11.7,11.0,16,2.6,6
2.0,0.1,2.0,Arkansas,80.7,73,150,73.0,10.9,11.0,12,0.0,0.0,142.5,147.0,156.6,157.0,302.5,305.0,2.5,3.0,4,3.0,5
0.5,0.25,0.5,Mississippi,80.8,56,102,88.0,2.7,3.0,4,0.0,0.0,117.8,102.0,137.83333333333334,145.0,65.0,65.0,1.0,1.0,1,0.0,0
2.0,0.01,0.5,Oregon,80.9,80,81,81.0,11.0,11.0,12,0.0,0.0,93.2,98.0,102.5,98.0,68.1,28.0,4.2,4.0,6,3.7,6
2.0,0.01,2.0,Oregon,80.9,80,81,81.0,11.2,12.0,14,0.0,0.0,97.1,98.0,101.7,101.5,68.1,28.0,4.8,5.0,7,4.3,7
1.0,0.01,2.0,Illinois,80.9,71,103,74.0,43.3,43.0,46,0.0,0.0,99.0,104.5,106.6,108.0,122.3,141.5,14.0,14.0,21,7.0,9
0.5,0.01,1.0,Oregon,81.0,81,81,81.0,7.4,7.5,9,0.0,0.0,100.9,98.0,105.2,105.0,73.0,28.0,3.4,4.0,5,2.8,4
0.5,0.01,2.0,Oregon,81.0,81,81,81.0,10.1,10.0,13,0.0,0.0,96.8,98.0,102.4,105.0,76.1,28.0,2.9,3.0,4,3.0,6
1.0,0.01,2.0,Oregon,81.0,81,81,81.0,11.1,11.5,13,0.0,0.0,99.5,99.5,106.2,105.0,85.6,124.0,4.8,5.0,7,3.5,5
1.0,0.05,0.5,Georgia,81.0,41,93,88.5,34.5,34.0,40,0.2,2.0,90.1,93.0,93.5,96.0,107.6,110.0,3.6,3.5,7,8.6,13
0.5,0.1,2.0,Virginia,81.1,65,86,82.0,36.2,36.5,38,0.1,1.0,85.9,86.0,89.6,90.0,106.1,109.0,14.3,13.5,20,3.9,7
1.0,0.01,2.0,California,81.2,55,91,82.0,5.9,5.0,8,4.4,13.0,90.8,91.0,104.9,102.0,28.0,28.0,73.6,75.0,82,28.0,30
2.0,0.1,1.0,Massachusetts,81.3,69,104,69.0,7.7,8.0,9,0.0,0.0,103.6,104.0,108.0,104.0,226.33333333333334,227.0,1.5714285714285714,2.0,3,0.1,1
0.5,0.01,2.0,California,81.3,79,89,81.0,5.8,5.0,9,4.4,11.0,91.0,91.0,103.8,102.0,28.0,28.0,74.2,76.5,86,27.5,30
0.5,0.01,0.5,Missouri,81.4,65,91,79.0,28.2,28.0,33,0.0,0.0,93.6,91.0,98.1,100.0,192.5,173.0,1.6,1.0,4,1.2,3
0.5,0.01,2.0,Illinois,81.7,74,106,74.0,40.9,40.5,45,0.0,0.0,100.1,104.0,105.2,106.0,150.2,148.0,14.1,14.5,17,6.4,10
1.0,0.01,2.0,Oklahoma,81.8,55,151,68.5,27.2,27.0,30,0.0,0.0,102.5,96.0,120.7,103.0,59.1,28.0,4.9,4.0,9,4.6,6
2.0,0.01,0.5,California,81.9,79,87,82.0,5.4,5.0,7,3.1,6.0,90.3,91.0,103.5,102.0,28.0,28.0,69.4,67.5,78,27.8,30
2.0,0.05,2.0,Maryland,82.0,66,130,74.0,11.1,11.0,13,0.2,1.0,105.1,93.0,129.0,122.0,61.3,51.5,14.8,16.0,20,0.5,1
0.5,0.01,1.0,California,82.0,79,89,82.0,5.6,6.0,7,2.1,4.0,88.1,90.0,95.6,92.0,28.0,28.0,65.0,65.5,69,26.1,28
0.5,0.05,0.5,North Dakota,82.3,53,97,93.0,10.1,10.0,12,0.0,0.0,93.5,97.0,100.4,100.0,119.8,122.0,2.0,2.0,4,2.4,3
2.0,0.1,0.5,Virginia,82.5,73,86,85.0,39.1,39.0,42,0.0,0.0,86.0,88.0,91.0,92.0,103.3,108.0,15.0,16.0,17,6.6,10
2.0,0.25,2.0,Tennessee,82.5,67,98,82.5,48.2,48.0,51,0.0,0.0,95.4,99.0,102.9,101.5,56.2,28.0,18.1,18.0,21,8.4,10
2.0,0.01,1.0,Oregon,82.7,81,98,81.0,12.7,13.0,14,0.0,0.0,98.0,98.0,105.8,105.0,80.4,76.0,4.2,4.0,8,2.8,5
1.0,0.01,1.0,Oregon,82.7,81,98,81.0,10.9,11.0,13,0.0,0.0,96.1,98.0,103.0,105.0,76.0,76.0,4.0,4.0,6,3.0,6
1.0,0.1,1.0,Virginia,82.7,65,86,86.0,37.8,38.0,40,0.1,1.0,87.8,86.0,94.7,92.0,100.3,109.0,14.0,13.5,17,5.0,7
0.5,0.25,1.0,Tennessee,82.7,67,100,82.5,33.2,33.0,37,0.0,0.0,94.5,99.0,104.3,104.5,84.4,122.0,14.1,13.0,18,5.9,8
1.0,0.1,2.0,Massachusetts,82.8,69,104,69.0,7.0,7.0,8,0.0,0.0,100.5,104.0,111.4,113.0,274.5,227.0,1.0,1.0,2,0.3,1
0.5,0.1,0.5,Virginia,82.8,73,86,86.0,18.7,19.0,21,0.0,0.0,87.5,86.0,93.3,92.0,103.2,108.5,6.8,7.0,10,0.9,3
0.5,0.01,2.0,Oklahoma,82.8,65,146,75.0,22.1,22.5,26,0.0,0.0,104.1,95.0,124.7,103.0,47.888888888888886,28.0,3.1,3.0,6,2.3,5
1.0,0.1,2.0,Virginia,82.8,65,86,86.0,39.7,40.0,43,0.0,0.0,87.2,86.0,95.0,95.5,108.9,109.0,16.2,15.0,21,6.9,8
0.5,0.01,2.0,Nevada,82.9,70,125,70.0,4.9,5.0,5,0.0,0.0,115.1,124.5,168.9,173.0,131.6,136.0,1.2,1.0,2,0.0,0
1.0,0.05,1.0,Massachusetts,83.0,69,104,69.0,7.4,7.0,8,0.0,0.0,105.4,104.0,112.8,113.0,233.0,227.0,1.2,1.0,2,0.0,0
1.0,0.01,0.5,Oklahoma,83.0,65,146,70.0,16.5,16.5,22,0.0,0.0,110.4,99.5,124.3,110.0,131.7,114.0,2.4,2.0,5,0.9,3
1.0,0.01,0.5,Missouri,83.0,74,91,85.0,40.0,41.5,44,0.0,0.0,96.2,97.0,100.7,101.5,134.8,145.5,3.4,2.5,7,2.4,4
1.0,0.01,0.5,Nevada,83.1,70,125,79.5,4.7,5.0,5,0.0,0.0,139.1,137.0,173.2,188.0,104.0,96.0,1.2,1.0,2,0.0,0
1.0,0.1,0.5,Virginia,83.2,74,86,86.0,30.0,30.0,33,0.0,0.0,87.4,87.5,90.5,90.0,106.2,109.0,11.4,12.0,15,2.5,6
0.5,0.05,0.5,Maryland,83.3,70,112,77.0,7.8,7.5,10,0.4,2.0,125.9,120.5,144.5,134.0,93.2,88.0,13.0,13.0,19,0.7,2
2.0,0.25,2.0,Mississippi,83.3,56,145,79.0,17.9,18.0,19,0.0,0.0,137.8,145.0,187.2,209.0,160.55555555555554,237.0,1.6,1.5,3,2.0,2
1.0,0.25,1.0,Tennessee,83.3,67,98,80.0,43.3,44.0,46,0.0,0.0,97.2,99.0,104.3,104.5,82.9,117.0,14.6,15.0,18,6.0,7
ALL,ALL,ALL,North Carolina,83.48333333333333,74,213,74.0,16.272222222222222,17.0,28,0.025,1.0,146.15277777777777,120.0,173.62952646239555,164.0,101.30790960451978,86.0,6.694915254237288,7.0,13,2.8444444444444446,10
0.5,0.01,0.5,Nevada,83.5,70,137,70.0,4.7,5.0,5,0.0,0.0,121.1,137.0,156.0,149.0,151.25,136.0,1.0,1.0,1,0.0,0
2.0,0.25,1.0,Tennessee,83.5,67,100,80.0,47.0,46.5,50,0.0,0.0,97.9,98.0,103.2,100.0,65.6,28.0,18.2,17.0,25,8.1,11
1.0,0.05,2.0,Massachusetts,83.6,69,112,69.0,7.4,7.0,8,0.0,0.0,107.4,104.0,113.8,113.0,291.55555555555554,268.0,1.5555555555555556,1.0,3,0.0,0
1.0,0.05,1.0,Maryland,83.6,66,134,78.0,10.7,11.0,12,0.0,0.0,94.2,83.0,110.8,110.5,51.7,28.0,17.4,18.0,22,0.5,1
1.0,0.25,0.5,New Jersey,83.8,78,106,79.0,5.4,5.0,6,0.0,0.0,107.0,108.0,124.5,122.0,199.4,193.0,1.0,1.0,1,0.0,0
1.0,0.25,0.5,Louisiana,84.0,63,93,93.0,1.3,1.0,2,0.0,0.0,93.0,93.0,,,,,0.0,0.0,0,0.0,0
2.0,0.25,1.0,Louisiana,84.0,63,93,93.0,3.1,3.0,4,0.0,0.0,238.3,260.0,371.5,410.0,,,0.0,0.0,0,0.0,0
0.5,0.25,0.5,Louisiana,84.0,63,93,93.0,1.3,1.0,2,0.0,0.0,93.0,93.0,,,,,0.0,0.0,0,0.0,0
2.0,0.01,1.0,California,84.1,79,91,82.5,5.8,6.0,8,4.3,13.0,93.1,91.0,101.9,92.5,28.0,28.0,70.5,71.0,76,27.4,29
2.0,0.05,0.5,Virginia,84.5,79,86,86.0,36.3,36.5,40,0.1,1.0,91.7,90.0,99.9,99.0,101.7,109.0,14.7,14.5,20,5.8,8
0.5,0.05,2.0,Virginia,84.7,73,86,86.0,33.8,34.0,37,0.0,0.0,92.1,90.0,101.7,102.5,97.7,109.0,13.4,13.5,16,3.1,5
1.0,0.01,1.0,Oklahoma,84.9,65,103,92.0,25.8,26.0,29,0.0,0.0,113.1,103.0,135.9,151.0,89.88888888888889,28.0,3.5,4.0,6,3.1,7
2.0,0.01,0.5,Illinois,84.9,71,106,74.0,41.7,42.0,50,0.0,0.0,97.8,103.5,107.0,107.0,132.3,144.0,14.4,15.0,18,7.0,12
2.0,0.1,1.0,Virginia,85.0,82,86,86.0,40.7,40.5,45,0.2,1.0,88.9,90.0,94.2,92.0,100.5,108.5,17.6,17.5,20,6.4,10
1.0,0.01,1.0,Pennsylvania,85.0,39,115,94.0,39.5,39.0,44,0.4,2.0,104.6,107.0,111.9,115.0,100.2,122.5,29.7,29.5,37,12.3,16
1.0,0.05,1.0,Virginia,85.1,79,86,86.0,35.8,36.0,38,0.0,0.0,90.1,90.0,98.6,99.0,95.8,109.0,12.8,13.0,19,4.2,6
2.0,0.01,1.0,Illinois,85.1,65,103,84.5,44.6,44.5,51,0.0,0.0,97.9,102.5,105.9,106.0,148.2,155.0,12.8,11.5,19,6.3,8
2.0,0.01,2.0,Missouri,85.2,65,93,91.0,56.8,57.5,62,0.0,0.0,93.2,92.5,99.7,101.5,112.0,84.0,7.9,8.5,11,6.9,11
2.0,0.1,2.0,Virginia,85.2,82,86,86.0,40.3,40.0,43,0.1,1.0,89.6,90.0,93.3,92.0,100.8,109.0,18.3,19.0,21,7.0,12
2.0,0.05,2.0,Virginia,85.3,79,86,86.0,37.0,37.5,39,0.0,0.0,91.3,90.0,100.3,102.5,109.0,109.0,15.4,14.5,22,7.1,10
1.0,0.01,1.0,Kentucky,85.6,62,108,86.0,32.0,32.0,35,0.0,0.0,115.3,113.5,132.9,132.0,169.4,189.0,12.2,11.5,19,6.9,10
1.0,0.25,1.0,New Jersey,85.9,78,103,79.0,5.8,6.0,7,0.0,0.0,99.3,103.0,111.5,110.0,,,0.0,0.0,0,0.0,0
ALL,ALL,ALL,Virginia,85.96944444444445,59,201,86.0,30.358333333333334,33.0,45,0.07222222222222222,1.0,96.28055555555555,90.0,105.63888888888889,98.0,124.60724233983287,109.0,12.011111111111111,13.0,22,4.719444444444444,15
1.0,0.25,0.5,Alabama,86.0,86,86,86.0,12.1,12.0,14,0.0,0.0,117.1,116.0,129.8,131.0,,,0.0,0.0,0,0.0,0
0.5,0.25,0.5,Alabama,86.0,86,86,86.0,4.8,5.0,6,0.0,0.0,120.5,116.0,139.7,131.0,,,0.0,0.0,0,0.0,0
1.0,0.25,1.0,Alabama,86.0,86,86,86.0,16.1,16.0,17,0.0,0.0,119.3,116.0,128.2,127.0,,,0.0,0.0,0,0.0,0
2.0,0.25,0.5,Alabama,86.0,86,86,86.0,15.9,16.0,17,0.0,0.0,120.4,116.0,128.6,127.0,326.0,326.0,1.0,1.0,1,0.0,0
0.5,0.01,1.0,Nevada,86.0,70,137,70.0,4.9,5.0,5,0.0,0.0,126.9,137.0,158.5,161.0,136.0,136.0,1.0,1.0,1,0.0,0
0.5,0.05,0.5,Virginia,86.0,86,86,86.0,15.0,14.5,19,0.0,0.0,95.7,93.5,104.6,106.0,103.6,106.0,7.4,7.0,13,0.8,3
2.0,0.25,2.0,Alabama,86.0,86,86,86.0,17.8,18.0,20,0.0,0.0,119.3,116.0,128.2,127.0,326.0,326.0,1.0,1.0,1,1.0,1
1.0,0.05,0.5,Virginia,86.0,86,86,86.0,26.2,26.5,30,0.0,0.0,93.6,90.0,103.0,106.0,108.1,109.0,10.7,10.5,15,2.5,6
0.5,0.05,1.0,Virginia,86.0,86,86,86.0,24.6,24.5,29,0.0,0.0,90.9,90.0,101.8,102.5,98.4,105.5,10.6,10.5,13,2.7,5
1.0,0.05,2.0,Virginia,86.0,86,86,86.0,38.1,38.0,42,0.0,0.0,92.4,90.0,99.8,99.0,114.9,109.0,15.2,15.0,19,4.6,7
2.0,0.05,1.0,Virginia,86.0,86,86,86.0,37.5,37.0,44,0.0,0.0,93.3,90.0,101.2,99.0,101.5,109.0,14.3,14.5,16,6.7,10
0.5,0.25,1.0,New Jersey,86.3,78,103,79.0,5.2,5.0,7,0.0,0.0,101.3,103.0,115.3,110.0,193.0,193.0,1.25,1.0,2,0.0,0
2.0,0.01,0.5,Missouri,86.3,61,91,91.0,49.5,48.0,54,0.0,0.0,97.3,98.0,101.1,102.0,111.2,140.0,5.9,6.0,10,4.3,6
2.0,0.25,1.0,New Jersey,86.4,79,103,79.0,6.2,6.0,8,0.0,0.0,103.6,103.0,114.1,110.0,354.1,405.0,1.6,2.0,2,0.5,1
0.5,0.01,1.0,Oklahoma,86.4,55,146,65.0,13.0,13.0,16,0.0,0.0,109.3,103.0,131.6,124.0,84.75,62.0,2.125,2.0,4,1.0,2
2.0,0.01,1.0,Missouri,86.5,65,98,91.0,55.7,57.0,60,0.0,0.0,95.2,99.0,101.6,101.0,151.7,140.0,6.5,5.5,12,4.4,8
0.5,0.25,2.0,Delaware,86.7,74,193,75.0,1.8,2.0,2,0.0,0.0,389.0,380.0,,,99.8,106.0,1.0,1.0,1,0.0,0
1.0,0.25,2.0,New Jersey,86.7,78,110,79.0,5.9,6.0,7,0.0,0.0,104.4,103.0,119.0,116.0,338.22222222222223,405.0,1.5,1.0,3,0.9,1
1.0,0.01,2.0,Pennsylvania,86.8,39,107,94.0,37.6,37.5,46,0.7,3.0,103.7,107.0,109.8,115.0,83.9,88.0,32.6,33.0,40,14.8,23
2.0,0.25,2.0,Louisiana,87.0,63,93,93.0,3.5,3.5,4,0.0,0.0,240.8,260.0,380.0,410.0,,,0.0,0.0,0,0.0,0
2.0,0.25,0.5,Louisiana,87.0,63,93,93.0,2.2,2.0,3,0.0,0.0,240.8,260.0,331.0,331.0,,,0.0,0.0,0,0.0,0
2.0,0.01,2.0,Pennsylvania,87.0,39,115,98.5,39.4,39.5,44,0.5,3.0,106.0,107.0,112.6,114.5,73.5,28.0,30.2,28.5,39,13.2,16
2.0,0.25,0.5,New Jersey,87.1,78,110,79.0,6.2,6.0,7,0.0,0.0,104.6,103.0,122.9,116.0,193.0,193.0,1.25,1.0,2,0.0,0
1.0,0.05,0.5,Maryland,87.1,66,150,78.0,10.8,11.0,11,0.1,1.0,106.4,107.0,128.6,133.5,94.3,90.0,13.4,12.0,24,0.2,1
1.0,0.25,2.0,Tennessee,87.1,67,100,98.0,45.3,44.5,48,0.0,0.0,100.5,100.0,105.2,103.0,65.1,28.0,14.6,15.0,16,7.9,10
2.0,0.01,0.5,Nevada,87.2,70,137,70.0,4.9,5.0,5,0.0,0.0,139.1,137.0,174.9,188.0,277.5,278.5,1.5,1.0,3,0.0,0
0.5,0.05,2.0,Maryland,87.5,66,118,84.5,11.2,11.0,13,0.2,2.0,105.0,114.0,118.6,130.0,92.7,94.0,13.2,11.5,24,0.3,2
1.0,0.05,0.5,Massachusetts,87.6,69,112,86.5,7.2,7.0,8,0.0,0.0,109.8,112.0,113.2,114.0,220.11111111111111,227.0,1.8888888888888888,2.0,4,0.1,1
1.0,0.01,1.0,North Carolina,87.6,74,164,74.0,9.5,10.0,12,0.0,0.0,179.0,185.0,217.0,213.0,151.4,86.0,5.1,5.0,8,1.9,3
0.5,0.25,2.0,New Jersey,87.9,78,110,79.0,6.1,6.0,8,0.0,0.0,102.5,103.0,119.1,110.0,193.0,193.0,2.0,2.0,2,0.0,0
0.5,0.01,0.5,Illinois,88.0,65,108,86.0,24.5,23.5,30,0.0,0.0,104.4,106.0,109.6,108.5,119.4,111.0,8.6,8.5,11,3.6,5
2.0,0.01,0.5,Pennsylvania,88.0,39,115,96.0,38.0,38.5,41,0.3,2.0,104.0,104.5,113.8,115.0,96.6,104.5,32.4,33.0,37,13.3,17
1.0,0.01,1.0,Missouri,88.1,74,91,91.0,46.8,47.5,50,0.0,0.0,95.9,95.5,100.7,101.0,173.9,140.5,6.0,6.0,13,3.2,7
1.0,0.01,2.0,Kentucky,88.2,64,108,87.0,33.8,34.0,36,0.0,0.0,113.8,108.0,126.4,125.0,81.0,28.0,15.9,16.0,22,8.6,14
2.0,0.01,1.0,Pennsylvania,88.3,39,101,93.5,39.6,39.5,43,0.6,2.0,102.7,101.5,109.2,111.0,86.5,95.5,30.5,29.5,41,12.4,17
0.5,0.01,2.0,Pennsylvania,88.7,39,115,100.5,39.3,39.5,46,0.2,1.0,103.8,104.5,111.0,115.0,113.0,131.0,27.4,26.5,38,11.6,17
1.0,0.05,1.0,Arkansas,88.8,73,157,73.0,8.8,9.0,11,0.0,0.0,152.3,150.0,162.3,161.0,290.4,305.0,1.1,1.0,2,1.2,3
0.5,0.05,2.0,Arkansas,88.8,73,157,73.0,8.5,8.5,10,0.0,0.0,152.3,150.0,167.7,165.0,278.6666666666667,305.0,1.7777777777777777,1.0,4,1.3,3
2.0,0.01,0.5,Montana,88.9,68,119,90.0,17.8,18.0,20,0.0,0.0,99.4,97.0,108.9,106.0,185.5,133.5,1.0,1.0,3,3.2,5
0.5,0.01,1.0,Illinois,88.9,71,106,98.0,33.9,34.5,38,0.0,0.0,103.9,103.0,107.6,108.0,130.1,111.0,10.2,10.0,14,4.4,8
0.5,0.25,1.0,Alabama,89.0,86,116,86.0,10.5,10.5,13,0.0,0.0,120.1,116.0,135.2,131.0,,,0.0,0.0,0,0.0,0
2.0,0.25,1.0,Alabama,89.0,86,116,86.0,17.9,18.0,19,0.0,0.0,120.4,116.0,128.6,127.0,326.0,326.0,1.0,1.0,1,0.0,0
1.0,0.25,2.0,Alabama,89.0,86,116,86.0,16.1,16.0,17,0.0,0.0,119.3,116.0,128.2,127.0,326.0,326.0,1.0,1.0,1,0.1,1
0.5,0.01,1.0,Montana,89.0,68,94,90.0,12.7,13.5,15,0.1,1.0,102.3,98.5,111.3,111.5,97.0,97.0,0.2,0.0,1,1.5,3
1.0,0.01,2.0,Montana,89.0,68,94,90.0,18.2,18.5,20,0.0,0.0,96.0,94.0,107.0,106.0,298.0,373.0,1.5,1.5,3,3.6,7
2.0,0.01,1.0,Montana,89.2,68,100,90.0,18.6,19.0,21,0.0,0.0,95.4,94.0,102.9,98.5,377.7142857142857,404.0,1.2,1.0,3,3.2,5
0.5,0.25,0.5,New Jersey,89.4,78,110,81.0,5.0,5.0,6,0.0,0.0,107.3,104.5,119.4,122.0,193.0,193.0,1.0,1.0,1,0.0,0
0.5,0.01,2.0,Missouri,89.4,61,98,91.0,44.7,45.0,50,0.0,0.0,94.9,98.0,100.0,100.5,138.5,140.0,3.9,3.0,9,3.4,5
0.5,0.01,2.0,Kentucky,89.4,62,141,74.0,31.3,31.5,35,0.0,0.0,120.3,108.0,129.4,124.5,108.4,83.0,13.4,13.0,19,6.4,10
0.5,0.1,0.5,Louisiana,89.66666666666667,63,93,93.0,1.1111111111111112,1.0,2,0.0,0.0,93.0,93.0,,,,,0.0,0.0,0,0.0,0
2.0,0.1,1.0,Mississippi,89.7,56,145,95.0,16.6,16.5,18,0.0,0.0,147.0,145.0,221.2,209.0,204.75,237.0,1.3,1.5,2,1.5,2
1.0,0.01,2.0,North Carolina,89.7,74,185,74.0,11.0,11.0,15,0.2,1.0,193.2,213.0,228.0,234.0,140.2,86.0,6.2,6.0,9,2.4,4
0.5,0.1,2.0,Tennessee,89.7,67,100,99.0,39.7,39.5,43,0.0,0.0,104.1,104.5,109.2,111.0,66.4,28.0,13.6,13.0,16,5.4,8
0.5,0.01,0.5,Montana,89.8,45,117,92.0,9.9,10.0,12,0.0,0.0,107.3,110.5,115.4,118.5,101.0,101.0,0.3333333333333333,0.0,1,0.5,3
2.0,0.25,2.0,New Jersey,89.8,78,110,79.0,5.8,6.0,8,0.0,0.0,105.5,110.0,129.2,122.0,307.375,307.0,1.2222222222222223,1.0,3,0.7,1
1.0,0.01,1.0,Montana,89.9,68,100,90.0,16.7,16.0,19,0.0,0.0,99.4,95.5,110.3,115.0,318.0,318.0,0.3,0.0,2,2.3,4
0.5,0.25,1.0,Louisiana,90.0,63,93,93.0,1.1,1.0,2,0.0,0.0,93.0,93.0,,,,,0.0,0.0,0,0.0,0
1.0,0.25,2.0,Louisiana,90.0,63,93,93.0,2.3,2.0,3,0.0,0.0,285.9,260.0,372.0,428.0,,,0.0,0.0,0,0.0,0
0.5,0.25,2.0,Louisiana,90.0,63,93,93.0,2.1,2.0,3,0.0,0.0,243.3,260.0,260.0,260.0,,,0.0,0.0,0,0.0,0
1.0,0.25,1.0,Louisiana,90.0,63,93,93.0,2.1,2.0,3,0.0,0.0,285.9,260.0,260.0,260.0,,,0.0,0.0,0,0.0,0
2.0,0.1,0.5,Louisiana,90.0,63,93,93.0,1.9,2.0,3,0.0,0.0,292.375,260.0,402.0,402.0,,,0.0,0.0,0,0.0,0
0.5,0.1,2.0,Louisiana,90.0,63,93,93.0,1.9,2.0,3,0.0,0.0,310.125,331.0,402.0,402.0,,,0.0,0.0,0,0.0,0
1.0,0.01,1.0,Virginia,90.0,86,106,86.0,22.3,22.5,27,0.0,0.0,119.1,106.0,132.7,118.0,153.7,118.0,6.2,5.5,11,4.0,7
0.5,0.25,2.0,Alabama,90.1,86,127,86.0,15.3,16.0,16,0.0,0.0,121.9,121.5,131.9,129.0,,,0.0,0.0,0,0.0,0
2.0,0.01,2.0,Montana,90.4,90,94,90.0,17.6,18.0,20,0.0,0.0,99.2,94.0,111.4,110.5,380.25,404.0,1.4,1.0,3,3.7,6
2.0,0.05,2.0,Massachusetts,90.6,69,112,103.0,7.0,7.0,8,0.0,0.0,109.0,109.5,116.1,115.5,320.0,234.5,1.625,1.0,3,0.3,1
1.0,0.01,0.5,Utah,90.7,51,104,102.0,9.6,10.0,11,0.0,0.0,106.6,108.0,135.2,153.0,90.6,122.0,10.5,10.5,17,1.8,3
0.5,0.01,0.5,Pennsylvania,90.7,39,115,104.5,25.5,25.0,28,1.2,3.0,107.6,115.0,117.2,116.0,85.1,74.0,17.7,18.0,22,12.0,18
1.0,0.01,0.5,Montana,90.8,90,94,90.0,13.8,14.0,16,0.0,0.0,95.8,94.0,105.4,100.0,325.0,325.0,0.1,0.0,1,1.9,3
0.5,0.01,1.0,Missouri,91.1,91,92,91.0,34.0,33.5,40,0.0,0.0,97.8,99.0,102.9,102.0,157.375,176.5,1.9,2.0,4,1.9,5
0.5,0.01,2.0,Georgia,91.3,41,111,93.0,27.0,27.5,30,0.1,1.0,104.9,100.5,119.1,120.0,191.375,163.0,1.9,2.0,4,2.2,4
0.5,0.01,0.5,Kentucky,91.6,62,108,108.0,16.8,16.0,21,0.0,0.0,112.4,113.5,128.6,128.5,148.3,159.0,4.7,4.5,8,2.8,4
1.0,0.01,0.5,Illinois,91.9,74,102,98.0,37.4,38.0,40,0.0,0.0,102.5,103.0,105.9,106.0,137.2,146.0,12.8,12.0,18,5.2,9
0.5,0.25,1.0,Connecticut,92.0,92,92,92.0,7.0,7.0,7,0.0,0.0,103.4,104.0,104.0,104.0,119.6,113.0,5.5,6.0,7,0.0,0
0.5,0.25,2.0,Connecticut,92.0,92,92,92.0,7.0,7.0,7,0.0,0.0,100.2,100.0,104.0,104.0,115.6,113.0,6.2,6.0,9,0.0,0
0.5,0.25,0.5,Connecticut,92.0,92,92,92.0,6.6,7.0,7,0.0,0.0,99.9,98.0,103.2,104.0,117.9,113.0,2.5,2.5,4,0.0,0
1.0,0.25,1.0,Connecticut,92.0,92,92,92.0,7.0,7.0,7,0.0,0.0,101.9,104.0,103.4,104.0,122.7,113.0,6.5,6.5,10,0.0,0
1.0,0.1,0.5,Connecticut,92.0,92,92,92.0,7.0,7.0,7,0.0,0.0,103.6,104.0,104.9,104.0,115.2,113.0,6.3,6.0,8,0.0,0
0.5,0.1,2.0,Connecticut,92.0,92,92,92.0,7.0,7.0,7,0.0,0.0,103.4,104.0,105.0,104.0,128.8,118.5,6.7,7.0,9,0.0,0
1.0,0.25,0.5,Connecticut,92.0,92,92,92.0,6.9,7.0,7,0.0,0.0,101.3,104.0,103.9,104.0,118.9,113.0,5.8,6.0,7,0.1,1
1.0,0.25,2.0,Connecticut,92.0,92,92,92.0,6.8,7.0,7,0.0,0.0,99.9,100.0,103.6,104.0,118.9,113.0,6.5,6.5,9,0.2,1
2.0,0.05,1.0,Massachusetts,92.0,69,112,103.0,7.1,7.0,8,0.0,0.0,107.2,104.0,123.5,117.0,276.77777777777777,227.0,1.8888888888888888,2.0,3,0.2,1
2.0,0.25,2.0,Connecticut,92.0,92,92,92.0,6.7,7.0,7,0.0,0.0,100.6,104.0,103.4,104.0,124.4,113.0,6.7,6.5,10,0.3,1
2.0,0.25,0.5,Connecticut,92.0,92,92,92.0,6.7,7.0,7,0.0,0.0,98.7,99.0,104.0,104.0,117.9,113.0,5.4,5.5,7,0.3,1
2.0,0.25,1.0,Connecticut,92.0,92,92,92.0,6.4,6.0,7,0.0,0.0,99.2,102.0,103.6,104.0,130.3,110.5,6.5,7.0,10,0.6,1
2.0,0.1,2.0,Connecticut,92.0,92,92,92.0,6.4,6.5,7,0.0,0.0,104.9,104.0,108.0,107.0,136.4,142.0,6.7,6.5,10,0.6,2
0.5,0.1,1.0,Tennessee,92.0,67,100,98.0,29.9,30.0,33,0.0,0.0,98.9,100.0,108.3,109.0,75.3,72.5,13.7,13.0,20,4.4,6
1.0,0.01,1.0,Georgia,92.1,79,96,93.0,27.6,29.0,31,0.1,1.0,103.4,103.5,116.8,118.5,132.1,120.0,3.6,3.5,7,2.4,6
0.5,0.05,2.0,Massachusetts,92.2,69,112,104.0,7.3,7.0,8,0.0,0.0,112.3,112.0,120.0,117.0,240.28571428571428,227.0,1.8571428571428572,2.0,3,0.1,1
2.0,0.01,2.0,New York,92.2,61,116,86.0,11.4,11.0,15,0.5,4.0,122.0,122.5,136.8,133.5,28.0,28.0,125.4,125.5,144,35.4,40
1.0,0.01,0.5,Georgia,92.3,75,111,94.5,18.8,19.5,22,0.1,1.0,107.3,111.0,121.5,122.5,156.0,156.0,1.2,1.0,3,2.7,5
2.0,0.1,0.5,Tennessee,92.4,67,100,98.0,42.2,42.5,46,0.0,0.0,102.5,100.0,109.3,109.0,56.2,28.0,14.2,14.0,18,5.8,8
1.0,0.1,1.0,Tennessee,92.4,67,100,98.0,40.6,40.5,44,0.0,0.0,100.5,100.0,108.4,109.0,81.0,72.5,13.4,13.5,16,5.9,8
1.0,0.01,0.5,Kentucky,92.7,62,132,98.5,26.4,26.5,29,0.0,0.0,111.7,109.0,127.0,121.0,195.0,198.0,11.2,10.5,22,6.0,8
2.0,0.1,1.0,Connecticut,92.8,92,100,92.0,6.8,7.0,7,0.0,0.0,101.9,104.0,105.9,104.0,125.9,113.0,7.7,8.0,10,0.2,1
1.0,0.01,0.5,Pennsylvania,92.8,39,115,101.0,32.3,32.5,37,0.2,1.0,105.7,107.0,112.2,115.0,102.8,123.0,24.3,24.0,31,14.2,19
0.5,0.01,2.0,New York,92.9,68,116,86.0,12.4,12.5,18,0.4,4.0,117.7,120.0,131.1,133.0,28.0,28.0,127.7,125.5,143,34.1,39
ALL,ALL,ALL,Maryland,92.90555555555555,66,277,66.0,10.233333333333333,10.0,14,0.05555555555555555,2.0,108.52777777777777,78.0,126.1866295264624,96.0,97.64623955431755,80.0,14.236768802228413,16.0,24,0.8777777777777778,3
0.5,0.05,1.0,Louisiana,93.0,93,93,93.0,1.0,1.0,1,,,,,,,,,0.0,0.0,0,0.0,0
0.5,0.05,0.5,Louisiana,93.0,93,93,93.0,1.0,1.0,1,,,,,,,,,0.0,0.0,0,0.0,0
1.0,0.1,0.5,Louisiana,93.0,93,93,93.0,1.0,1.0,1,,,,,,,,,0.0,0.0,0,0.0,0
0.5,0.1,1.0,Louisiana,93.0,93,93,93.0,1.0,1.0,1,,,,,,,,,0.0,0.0,0,0.0,0
0.5,0.1,0.5,Connecticut,93.2,92,104,92.0,6.1,6.0,7,0.0,0.0,102.9,104.0,105.2,104.0,114.3,113.0,3.6,4.0,5,0.0,0
0.5,0.05,2.0,Connecticut,93.2,92,104,92.0,6.2,6.0,7,0.1,1.0,108.6,104.0,118.5,107.0,131.8,124.0,7.2,7.0,9,0.1,1
0.5,0.05,0.5,Massachusetts,93.2,69,112,104.0,5.5,6.0,6,0.0,0.0,124.1,113.0,140.3,117.0,238.0,227.0,1.5,1.5,3,0.2,1
1.0,0.1,1.0,Connecticut,93.2,92,104,92.0,6.8,7.0,7,0.0,0.0,104.3,104.0,105.6,104.0,128.4,118.5,7.4,7.0,12,0.2,1
2.0,0.1,0.5,Connecticut,93.2,92,104,92.0,6.7,7.0,7,0.0,0.0,103.5,104.0,106.8,104.0,131.6,113.0,7.3,7.0,10,0.3,1
0.5,0.01,2.0,Montana,93.3,68,117,92.0,15.6,15.5,18,0.0,0.0,104.3,100.0,117.1,118.0,186.75,166.0,0.5,0.0,2,2.1,3
2.0,0.05,0.5,Massachusetts,93.5,69,104,104.0,7.4,7.0,9,0.0,0.0,108.8,112.0,114.7,117.0,240.33333333333334,242.0,1.0,1.0,1,0.0,0
1.0,0.01,1.0,Illinois,93.5,71,108,100.0,40.0,39.0,46,0.0,0.0,105.2,105.0,107.7,108.5,136.4,136.0,13.1,12.0,20,6.3,8
1.0,0.05,0.5,Connecticut,93.6,92,104,92.0,5.3,5.5,7,0.0,0.0,106.4,104.0,127.6,116.0,122.5,124.0,6.6,7.0,8,0.2,1
0.5,0.1,1.0,Connecticut,93.7,92,104,92.0,6.8,7.0,7,0.0,0.0,103.2,104.0,105.9,105.5,129.2,113.0,6.1,6.0,8,0.1,1
1.0,0.01,2.0,North Dakota,93.8,68,100,97.0,10.0,10.0,12,0.0,0.0,103.9,100.0,124.3,124.0,134.4,122.0,9.0,8.5,16,2.3,4
1.0,0.01,2.0,Virginia,94.0,86,146,86.0,23.3,24.0,27,0.0,0.0,116.9,106.0,137.3,118.0,167.9,140.0,8.6,8.5,13,3.3,5
2.0,0.1,0.5,Alabama,94.2,86,127,86.0,14.5,14.5,17,0.0,0.0,124.5,127.0,134.4,131.0,326.0,326.0,1.125,1.0,2,0.0,0
0.5,0.1,2.0,Alabama,94.2,86,127,86.0,13.8,13.5,16,0.0,0.0,124.5,127.0,135.0,131.0,,,0.0,0.0,0,0.0,0
1.0,0.05,1.0,Connecticut,94.4,92,104,92.0,6.5,6.5,7,0.0,0.0,107.3,104.0,117.5,107.0,119.3,114.0,7.1,7.0,9,0.3,1
2.0,0.05,0.5,Connecticut,94.4,92,104,92.0,6.2,6.0,7,0.0,0.0,104.4,104.0,107.1,105.5,120.9,113.0,7.4,7.5,9,0.3,1
1.0,0.1,2.0,Connecticut,94.4,92,104,92.0,6.5,6.5,7,0.0,0.0,104.7,104.0,108.3,107.0,139.2,124.0,6.1,6.0,9,0.5,1
1.0,0.01,1.0,Utah,94.6,53,121,102.0,9.9,10.0,12,0.0,0.0,111.9,104.0,135.0,126.0,89.5,121.5,9.8,10.0,14,2.1,4
2.0,0.05,1.0,Connecticut,94.7,92,107,92.0,6.4,7.0,7,0.1,1.0,112.9,105.5,121.1,111.5,129.6,124.0,7.3,7.5,10,0.3,2
2.0,0.01,2.0,North Dakota,95.0,68,112,97.0,11.2,11.0,13,0.0,0.0,114.5,116.0,130.2,133.0,185.4,199.0,7.1,7.0,11,2.1,4
ALL,ALL,ALL,Massachusetts,95.04722222222222,69,255,69.0,6.852777777777778,7.0,9,0.041666666666666664,1.0,130.0388888888889,104.0,143.05277777777778,112.0,239.65338645418328,227.0,1.4095940959409594,1.0,5,0.25,2
1.0,0.1,0.5,New Jersey,95.1,78,122,92.0,5.2,5.0,6,0.0,0.0,121.6,122.0,150.7,149.0,203.66666666666666,209.0,1.0,1.0,1,0.0,0
1.0,0.01,2.0,Utah,95.1,79,102,102.0,10.5,11.0,12,0.0,0.0,124.4,121.0,145.5,154.0,113.3,146.5,9.0,9.0,14,2.7,5
1.0,0.01,0.5,New York,95.1,61,155,86.0,10.6,10.0,15,0.7,3.0,131.0,129.0,143.7,147.5,28.0,28.0,109.6,109.5,125,33.3,38
0.5,0.01,0.5,Georgia,95.2,41,124,96.0,9.9,10.0,12,0.1,1.0,127.4,124.0,143.0,137.0,124.83333333333333,129.0,1.5714285714285714,2.0,3,0.4,1
0.5,0.01,1.0,Utah,95.2,79,103,102.0,8.0,8.0,10,0.0,0.0,109.4,104.0,134.5,137.0,120.3,122.0,7.3,7.0,11,1.8,3
2.0,0.1,2.0,Tennessee,95.5,67,100,98.0,43.5,43.0,47,0.0,0.0,100.7,100.0,109.5,109.0,68.7,28.0,17.1,17.0,23,8.5,10
0.5,0.25,2.0,West Virginia,95.6,89,155,89.0,11.4,11.5,13,0.0,0.0,135.5,126.0,159.1,155.0,141.8,138.0,5.2,5.0,8,0.0,0
0.5,0.05,1.0,Connecticut,95.6,92,104,92.0,5.9,6.0,7,0.0,0.0,105.5,105.5,116.3,109.0,117.7,119.5,7.1,7.0,9,0.1,1
2.0,0.01,1.0,Georgia,95.6,57,124,94.5,32.4,32.0,36,0.1,1.0,106.4,97.5,119.5,117.0,202.22222222222223,212.0,3.3,3.0,9,5.9,9
0.5,0.1,0.5,Mississippi,95.7,56,145,102.0,2.0,2.0,4,0.0,0.0,136.85714285714286,145.0,193.5,193.5,65.0,65.0,1.0,1.0,1,0.0,0
1.0,0.05,2.0,Connecticut,95.7,92,105,92.0,6.6,7.0,7,0.0,0.0,105.1,105.5,112.8,109.5,129.9,124.0,6.9,6.5,10,0.2,1
2.0,0.01,0.5,North Dakota,95.9,93,100,95.0,10.0,10.0,11,0.0,0.0,104.7,100.0,126.8,133.0,159.7,188.5,6.8,7.5,12,1.3,4
0.5,0.1,0.5,Tennessee,95.9,67,100,99.0,18.1,18.0,20,0.0,0.0,104.5,104.5,111.0,111.0,65.6,28.0,7.9,7.5,11,2.7,5
2.0,0.01,0.5,Kentucky,95.9,64,132,108.0,32.7,33.5,35,0.0,0.0,115.9,113.5,129.7,132.0,134.1,159.0,14.6,14.0,19,9.0,13
0.5,0.01,2.0,Virginia,96.0,86,146,86.0,21.9,23.0,28,0.0,0.0,116.1,106.0,136.4,118.0,186.7,140.0,6.1,5.5,11,3.0,8
2.0,0.01,0.5,Utah,96.1,79,134,102.0,10.2,10.0,13,0.1,1.0,118.3,120.0,141.8,153.0,95.8,122.0,10.0,9.0,14,2.6,5
1.0,0.01,0.5,Virginia,96.2,86,128,86.0,16.8,17.0,20,0.0,0.0,116.5,106.0,139.5,118.0,235.6,218.0,4.8,5.0,8,2.5,4
1.0,0.01,2.0,Georgia,96.3,62,116,94.5,32.8,32.5,37,0.0,0.0,106.8,96.0,118.5,113.5,200.7,129.0,3.3,3.0,5,4.8,8
0.5,0.25,1.0,West Virginia,96.4,89,126,89.0,8.6,9.0,11,0.0,0.0,143.4,155.0,162.4,162.0,148.8,138.0,4.8,5.0,7,0.0,0
0.5,0.25,0.5,West Virginia,96.4,89,126,89.0,4.6,4.5,6,0.0,0.0,139.4,126.0,170.5,163.0,128.6,138.0,2.8,2.5,5,0.0,0
2.0,0.25,0.5,West Virginia,96.4,89,126,89.0,11.3,11.0,12,0.0,0.0,140.5,140.5,158.8,158.0,153.1,138.0,4.8,4.5,7,0.0,0
2.0,0.01,2.0,Virginia,96.4,86,146,86.0,23.1,23.5,27,0.0,0.0,116.4,106.0,136.5,118.0,170.6,134.5,9.1,9.0,14,3.5,6
2.0,0.01,2.0,Utah,96.5,63,112,102.0,10.8,11.0,13,0.0,0.0,108.4,104.0,127.0,121.0,97.8,122.0,11.7,11.5,15,2.1,4
2.0,0.05,2.0,Tennessee,96.5,67,100,100.0,40.9,40.5,45,0.0,0.0,108.0,109.0,113.6,113.0,86.0,122.0,18.4,18.0,22,6.9,10
1.0,0.1,2.0,Tennessee,96.6,80,100,98.0,43.1,43.0,46,0.0,0.0,101.8,100.0,109.8,109.0,75.3,72.5,17.6,18.0,26,6.2,8
2.0,0.01,0.5,New York,96.7,86,133,86.0,13.6,13.5,18,0.3,1.0,129.8,129.5,138.9,138.5,41.6,28.0,125.1,131.5,146,33.7,38
2.0,0.05,0.5,Arkansas,96.8,73,157,73.0,9.6,9.5,11,0.0,0.0,154.7,150.0,163.4,165.0,299.3,305.0,1.2,1.0,2,2.2,3
0.5,0.01,2.0,North Dakota,96.9,93,100,98.5,8.4,8.5,10,0.0,0.0,110.2,102.0,124.3,120.5,203.55555555555554,188.0,4.6,5.5,8,2.1,3
1.0,0.1,0.5,Tennessee,97.0,80,100,98.0,35.9,35.5,41,0.0,0.0,103.4,100.0,110.5,111.0,67.3,28.0,14.4,14.0,19,5.6,7
1.0,0.1,1.0,Alabama,97.2,86,127,86.0,13.8,14.0,16,0.0,0.0,127.8,127.0,136.2,131.0,381.0,381.0,1.0,1.0,1,0.0,0
1.0,0.01,2.0,Nevada,97.4,70,137,79.5,4.9,5.0,5,0.0,0.0,122.1,128.0,162.2,163.5,288.125,297.0,1.625,1.5,3,0.0,0
1.0,0.01,1.0,Nevada,97.4,70,137,79.5,4.9,5.0,5,0.0,0.0,136.5,137.0,150.5,155.5,177.0,96.0,0.8333333333333334,1.0,1,0.1,1
2.0,0.05,2.0,Connecticut,97.4,92,107,92.0,6.6,7.0,7,0.0,0.0,113.7,104.5,127.9,115.0,120.7,117.5,8.2,8.5,10,0.4,1
0.5,0.1,2.0,Mississippi,97.5,56,209,102.0,13.4,13.5,16,0.0,0.0,144.7,145.0,210.2,209.0,253.125,366.0,1.25,1.0,2,0.0,0
0.5,0.05,0.5,Connecticut,97.5,92,107,92.0,4.8,4.5,6,0.1,1.0,112.9,107.0,136.4,119.0,127.4,124.0,4.1,4.0,6,0.3,1
1.0,0.05,2.0,Tennessee,97.6,67,113,100.0,40.3,40.0,43,0.0,0.0,108.8,109.0,117.9,117.0,96.8,126.0,15.4,14.5,21,5.3,9
ALL,ALL,ALL,Tennessee,98.18888888888888,67,172,100.0,33.172222222222224,37.0,51,0.0,0.0,112.75,109.0,123.00833333333334,113.0,85.12256267409471,28.0,12.930362116991644,13.0,26,4.95,11
1.0,0.01,1.0,North Dakota,98.2,68,136,97.0,8.0,8.0,11,0.0,0.0,112.0,108.0,129.9,136.0,158.9,144.5,6.6,6.5,12,2.1,4
0.5,0.25,0.5,Delaware,98.3,74,194,75.0,1.0,1.0,1,,,,,,,93.6,106.0,1.4,1.0,2,0.0,0
2.0,0.25,2.0,Delaware,98.3,74,193,75.0,2.8,3.0,3,0.0,0.0,345.2,380.0,395.75,404.0,152.25,106.0,1.375,1.0,3,0.0,0
2.0,0.1,1.0,Alabama,98.3,86,127,86.0,16.1,16.0,18,0.0,0.0,125.3,127.0,143.1,142.5,322.3,326.0,1.3,1.0,2,0.4,1
2.0,0.25,1.0,Delaware,98.4,74,193,75.0,2.9,3.0,3,0.0,0.0,389.6,404.0,424.1111111111111,437.0,108.0,106.0,1.0,1.0,1,0.0,0
0.5,0.01,1.0,Georgia,98.6,85,137,96.0,18.2,17.5,23,0.0,0.0,113.5,108.0,125.6,116.0,201.4,129.0,0.9,0.5,3,1.8,4
2.0,0.01,1.0,North Dakota,98.7,93,124,97.0,9.9,10.5,12,0.0,0.0,107.3,100.0,150.4,130.0,124.7,122.0,7.4,7.5,12,3.0,5
1.0,0.01,2.0,New York,98.7,61,147,86.0,13.6,14.0,16,0.3,3.0,123.1,121.0,138.7,134.0,39.4,28.0,121.6,123.5,139,33.8,37
2.0,0.05,0.5,Tennessee,98.8,98,100,98.0,38.5,37.5,43,0.0,0.0,104.5,104.5,115.3,113.0,73.8,70.0,14.9,15.0,17,6.0,8
0.5,0.01,0.5,North Dakota,98.9,68,124,97.0,6.1,6.5,8,0.0,0.0,114.0,104.0,124.55555555555556,133.0,145.2,122.0,1.4285714285714286,1.0,3,0.5,1
2.0,0.01,1.0,Virginia,98.9,86,151,86.0,24.6,23.5,30,0.0,0.0,119.7,106.0,135.9,118.0,208.9,193.0,7.5,7.5,13,4.4,8
2.0,0.01,2.0,North Carolina,99.0,74,213,74.0,12.4,12.0,15,0.0,0.0,197.9,203.0,221.5,213.0,124.6,86.0,6.4,7.0,8,3.2,5
2.0,0.1,1.0,Tennessee,99.2,98,100,100.0,44.0,44.0,46,0.0,0.0,105.4,109.0,111.4,113.0,66.9,28.0,16.7,16.5,22,6.8,9
0.5,0.1,0.5,New Jersey,99.3,79,122,106.5,3.6,3.5,5,0.0,0.0,120.6,122.0,143.11111111111111,148.0,193.0,193.0,1.0,1.0,1,0.0,0
0.5,0.01,2.0,Utah,99.4,79,104,102.0,9.4,9.5,11,0.0,0.0,108.6,104.0,128.4,118.5,85.4,113.0,9.2,9.0,13,2.6,4
1.0,0.05,0.5,Tennessee,99.8,98,100,100.0,32.5,32.5,36,0.0,0.0,108.5,109.0,114.2,113.0,69.4,28.0,13.0,13.5,16,4.8,7
1.0,0.01,1.0,New York,99.8,86,137,86.0,11.8,11.5,17,0.3,2.0,133.0,135.0,147.5,149.5,42.0,28.0,123.7,124.0,145,35.1,38
2.0,0.1,0.5,Mississippi,100.0,56,145,102.0,14.4,15.0,16,0.0,0.0,151.3,145.0,208.4,209.0,280.0,366.0,1.1,1.0,3,0.8,1
1.0,0.01,0.5,North Dakota,100.0,93,136,95.0,6.1,6.5,9,0.0,0.0,112.9,100.0,117.875,116.0,149.75,155.0,4.0,4.5,6,1.2,3
1.0,0.1,0.5,Alabama,100.2,86,127,86.0,10.3,10.0,11,0.0,0.0,128.6,127.0,141.4,131.0,453.0,453.0,1.0,1.0,1,0.0,0
1.0,0.1,2.0,Alabama,100.2,86,127,86.0,14.9,15.0,17,0.0,0.0,127.4,127.0,137.7,131.0,322.3,326.0,1.2,1.0,2,0.4,1
2.0,0.01,1.0,Utah,100.2,79,112,102.0,9.2,9.0,12,0.0,0.0,116.1,104.0,129.3,121.0,96.8,122.0,9.2,9.5,13,2.4,4
0.5,0.1,1.0,Mississippi,100.3,56,145,102.0,5.3,5.5,7,0.0,0.0,174.2,145.0,262.3,271.0,366.0,366.0,1.0,1.0,1,0.0,0
2.0,0.05,1.0,Tennessee,100.3,98,109,100.0,40.8,41.0,43,0.0,0.0,107.9,109.0,118.8,113.0,46.8,28.0,18.2,18.5,23,6.0,9
1.0,0.05,0.5,Louisiana,100.33333333333333,63,130,93.0,1.0,1.0,1,,,,,,,,,0.0,0.0,0,0.0,0
0.5,0.01,1.0,Virginia,100.4,86,146,86.0,13.5,13.0,18,0.1,1.0,124.0,112.0,151.8,134.0,189.1,148.5,3.7,4.0,6,2.9,6
0.5,0.05,1.0,Tennessee,100.7,98,109,100.0,26.1,25.5,32,0.0,0.0,109.4,109.0,114.6,113.0,125.8,122.0,11.6,12.0,17,3.6,7
1.0,0.05,1.0,Tennessee,100.9,98,113,100.0,37.5,37.5,40,0.0,0.0,108.4,109.0,115.8,115.0,56.0,28.0,15.1,15.0,18,4.8,7
0.5,0.01,1.0,North Dakota,101.0,93,133,98.5,5.7,5.5,8,0.1,1.0,114.5,108.0,132.1,136.0,159.85714285714286,175.0,4.125,3.5,9,1.4,3
2.0,0.25,0.5,Maine,101.2,85,115,103.0,10.8,11.0,12,0.0,0.0,113.0,115.0,124.2,123.0,303.0,237.0,0.7,1.0,2,1.2,2
1.0,0.25,2.0,Maine,101.2,85,103,103.0,10.6,11.0,12,0.1,1.0,116.6,115.0,121.9,123.0,435.0,435.0,0.1111111111111111,0.0,1,1.4,3
0.5,0.1,1.0,Alabama,101.3,86,127,86.0,9.8,10.0,12,0.0,0.0,127.5,127.0,141.4,131.0,381.0,381.0,1.0,1.0,1,0.0,0
0.5,0.01,1.0,Pennsylvania,101.6,84,115,101.5,33.2,33.5,36,0.6,3.0,111.3,115.0,115.7,117.0,100.8,127.0,22.8,23.0,30,12.7,16
0.5,0.25,0.5,Maine,101.8,85,115,103.0,7.3,7.0,9,0.1,1.0,115.0,115.0,124.0,123.0,,,0.0,0.0,0,1.4,2
2.0,0.25,2.0,Maine,101.8,85,115,103.0,10.5,11.0,11,0.1,1.0,119.7,119.0,129.2,130.5,336.0,336.0,0.5,0.0,2,1.5,3
0.5,0.05,2.0,Tennessee,101.9,98,109,100.0,35.9,36.5,38,0.0,0.0,107.4,109.0,113.1,113.0,37.9,28.0,13.1,13.5,16,4.5,7
2.0,0.01,2.0,Georgia,102.3,79,137,96.0,33.7,33.5,39,0.0,0.0,115.0,111.0,129.0,132.0,213.5,142.5,4.6,5.0,7,6.4,9
0.5,0.05,0.5,Tennessee,102.5,98,109,100.0,16.5,16.0,20,0.0,0.0,110.1,109.0,118.3,117.0,115.2,122.0,9.0,9.0,11,1.3,3
1.0,0.25,1.0,West Virginia,103.0,89,155,89.0,11.1,11.0,13,0.0,0.0,138.3,126.0,163.0,155.0,144.6,138.0,5.0,5.0,10,0.0,0
0.5,0.01,2.0,North Carolina,103.6,74,213,74.0,9.4,10.0,12,0.3,1.0,208.3,213.0,227.3,225.0,148.6,86.0,4.2,4.0,9,1.8,5
2.0,0.05,1.0,Arkansas,103.8,73,150,73.0,10.2,10.5,12,0.0,0.0,154.3,153.5,163.5,165.0,305.5,305.0,2.2,2.0,3,3.1,5
2.0,0.1,2.0,New Jersey,103.9,78,122,106.5,5.5,5.5,6,0.0,0.0,134.7,133.0,166.4,160.5,202.6,209.0,2.3,2.0,5,0.5,1
0.5,0.1,0.5,Alabama,104.0,86,131,86.0,4.0,4.0,6,0.0,0.0,142.5,145.5,170.4,187.0,,,0.0,0.0,0,0.0,0
0.5,0.01,0.5,Utah,104.1,102,121,102.0,6.5,7.0,9,0.0,0.0,112.0,104.0,134.0,120.0,132.0,131.0,6.1,6.0,8,1.3,3
1.0,0.25,1.0,Maine,104.2,85,115,103.0,10.2,10.0,11,0.1,1.0,120.4,119.0,127.4,127.0,336.0,336.0,0.5,0.0,2,1.7,2
2.0,0.01,1.0,Nevada,104.7,70,137,109.5,4.9,5.0,5,0.0,0.0,144.8,137.0,181.1,188.0,298.5,298.5,1.3333333333333333,1.0,2,0.0,0
2.0,0.1,0.5,New Jersey,104.8,79,122,108.0,5.5,5.5,6,0.0,0.0,129.7,122.0,153.3,158.0,193.0,193.0,2.7142857142857144,2.0,4,0.5,1
1.0,0.05,0.5,Arkansas,105.3,73,165,73.0,7.9,8.0,10,0.0,0.0,148.1,150.0,163.1,157.0,221.5,213.0,0.4444444444444444,0.0,1,1.2,2
2.0,0.05,0.5,Alabama,105.4,86,127,101.0,13.0,13.0,14,0.0,0.0,139.4,127.0,156.2,142.5,326.0,326.0,1.0,1.0,1,0.0,0
1.0,0.1,0.5,Mississippi,105.7,56,145,102.0,9.5,9.5,11,0.0,0.0,174.6,177.0,228.6,240.0,323.0,366.0,1.0,1.0,1,0.0,0
0.5,0.01,1.0,New York,105.8,86,147,101.0,11.2,11.0,14,0.5,4.0,125.3,118.0,141.6,139.0,47.0,28.0,105.4,106.0,117,32.3,36
0.5,0.1,1.0,New Jersey,106.0,78,122,104.5,4.5,4.0,6,0.0,0.0,133.9,122.0,167.0,172.0,220.6,201.0,1.4,1.0,2,0.0,0
ALL,ALL,ALL,Arkansas,106.1145251396648,69,364,73.0,7.9804469273743015,9.0,12,0.017045454545454544,1.0,152.08522727272728,150.0,183.9418604651163,157.0,289.8663594470046,305.0,1.441696113074205,1.0,5,1.717877094972067,5
0.5,0.25,2.0,Maine,106.2,85,123,109.0,10.5,10.0,12,0.0,0.0,116.2,115.0,125.7,123.0,385.5,435.0,0.4444444444444444,0.0,1,1.5,2
0.5,0.1,2.0,New Jersey,106.7,78,122,108.0,5.4,5.0,6,0.0,0.0,125.8,122.0,155.2,149.0,192.71428571428572,193.0,1.4285714285714286,1.0,2,0.0,0
2.0,0.25,2.0,West Virginia,106.7,89,155,89.0,13.2,13.5,15,0.0,0.0,141.1,140.5,167.2,158.0,151.2,138.0,4.1,4.0,6,0.5,2
2.0,0.25,1.0,Maine,106.8,85,123,103.0,10.3,10.0,11,0.1,1.0,122.6,123.0,131.3,136.0,336.0,336.0,0.3,0.0,2,1.7,3
2.0,0.01,0.5,Georgia,107.1,92,124,106.0,30.7,29.0,38,0.0,0.0,123.0,124.0,133.4,134.5,195.77777777777777,186.0,2.9,2.5,6,4.2,7
2.0,0.01,1.0,New York,107.4,86,133,116.0,12.0,12.0,14,0.1,1.0,128.1,128.5,134.4,133.0,45.6,28.0,125.8,127.0,135,35.1,37
0.5,0.25,1.0,Maine,108.0,85,123,109.0,9.4,9.0,11,0.1,1.0,118.2,115.0,126.8,123.0,237.0,237.0,0.3333333333333333,0.0,1,1.8,3
2.0,0.1,1.0,New Jersey,108.4,79,122,116.0,5.5,5.0,7,0.0,0.0,132.2,135.0,155.1,160.5,240.0,193.0,2.6,2.5,4,0.7,1
2.0,0.1,2.0,Alabama,108.4,86,127,116.0,16.0,16.0,18,0.0,0.0,128.6,127.0,141.4,131.0,322.3,326.0,1.1,1.0,2,1.0,1
0.5,0.1,2.0,Maine,108.7,85,130,109.0,10.5,11.0,12,0.0,0.0,124.2,126.5,135.2,136.0,,,0.0,0.0,0,1.3,3
1.0,0.25,0.5,Maine,109.2,85,123,115.0,10.3,10.0,11,0.0,0.0,122.5,123.0,131.5,133.5,237.0,237.0,0.2,0.0,1,1.3,3
1.0,0.25,0.5,Delaware,109.6,68,193,75.0,1.6,2.0,2,0.0,0.0,314.0,281.0,,,93.6,106.0,1.4,1.0,2,0.0,0
1.0,0.25,2.0,West Virginia,109.6,89,155,89.0,12.0,12.0,14,0.0,0.0,141.4,140.5,157.8,156.5,148.4,138.0,4.6,4.0,7,0.0,0
1.0,0.25,2.0,Delaware,110.1,74,193,75.0,3.0,3.0,3,0.0,0.0,347.3,380.0,406.4,405.0,153.33333333333334,106.0,1.3333333333333333,1.0,2,0.0,0
1.0,0.25,0.5,West Virginia,110.4,89,155,107.5,9.9,10.0,12,0.0,0.0,144.2,155.0,161.9,159.5,146.5,138.0,5.0,5.5,8,0.0,0
2.0,0.25,1.0,West Virginia,110.4,89,155,107.5,12.7,13.0,14,0.0,0.0,140.8,140.5,167.0,159.0,144.6,138.0,5.5,5.5,9,0.0,0
1.0,0.1,0.5,Delaware,110.4,74,194,75.0,1.2,1.0,2,0.0,0.0,330.5,330.5,,,100.16666666666667,106.0,1.1666666666666667,1.0,2,0.0,0
0.5,0.01,0.5,New York,110.4,86,163,114.0,8.8,9.0,11,1.1,4.0,138.7,135.5,160.1,158.0,40.4,28.0,84.2,82.0,98,31.7,36
1.0,0.01,1.0,Tennessee,110.7,100,149,104.5,22.6,23.0,25,0.0,0.0,137.4,133.5,154.8,156.0,95.8,110.0,7.7,7.0,12,3.8,6
2.0,0.01,2.0,Nevada,110.9,70,180,112.5,4.9,5.0,5,0.0,0.0,147.6,137.0,171.8,172.5,231.0,96.0,1.6666666666666667,2.0,2,0.0,0
1.0,0.1,1.0,New Jersey,111.2,78,144,116.0,5.3,5.0,6,0.0,0.0,137.4,135.5,179.0,172.0,223.66666666666666,209.0,2.111111111111111,2.0,3,0.2,1
0.5,0.01,1.0,Tennessee,111.3,98,149,108.5,14.5,14.5,19,0.0,0.0,140.9,149.0,157.6,163.0,160.4,143.0,5.6,6.0,8,1.5,3
1.0,0.1,0.5,Maine,111.9,85,130,115.0,10.5,10.0,12,0.0,0.0,126.1,126.5,136.4,136.0,,,0.0,0.0,0,0.8,2
1.0,0.01,1.0,Vermont,112.0,74,151,106.0,12.3,12.5,13,0.0,0.0,140.9,147.0,162.1,164.5,187.5,186.5,5.4,5.5,8,1.6,4
0.5,0.01,0.5,Vermont,112.4,102,153,106.0,11.6,11.5,14,0.3,1.0,147.8,153.0,168.2,172.5,181.11111111111111,172.0,3.3,3.0,7,1.3,3
2.0,0.05,2.0,Arkansas,112.6,73,157,110.0,10.4,10.0,12,0.0,0.0,153.9,157.0,163.4,166.5,289.77777777777777,305.0,2.5,2.5,4,2.4,4
1.0,0.1,2.0,New Jersey,112.7,79,172,112.5,5.6,6.0,6,0.0,0.0,140.0,135.0,187.9,172.0,289.3,209.0,1.5,1.5,2,0.1,1
2.0,0.1,1.0,Maine,112.8,103,130,109.0,11.1,11.0,12,0.0,0.0,126.9,130.0,136.6,136.0,237.0,237.0,0.14285714285714285,0.0,1,0.8,2
0.5,0.01,1.0,North Carolina,112.9,74,213,74.0,6.7,7.0,9,0.1,1.0,191.5,185.0,223.9,213.0,124.125,86.0,2.375,2.5,4,0.5,1
2.0,0.01,1.0,North Carolina,112.9,74,213,74.0,11.5,11.0,15,0.0,0.0,195.4,194.0,223.9,213.0,184.6,86.0,4.9,5.0,8,2.2,3
0.5,0.05,1.0,Arkansas,113.0,73,165,111.5,6.4,6.5,8,0.0,0.0,159.4,157.0,169.7,165.0,249.0,249.0,0.3333333333333333,0.0,1,0.8,2
2.0,0.1,2.0,Maine,113.4,85,130,115.0,10.8,11.0,12,0.0,0.0,131.0,130.0,145.8,136.0,435.0,435.0,0.1111111111111111,0.0,1,1.2,2
0.5,0.05,2.0,Alabama,113.6,86,127,127.0,11.4,12.0,13,0.0,0.0,142.9,131.0,167.2,160.0,381.0,381.0,1.0,1.0,1,0.0,0
0.5,0.1,0.5,Maine,113.8,85,130,115.0,7.8,8.0,9,0.1,1.0,128.2,130.0,135.9,136.0,237.0,237.0,0.14285714285714285,0.0,1,1.0,2
ALL,ALL,ALL,Connecticut,113.85,92,326,92.0,5.933333333333334,6.0,7,0.06111111111111111,1.0,140.88333333333333,104.0,160.1129943502825,107.0,153.91944444444445,124.0,5.638888888888889,6.0,12,0.24444444444444444,2
0.5,0.01,0.5,Virginia,113.9,86,201,86.0,9.6,10.5,12,0.0,0.0,142.1,106.0,156.1,132.0,233.0,280.0,3.4,3.0,8,2.0,6
ALL,ALL,ALL,South Carolina,113.95965417867436,58,478,73.0,5.585014409221902,5.0,14,0.0,0.0,143.91746031746032,85.0,181.0,152.0,184.0771812080537,185.0,8.738255033557047,9.0,22,0.15273775216138327,2
1.0,0.1,1.0,Mississippi,114.2,56,209,102.0,13.2,13.0,16,0.0,0.0,168.0,145.0,222.9,209.0,340.42857142857144,366.0,1.2857142857142858,1.0,3,0.5,2
2.0,0.01,2.0,Vermont,114.3,71,165,111.0,11.8,11.5,13,0.1,1.0,148.1,153.0,162.4,164.5,188.2,166.5,5.7,6.0,9,2.2,4
0.5,0.1,1.0,Maine,114.4,85,130,115.0,9.8,10.0,11,0.0,0.0,131.3,130.0,148.8,145.0,237.0,237.0,0.14285714285714285,0.0,1,0.8,2
2.0,0.01,0.5,Virginia,114.4,86,186,106.0,22.7,23.0,26,0.1,1.0,139.4,146.0,162.3,158.0,220.0,227.0,8.7,8.5,12,4.5,6
2.0,0.01,1.0,Tennessee,114.5,100,149,113.0,24.6,25.5,29,0.0,0.0,148.3,149.0,163.9,163.0,91.4,28.0,11.7,12.5,16,4.6,7
0.5,0.05,0.5,Arkansas,115.4,73,165,110.0,5.0,5.0,7,0.0,0.0,165.9,165.0,186.5,180.0,215.0,215.0,1.0,1.0,1,0.0,0
0.5,0.01,2.0,Vermont,115.6,74,164,120.5,12.6,12.5,14,0.1,1.0,148.0,153.0,160.4,164.0,180.5,163.5,4.8,5.5,7,1.3,3
1.0,0.01,0.5,Tennessee,115.6,98,160,104.5,18.3,18.5,22,0.0,0.0,141.9,149.0,163.2,164.0,145.5,137.0,7.7,7.0,12,2.0,4
2.0,0.1,1.0,West Virginia,116.2,89,155,107.5,11.2,11.0,13,0.0,0.0,157.8,155.0,177.5,191.0,178.3,182.5,3.7,3.0,7,0.3,3
0.5,0.01,2.0,Tennessee,116.6,100,149,113.0,20.1,19.5,26,0.0,0.0,141.2,142.5,158.3,156.0,119.4,111.0,6.7,6.5,10,1.7,4
1.0,0.1,2.0,Maine,116.8,103,130,119.0,11.1,11.0,12,0.0,0.0,130.8,130.5,147.2,136.0,435.0,435.0,0.14285714285714285,0.0,1,0.8,2
1.0,0.1,2.0,Mississippi,117.1,56,209,102.0,14.6,14.0,16,0.0,0.0,168.7,145.0,217.2,209.0,258.5,301.5,1.3333333333333333,1.0,3,0.9,2
1.0,0.01,0.5,Vermont,117.1,64,185,104.0,11.4,12.0,14,0.3,2.0,138.4,144.0,165.1,164.0,187.7,186.5,4.4,4.0,10,1.8,6
1.0,0.05,0.5,Alabama,117.7,86,127,127.0,10.5,10.5,13,0.0,0.0,132.7,131.0,152.8,154.0,453.0,453.0,1.0,1.0,1,0.0,0
2.0,0.05,2.0,Alabama,117.7,86,127,127.0,14.6,15.0,16,0.0,0.0,134.8,131.0,155.7,160.0,326.0,326.0,0.8,1.0,2,1.0,1
2.0,0.05,0.5,New Jersey,119.4,110,144,122.0,5.2,5.0,6,0.0,0.0,146.9,149.0,204.5,172.0,262.0,209.0,1.8,1.5,4,0.0,0
0.5,0.1,2.0,West Virginia,119.9,89,155,126.0,10.0,10.0,12,0.0,0.0,159.6,155.0,182.0,191.0,177.6,149.5,3.6,4.0,7,0.0,0
0.5,0.05,1.0,Maine,119.9,103,130,119.0,9.4,9.5,11,0.0,0.0,141.0,133.0,158.0,145.0,227.0,227.0,0.25,0.0,1,0.6,2
1.0,0.1,1.0,Maine,120.0,85,130,123.0,10.5,10.5,11,0.0,0.0,132.9,136.0,149.8,154.0,237.0,237.0,0.1111111111111111,0.0,1,1.0,2
2.0,0.01,2.0,Tennessee,120.0,98,163,109.0,26.7,26.0,32,0.0,0.0,144.9,150.0,169.6,171.0,99.1,28.0,13.2,14.0,19,5.0,7
0.5,0.25,1.0,Delaware,120.1,68,193,75.0,1.5,1.5,2,0.0,0.0,320.6,281.0,,,85.0,75.0,2.2,2.0,3,0.0,0
2.0,0.01,1.0,Vermont,120.1,74,165,121.0,12.2,12.0,14,0.2,2.0,149.0,153.0,162.0,165.0,193.5,172.0,4.9,5.0,8,1.8,4
0.5,0.05,1.0,New Jersey,120.3,79,172,122.0,4.8,5.0,6,0.0,0.0,155.8,158.0,208.7,207.0,201.88888888888889,209.0,1.5555555555555556,2.0,2,0.0,0
0.5,0.05,1.0,Alabama,120.7,86,127,127.0,8.6,9.0,11,0.0,0.0,140.1,131.0,162.2,160.0,379.5,379.5,1.0,1.0,1,0.0,0
2.0,0.01,0.5,Tennessee,120.7,100,172,120.0,25.4,25.5,29,0.0,0.0,147.3,142.5,165.7,167.5,44.4,28.0,11.0,12.0,15,3.4,5
0.5,0.01,0.5,Tennessee,121.1,98,149,108.5,8.7,8.5,12,0.0,0.0,149.6,149.0,174.9,179.0,227.66666666666666,198.0,2.6666666666666665,2.0,6,0.3,1
2.0,0.25,0.5,Delaware,121.2,68,193,75.0,1.7,2.0,3,0.0,0.0,278.1666666666667,252.0,440.0,440.0,81.2,75.0,1.8,1.0,3,0.0,0
2.0,0.05,1.0,Maine,121.4,103,130,123.0,11.2,11.0,12,0.0,0.0,135.7,136.0,158.0,161.5,,,0.0,0.0,0,0.5,2
2.0,0.1,0.5,Maine,121.4,103,130,123.0,10.6,10.5,12,0.0,0.0,131.9,131.0,141.9,136.0,,,0.0,0.0,0,1.1,3
0.5,0.05,0.5,Alabama,121.6,86,131,131.0,3.8,4.0,5,0.0,0.0,161.1,160.0,187.5,198.0,,,0.0,0.0,0,0.0,0
2.0,0.01,0.5,Massachusetts,121.9,112,209,112.0,6.1,6.0,7,0.3,1.0,210.1,216.0,240.6,250.0,218.88888888888889,242.0,1.8,2.0,4,0.7,1
1.0,0.05,2.0,Alabama,122.1,86,160,127.0,12.7,12.5,15,0.0,0.0,138.7,131.0,163.9,160.0,326.0,326.0,1.1,1.0,2,0.5,1
2.0,0.05,2.0,Maine,122.5,85,130,130.0,11.0,11.5,12,0.0,0.0,142.5,136.0,180.9,188.0,435.0,435.0,0.2,0.0,1,0.6,2
1.0,0.05,2.0,New Jersey,122.7,79,172,122.0,5.1,5.0,6,0.0,0.0,171.6,172.0,230.9,242.0,205.8,209.0,2.6,2.5,5,0.0,0
ALL,ALL,ALL,Alabama,122.94722222222222,86,326,116.0,10.677777777777777,12.0,20,0.0,0.0,158.70391061452514,131.0,178.66376811594202,154.0,341.7671232876712,326.0,1.0526315789473684,1.0,2,0.1388888888888889,1
1.0,0.01,0.5,North Carolina,123.0,74,213,74.0,8.0,8.0,12,0.3,1.0,208.8,213.0,233.2,221.5,175.9,86.0,3.3,3.0,5,0.7,2
1.0,0.25,0.5,New Hampshire,123.7,91,190,116.0,8.0,8.0,8,0.0,0.0,181.8,190.0,201.1,208.0,169.0,151.0,1.0,1.0,1,0.0,0
2.0,0.05,1.0,New Jersey,123.7,103,172,122.0,5.5,5.5,6,0.0,0.0,157.0,160.0,211.4,207.0,223.8,209.0,2.4,2.0,4,0.1,1
1.0,0.05,1.0,Maine,124.0,115,130,130.0,10.7,11.0,12,0.0,0.0,140.6,136.0,167.4,169.0,237.0,237.0,0.2,0.0,1,0.6,2
1.0,0.05,2.0,Maine,124.2,115,130,123.0,11.0,11.0,12,0.0,0.0,139.5,136.0,157.6,154.0,,,0.0,0.0,0,0.3,1
2.0,0.05,1.0,Alabama,124.2,86,154,127.0,14.6,14.5,16,0.0,0.0,138.9,131.0,161.1,154.0,317.77777777777777,326.0,1.1,1.0,2,0.5,1
1.0,0.01,2.0,Vermont,124.5,74,165,125.0,11.7,12.0,13,0.2,2.0,145.7,152.0,164.4,165.0,171.5,146.0,6.0,6.0,9,2.3,4
ALL,ALL,ALL,Maine,124.74444444444444,85,261,123.0,9.630555555555556,10.0,12,0.025,1.0,148.89444444444445,131.0,166.46666666666667,154.0,258.44,237.0,0.3728813559322034,0.0,3,0.7805555555555556,3
1.0,0.05,1.0,Alabama,124.8,116,127,127.0,12.0,12.0,15,0.0,0.0,135.4,131.0,158.4,157.0,381.0,381.0,1.0,1.0,1,0.0,0
0.5,0.05,2.0,New Jersey,125.5,81,144,122.0,5.3,5.0,6,0.0,0.0,154.8,149.0,214.1,198.0,204.2,209.0,1.9,2.0,3,0.2,1
2.0,0.1,2.0,Mississippi,125.6,102,209,102.0,17.2,17.0,18,0.0,0.0,189.4,177.0,242.7,240.0,255.42857142857142,237.0,1.1,1.0,3,1.7,2
1.0,0.1,0.5,West Virginia,125.7,89,155,140.5,8.4,8.0,10,0.0,0.0,161.6,159.0,178.6,191.0,171.8,171.0,3.7,4.0,6,0.0,0
0.5,0.05,2.0,Maine,125.8,103,130,130.0,10.4,11.0,12,0.0,0.0,149.2,136.0,172.4,178.5,283.5,283.5,0.4,0.0,1,0.3,1
1.0,0.05,0.5,Maine,125.8,103,130,130.0,10.8,10.5,12,0.0,0.0,142.8,136.0,167.2,176.5,227.0,227.0,0.25,0.0,1,0.4,2
2.0,0.05,0.5,Maine,125.9,103,130,130.0,10.9,11.0,12,0.0,0.0,149.9,141.0,170.0,178.5,237.0,237.0,0.25,0.0,1,0.4,2
1.0,0.05,1.0,New Jersey,126.8,110,172,122.0,5.2,5.0,6,0.0,0.0,162.1,160.5,224.8,207.0,246.9,209.0,1.6,1.5,3,0.2,1
0.5,0.01,1.0,Vermont,127.3,102,164,128.5,11.5,11.0,14,0.3,2.0,146.5,153.0,160.9,164.0,178.1,172.0,3.7,3.0,7,2.1,4
0.5,0.05,0.5,Maine,127.8,115,130,130.0,7.9,7.5,11,0.0,0.0,148.5,136.0,172.1,178.5,237.0,237.0,0.14285714285714285,0.0,1,0.6,1
0.5,0.01,0.5,North Carolina,128.2,74,213,74.0,4.8,4.5,8,0.0,0.0,214.2,213.0,244.0,215.0,86.0,86.0,2.1666666666666665,2.0,3,0.0,0
1.0,0.01,2.0,Tennessee,128.6,98,172,126.5,23.6,23.0,31,0.0,0.0,146.1,156.0,159.9,167.5,102.4,28.0,10.9,10.5,15,5.5,8
1.0,0.05,0.5,New Jersey,129.6,78,172,122.0,4.9,5.0,5,0.0,0.0,167.0,172.0,243.3,242.0,206.33333333333334,209.0,1.0,1.0,1,0.0,0
2.0,0.1,2.0,West Virginia,130.2,89,155,126.0,11.0,11.0,13,0.0,0.0,164.5,159.0,187.7,191.0,169.1,149.5,3.9,3.5,7,0.7,2
2.0,0.01,0.5,Vermont,130.5,74,165,137.0,12.4,12.5,14,0.1,1.0,152.9,151.0,164.1,164.5,197.9,172.0,5.0,5.5,8,1.5,3
2.0,0.1,0.5,West Virginia,130.9,89,191,126.0,10.6,10.5,12,0.0,0.0,166.2,155.0,182.0,189.0,166.5,138.0,3.625,4.0,5,0.0,0
1.0,0.25,2.0,New Hampshire,133.2,91,190,141.0,8.2,8.0,9,0.0,0.0,179.8,190.0,200.4,208.0,181.0,200.0,1.0,1.0,1,0.0,0
ALL,ALL,ALL,New Jersey,133.20891364902508,78,375,122.0,4.994428969359332,5.0,8,0.0,0.0,177.41061452513966,148.5,216.43965517241378,172.0,248.97345132743362,209.0,1.7105263157894737,1.5,5,0.14484679665738162,1
0.5,0.1,2.0,Delaware,133.9,74,193,134.0,1.1,1.0,2,0.0,0.0,252.0,252.0,,,106.0,106.0,1.0,1.0,1,0.0,0
0.5,0.01,2.0,Massachusetts,135.0,112,241,112.0,5.6,6.0,7,0.2,1.0,214.9,221.0,256.3,257.0,234.0,242.0,1.75,2.0,3,0.7,2
0.5,0.01,2.0,Maryland,135.3,78,198,134.0,9.6,9.5,11,0.0,0.0,176.7,188.0,198.1,201.0,154.6,158.0,8.3,8.0,13,0.1,1
2.0,0.05,2.0,New Jersey,136.8,110,172,122.0,5.3,5.0,6,0.0,0.0,183.4,172.0,245.9,264.5,254.0,209.0,2.3333333333333335,3.0,4,0.4,1
2.0,0.01,1.0,Massachusetts,137.1,112,207,114.0,6.3,6.5,7,0.1,1.0,221.7,236.0,235.3,240.0,287.1111111111111,252.0,1.3,1.0,2,0.4,2
0.5,0.1,1.0,West Virginia,137.6,89,163,140.5,7.0,7.0,8,0.0,0.0,164.4,158.0,179.8,191.0,169.88888888888889,161.0,3.0,3.0,5,0.0,0
2.0,0.05,2.0,Mississippi,137.8,88,209,145.0,14.0,14.0,18,0.0,0.0,206.0,209.0,257.6,271.0,356.2857142857143,366.0,1.2222222222222223,1.0,2,1.1,2
1.0,0.1,2.0,West Virginia,138.1,89,191,126.0,10.0,10.0,12,0.0,0.0,163.7,155.0,176.6,177.0,186.11111111111111,138.0,3.6666666666666665,4.0,6,0.3,2
2.0,0.05,0.5,Mississippi,138.4,102,209,102.0,12.8,13.0,14,0.0,0.0,208.2,209.0,251.4,271.0,416.8333333333333,427.0,0.875,1.0,2,0.4,2
0.5,0.05,0.5,New Jersey,138.8,103,172,133.0,2.7,3.0,4,0.0,0.0,183.4,172.0,216.5,207.0,193.0,193.0,1.0,1.0,1,0.0,0
1.0,0.1,1.0,West Virginia,138.9,89,155,155.0,9.9,10.0,11,0.0,0.0,165.1,160.5,181.6,191.0,170.6,161.0,3.6,3.5,6,0.0,0
1.0,0.05,2.0,Mississippi,139.2,88,209,145.0,12.6,13.0,15,0.0,0.0,220.8,240.0,270.8,274.0,396.5,396.5,1.0,1.0,2,0.8,2
1.0,0.01,1.0,Massachusetts,141.3,112,236,114.0,5.9,6.0,7,0.1,1.0,213.9,222.5,246.3,240.5,243.6,247.0,1.8,2.0,2,0.7,2
1.0,0.05,1.0,Louisiana,141.77777777777777,93,458,93.0,1.6666666666666667,2.0,2,0.0,0.0,378.3333333333333,402.0,,,,,0.0,0.0,0,0.0,0
2.0,0.05,1.0,Mississippi,142.7,102,209,123.5,14.4,15.0,17,0.0,0.0,214.6,209.0,263.9,271.0,343.3333333333333,366.0,1.3,1.0,2,0.9,2
0.5,0.01,0.5,South Carolina,143.25,73,342,79.0,1.25,1.0,2,0.0,0.0,363.0,363.0,,,,,0.0,0.0,0,0.0,0
0.5,0.01,1.0,South Carolina,144.0,73,381,85.0,1.7142857142857142,2.0,2,0.0,0.0,357.6,342.0,,,237.6,188.0,1.6,1.0,3,0.0,0
2.0,0.1,2.0,Louisiana,144.3,93,402,93.0,2.5,2.5,4,0.0,0.0,324.8888888888889,260.0,423.2,410.0,,,0.0,0.0,0,0.0,0
1.0,0.01,0.5,Massachusetts,144.5,104,236,114.0,5.6,5.5,7,0.1,1.0,199.0,236.0,236.5,241.0,207.25,194.0,2.111111111111111,2.0,4,0.3,1
0.5,0.1,0.5,West Virginia,144.7,89,192,142.0,3.6,4.0,5,0.0,0.0,178.4,191.0,194.75,191.5,171.0,171.0,1.75,2.0,2,0.0,0
1.0,0.01,2.0,Massachusetts,145.7,112,236,112.0,6.2,6.5,7,0.3,1.0,209.2,229.5,238.2,241.0,234.5,242.0,1.8888888888888888,2.0,3,0.4,1
0.5,0.01,2.0,Maine,146.1,130,192,130.0,7.6,7.5,10,0.0,0.0,195.1,194.0,228.1,226.0,184.8,132.0,1.4,1.0,2,0.2,1
2.0,0.25,0.5,New Hampshire,146.3,91,222,141.0,8.1,8.0,9,0.0,0.0,191.3,190.0,212.7,208.0,188.0,200.0,1.0,1.0,1,0.0,0
0.5,0.1,0.5,Delaware,146.9,75,196,193.5,1.0,1.0,1,,,,,,,106.0,106.0,1.0,1.0,1,0.0,0
1.0,0.05,0.5,West Virginia,147.0,89,192,155.0,6.8,6.5,9,0.0,0.0,175.0,177.0,203.9,192.0,171.33333333333334,161.0,3.0,3.0,6,0.0,0
0.5,0.01,2.0,Connecticut,147.0,92,275,111.5,4.7,4.0,6,0.4,1.0,216.4,220.5,328.6,323.5,201.9,194.5,3.3,3.5,5,0.5,1
2.0,0.05,1.0,West Virginia,147.0,126,191,155.0,10.7,11.0,12,0.0,0.0,184.6,191.0,188.9,192.0,171.8,161.0,2.8,2.0,7,0.8,2
2.0,0.01,2.0,Maine,147.2,130,205,130.0,9.1,9.0,11,0.0,0.0,199.7,196.5,221.6,207.5,159.66666666666666,132.0,0.75,1.0,1,0.2,1
2.0,0.01,1.0,Maryland,147.4,84,198,152.5,10.2,10.0,11,0.0,0.0,186.2,188.0,212.2,194.0,168.4,186.0,7.8,7.5,13,0.4,1
ALL,ALL,ALL,West Virginia,148.025,89,348,155.0,8.358333333333333,9.0,15,0.0,0.0,186.025,191.0,212.01971830985914,191.0,194.94136807817588,161.0,3.4415584415584415,3.0,10,0.1111111111111111,3
ALL,ALL,ALL,Mississippi,148.37254901960785,56,425,102.0,9.781512605042018,11.0,19,0.0,0.0,197.98840579710145,209.0,239.96815286624204,271.0,247.37433155080214,366.0,1.1990950226244343,1.0,3,0.43977591036414565,2
2.0,0.05,0.5,West Virginia,149.2,126,155,155.0,8.8,9.0,10,0.0,0.0,184.7,191.0,189.2,192.0,211.6,161.0,3.2,3.0,5,0.0,0
2.0,0.01,0.5,North Carolina,150.5,74,213,183.5,10.7,11.5,13,0.0,0.0,199.5,213.0,223.0,221.5,199.7,265.0,4.6,4.0,8,2.0,4
0.5,0.05,1.0,West Virginia,150.7,126,192,155.0,6.9,7.5,9,0.0,0.0,177.1,191.0,191.7,191.0,157.875,149.5,2.875,3.0,4,0.0,0
0.5,0.25,2.0,New Hampshire,150.8,91,190,160.0,7.9,8.0,8,0.0,0.0,189.4,190.0,208.6,208.0,173.2,164.0,1.2,1.0,2,0.0,0
1.0,0.05,2.0,West Virginia,150.8,126,192,155.0,9.2,9.0,11,0.0,0.0,180.5,191.0,192.2,192.0,199.0,185.0,2.2,2.0,4,0.5,2
2.0,0.01,2.0,Maryland,151.1,112,198,151.0,10.4,11.0,12,0.0,0.0,189.6,188.0,222.5,198.0,207.5,204.0,5.1,5.0,7,0.5,2
1.0,0.01,0.5,Maryland,151.3,70,189,155.0,8.7,9.0,11,0.1,1.0,190.2,193.5,218.7,204.0,198.8,189.5,6.0,5.0,11,0.5,2
2.0,0.25,1.0,New Hampshire,152.2,91,190,160.0,8.1,8.0,9,0.0,0.0,178.4,179.0,198.6,199.0,173.5,175.5,2.0,2.0,3,0.0,0
2.0,0.25,2.0,New Hampshire,152.2,91,208,151.0,8.5,8.5,9,0.0,0.0,184.8,190.0,206.8,208.0,173.5,175.5,1.0,1.0,1,0.0,0
1.0,0.01,0.5,Maine,153.4,130,226,130.0,7.0,7.0,10,0.0,0.0,206.4,208.0,223.7,219.5,176.33333333333334,132.0,1.0,1.0,1,0.1,1
2.0,0.05,2.0,West Virginia,153.4,89,191,155.0,9.4,9.0,12,0.0,0.0,184.1,191.0,215.7,191.5,232.33333333333334,161.0,2.5555555555555554,2.0,5,0.8,2
2.0,0.01,2.0,Arkansas,153.6,69,168,165.0,5.9,5.5,9,0.2,1.0,208.2,168.0,310.0,304.5,325.5,260.0,1.2222222222222223,1.0,3,1.2,2
2.0,0.01,0.5,Maine,153.9,115,210,130.0,9.2,9.0,10,0.0,0.0,196.9,198.0,215.6,205.0,230.2,227.0,1.0,1.0,2,0.1,1
1.0,0.05,1.0,West Virginia,154.3,126,191,155.0,8.5,8.5,10,0.0,0.0,171.7,163.0,188.8,191.0,204.9,197.5,2.4,2.5,4,0.0,0
1.0,0.25,1.0,New Hampshire,154.8,116,190,155.0,8.0,8.0,8,0.0,0.0,186.5,190.0,204.7,208.0,175.5,175.5,1.1666666666666667,1.0,2,0.0,0
2.0,0.01,2.0,Connecticut,155.4,92,280,159.0,4.4,4.0,6,0.2,1.0,235.4,255.0,319.2,280.0,233.6,205.0,4.5,4.0,7,0.5,2
2.0,0.01,1.0,Maine,155.9,130,261,130.0,9.4,9.5,11,0.0,0.0,205.4,189.0,229.5,205.0,222.25,246.0,1.0,1.0,1,0.0,0
2.0,0.01,2.0,Massachusetts,156.1,112,236,129.0,6.4,6.0,7,0.1,1.0,220.7,238.5,237.3,247.5,260.8,247.0,1.9,1.5,5,0.3,1
0.5,0.25,0.5,New Hampshire,156.2,91,190,169.0,3.3,3.0,5,0.0,0.0,189.4,190.0,215.55555555555554,208.0,183.66666666666666,200.0,1.0,1.0,1,0.0,0
0.5,0.01,0.5,Maine,156.2,130,207,149.5,4.9,5.0,7,0.1,1.0,207.4,210.0,232.5,226.0,229.16666666666666,215.0,1.1666666666666667,1.0,2,0.3,2
0.5,0.25,1.0,New Hampshire,157.0,116,190,141.0,8.0,8.0,8,0.0,0.0,186.6,190.0,207.5,208.0,200.0,200.0,1.0,1.0,1,0.0,0
0.5,0.05,2.0,West Virginia,157.1,126,191,155.0,9.1,9.0,11,0.0,0.0,184.2,191.0,215.3,192.0,182.55555555555554,185.0,3.111111111111111,2.0,7,0.0,0
1.0,0.01,2.0,Maine,157.1,130,261,130.0,8.8,9.0,10,0.0,0.0,210.2,200.0,235.0,226.0,246.0,246.0,0.5,0.5,1,0.2,1
2.0,0.1,0.5,Delaware,157.5,74,193,193.0,2.1,2.5,3,0.0,0.0,355.6666666666667,392.5,401.2,440.0,242.0,106.0,1.2,1.0,2,0.0,0
1.0,0.05,1.0,Mississippi,157.5,102,271,145.0,11.3,12.0,13,0.0,0.0,247.5,271.0,279.0,284.0,386.3333333333333,366.0,1.0,1.0,2,0.4,1
0.5,0.1,1.0,Delaware,158.1,74,196,193.0,1.2,1.0,2,0.0,0.0,343.0,343.0,,,192.5,127.5,1.5,1.5,2,0.0,0
1.0,0.1,1.0,Delaware,158.1,75,196,193.0,1.9,1.5,3,0.0,0.0,411.4,405.0,440.0,440.0,104.66666666666667,106.0,1.3333333333333333,1.0,2,0.0,0
1.0,0.05,0.5,Mississippi,158.2,88,271,145.0,7.6,8.0,9,0.0,0.0,230.0,240.0,274.0,277.0,366.0,366.0,1.0,1.0,1,0.0,0
2.0,0.05,1.0,Delaware,158.4,75,196,193.0,2.1,2.0,3,0.0,0.0,388.14285714285717,405.0,446.0,446.0,104.0,104.0,1.5,1.5,2,0.0,0
1.0,0.1,2.0,Louisiana,158.5,93,402,93.0,2.1,2.0,3,0.0,0.0,339.2,331.0,458.0,458.0,,,0.0,0.0,0,0.0,0
ALL,ALL,ALL,Louisiana,159.07168458781362,63,518,93.0,1.7706093189964158,2.0,4,0.0,0.0,312.3515151515152,260.0,385.8,410.0,,,0.0,0.0,0,0.0,0
0.5,0.01,1.0,Connecticut,159.3,92,304,158.0,3.6,3.5,5,0.2,1.0,247.7,255.0,295.22222222222223,301.0,208.6,214.0,3.3,3.0,6,0.5,1
2.0,0.01,0.5,Arkansas,159.4,150,168,157.0,6.2,6.5,8,0.0,0.0,180.6,168.0,226.7,189.5,325.2,215.0,0.6666666666666666,1.0,2,0.8,1
2.0,0.01,1.0,Arkansas,159.9,147,168,165.0,6.2,6.0,9,0.2,1.0,215.6,168.0,298.3,285.0,345.0,336.0,1.0,1.0,2,0.7,1
1.0,0.01,2.0,Arkansas,160.2,150,168,165.0,6.7,6.5,8,0.1,1.0,183.4,168.0,258.6,246.5,327.4,304.0,1.0,1.0,3,1.0,2
1.0,0.01,2.0,Maryland,161.4,112,190,156.0,10.4,10.5,12,0.1,1.0,203.2,198.0,221.4,204.0,213.0,209.0,6.5,6.0,10,0.2,1
2.0,0.01,0.5,Maryland,162.4,83,198,165.5,9.9,10.0,11,0.0,0.0,188.6,188.0,212.6,203.0,190.1,209.0,7.7,8.0,11,0.6,1
0.5,0.01,1.0,Maine,162.8,130,261,130.0,6.9,6.5,9,0.0,0.0,210.2,202.5,239.7,218.0,205.75,227.0,1.6,2.0,3,0.2,1
0.5,0.05,0.5,Mississippi,164.1,88,285,123.5,1.6,2.0,2,0.0,0.0,191.66666666666666,145.0,,,,,0.0,0.0,0,0.0,0
2.0,0.01,0.5,Connecticut,164.5,92,255,158.5,4.3,4.0,6,0.2,1.0,223.5,207.5,307.4,290.5,215.3,205.0,4.6,4.5,7,0.4,1
2.0,0.05,0.5,Delaware,164.7,74,226,193.0,1.7,1.5,3,0.0,0.0,344.6,281.0,405.0,405.0,109.5,109.5,1.0,1.0,1,0.0,0
ALL,ALL,ALL,Delaware,166.27932960893855,68,407,193.0,1.6424581005586592,1.0,3,0.0,0.0,370.1666666666667,405.0,422.38235294117646,440.0,164.70642201834863,106.0,1.3211009174311927,1.0,3,0.0,0
0.5,0.01,1.0,Massachusetts,166.7,112,244,162.0,5.5,5.0,7,0.2,1.0,223.0,228.0,247.9,246.0,231.8,242.0,1.7,1.5,3,0.3,1
1.0,0.01,1.0,Maryland,166.7,116,189,171.5,9.2,9.0,10,0.0,0.0,192.1,194.5,224.2,213.0,163.6,209.0,6.1,6.0,10,0.5,2
1.0,0.01,1.0,Maine,167.3,130,226,160.0,7.9,7.5,10,0.1,1.0,211.7,208.0,243.9,243.5,132.0,132.0,1.0,1.0,2,0.2,1
0.5,0.01,1.0,Maryland,167.7,112,198,176.5,7.6,7.0,11,0.0,0.0,193.2,198.0,226.9,206.0,207.3,209.0,4.7,4.5,7,0.4,1
1.0,0.25,1.0,Rhode Island,168.4,131,211,149.0,2.9,3.0,3,0.0,0.0,233.7,211.0,304.0,304.0,,,0.0,0.0,0,0.0,0
2.0,0.25,2.0,Rhode Island,168.4,131,211,149.0,3.0,3.0,3,0.0,0.0,233.7,211.0,310.3,304.0,,,0.0,0.0,0,0.0,0
0.5,0.05,2.0,Mississippi,168.9,88,271,177.0,11.7,12.0,13,0.0,0.0,228.6,240.0,266.8,274.0,366.0,366.0,1.0,1.0,1,0.0,0
2.0,0.1,2.0,Delaware,170.2,75,196,193.0,2.3,2.0,3,0.0,0.0,362.22222222222223,405.0,440.0,440.0,106.0,106.0,1.0,1.0,1,0.0,0
1.0,0.05,1.0,Delaware,170.7,75,196,193.5,1.6,1.5,3,0.0,0.0,426.0,440.0,440.0,440.0,221.33333333333334,106.0,1.0,1.0,1,0.0,0
0.5,0.05,2.0,Delaware,170.7,75,196,193.5,1.7,2.0,3,0.0,0.0,412.5,405.0,440.0,440.0,102.0,102.0,2.0,2.0,2,0.0,0
2.0,0.05,2.0,Delaware,170.9,74,196,195.0,2.1,2.0,3,0.0,0.0,397.2857142857143,405.0,440.0,440.0,102.0,102.0,2.0,2.0,3,0.0,0
0.5,0.1,2.0,New Hampshire,171.1,116,222,179.5,7.8,8.0,8,0.0,0.0,206.6,208.0,234.2,238.0,224.8,200.0,1.4,1.0,3,0.0,0
1.0,0.01,0.5,Connecticut,171.1,92,275,166.0,4.1,4.0,6,0.1,1.0,245.7,279.0,330.5,318.0,215.7,196.0,2.9,2.5,6,0.1,1
1.0,0.1,2.0,Delaware,171.2,74,196,196.0,2.5,2.5,3,0.0,0.0,370.1,392.5,425.4,437.0,106.0,106.0,1.0,1.0,1,0.0,0
0.5,0.01,0.5,Maryland,171.9,134,277,153.0,5.4,5.0,9,0.0,0.0,206.8,201.0,219.88888888888889,204.0,241.0,209.0,2.7777777777777777,2.0,6,0.2,1
0.5,0.01,0.5,Alabama,172.5,86,326,160.0,2.3,2.0,5,0.0,0.0,217.55555555555554,240.0,267.5,267.5,,,0.0,0.0,0,0.0,0
2.0,0.1,0.5,New Hampshire,172.7,116,222,179.0,7.9,8.0,8,0.0,0.0,203.5,208.0,227.8,222.0,200.0,200.0,1.0,1.0,1,0.0,0
1.0,0.1,2.0,New Hampshire,173.9,116,208,174.0,7.7,8.0,8,0.0,0.0,213.6,208.0,236.1,235.0,236.2,200.0,1.0,1.0,1,0.0,0
1.0,0.25,2.0,Rhode Island,174.6,131,211,180.0,3.0,3.0,3,0.0,0.0,235.1,218.0,316.6,304.0,,,0.0,0.0,0,0.0,0
1.0,0.01,0.5,Alabama,175.4,127,251,160.0,4.4,5.0,6,0.0,0.0,235.8,198.0,275.875,240.0,429.0,453.0,1.0,1.0,1,0.0,0
0.5,0.01,0.5,Massachusetts,176.3,112,255,161.5,4.1,4.0,6,0.0,0.0,249.2,245.0,262.3,261.0,229.66666666666666,242.0,1.0,1.0,1,0.0,0
0.5,0.25,2.0,Rhode Island,176.4,131,211,180.0,2.9,3.0,3,0.0,0.0,240.8,218.0,304.0,304.0,,,0.0,0.0,0,0.0,0
1.0,0.1,0.5,New Hampshire,176.6,116,222,184.5,7.4,8.0,8,0.0,0.0,207.8,208.0,227.1,222.0,183.66666666666666,200.0,1.3333333333333333,1.0,2,0.0,0
1.0,0.01,2.0,Alabama,177.4,131,232,176.5,6.0,6.0,8,0.0,0.0,239.9,232.0,302.1,331.5,368.3333333333333,326.0,1.6666666666666667,2.0,2,0.0,0
0.5,0.1,1.0,New Hampshire,177.7,91,208,190.0,7.3,7.0,8,0.0,0.0,209.3,208.0,229.0,222.0,200.0,200.0,1.0,1.0,1,0.0,0
2.0,0.01,1.0,Alabama,178.0,127,251,176.5,6.4,6.5,7,0.0,0.0,235.4,236.0,267.0,253.0,389.5,389.5,0.6666666666666666,1.0,1,0.1,1
2.0,0.25,1.0,Rhode Island,178.2,131,211,180.0,3.0,3.0,3,0.0,0.0,246.5,246.5,304.0,304.0,,,0.0,0.0,0,0.0,0
2.0,0.05,0.5,Louisiana,179.7,63,458,93.0,1.4,1.0,2,0.0,0.0,380.5,402.0,,,,,0.0,0.0,0,0.0,0
0.5,0.01,0.5,Arkansas,180.5,165,208,180.0,1.75,1.5,3,0.0,0.0,215.75,208.0,243.0,243.0,,,0.0,0.0,0,0.0,0
0.5,0.25,1.0,Rhode Island,180.8,131,211,211.0,2.8,3.0,3,0.0,0.0,253.6,282.0,304.0,304.0,,,0.0,0.0,0,0.0,0
0.5,0.25,0.5,Rhode Island,180.8,131,211,211.0,1.4,1.0,2,0.0,0.0,211.0,211.0,,,,,0.0,0.0,0,0.0,0
2.0,0.1,2.0,New Hampshire,180.9,116,222,190.0,7.5,8.0,8,0.0,0.0,209.7,208.0,229.9,222.0,175.5,175.5,1.0,1.0,1,0.0,0
2.0,0.01,1.0,Connecticut,181.0,147,280,159.0,4.7,5.0,6,0.2,1.0,284.5,290.5,337.6,320.5,252.0,243.0,3.8,4.0,6,0.4,1
2.0,0.1,1.0,Delaware,181.4,75,194,193.0,2.3,2.5,3,0.0,0.0,392.0,405.0,430.8,440.0,279.0,279.0,1.0,1.0,1,0.0,0
0.5,0.01,1.0,Alabama,181.7,127,240,195.5,3.6,3.5,6,0.0,0.0,249.11111111111111,251.0,303.6666666666667,337.0,380.0,381.0,1.0,1.0,1,0.0,0
0.5,0.05,1.0,Delaware,182.6,74,196,194.5,1.1,1.0,2,0.0,0.0,405.0,405.0,,,102.0,102.0,2.0,2.0,2,0.0,0
1.0,0.05,0.5,Delaware,183.4,75,196,196.0,1.0,1.0,1,,,,,,,106.0,106.0,2.0,2.0,2,0.0,0
0.5,0.05,0.5,West Virginia,185.0,126,192,191.5,4.1,4.0,6,0.0,0.0,189.2,193.0,242.77777777777777,231.0,186.0,201.0,1.2,1.0,3,0.1,1
1.0,0.05,2.0,Delaware,185.5,75,226,193.5,2.1,2.0,3,0.0,0.0,406.14285714285717,405.0,439.25,440.0,452.0,452.0,1.0,1.0,1,0.0,0
0.5,0.05,0.5,Delaware,186.3,75,226,196.0,1.0,1.0,1,,,,,,,106.0,106.0,2.0,2.0,2,0.0,0
1.0,0.25,0.5,Rhode Island,188.8,131,211,211.0,3.0,3.0,3,0.0,0.0,255.0,282.0,304.0,304.0,,,0.0,0.0,0,0.0,0
0.5,0.1,1.0,Rhode Island,188.8,131,211,211.0,2.4,2.5,3,0.0,0.0,271.1111111111111,282.0,304.0,304.0,,,0.0,0.0,0,0.0,0
2.0,0.1,0.5,Rhode Island,188.8,131,211,211.0,2.8,3.0,3,0.0,0.0,255.0,282.0,311.875,304.0,,,0.0,0.0,0,0.0,0
0.5,0.01,1.0,New Jersey,190.5,172,287,172.0,4.0,4.0,5,0.0,0.0,304.6,287.0,362.5,375.0,396.0,394.0,1.3333333333333333,1.0,2,0.0,0
2.0,0.25,0.5,Rhode Island,190.6,131,211,211.0,3.0,3.0,3,0.0,0.0,260.7,282.0,304.0,304.0,,,0.0,0.0,0,0.0,0
2.0,0.1,1.0,Rhode Island,190.6,131,211,211.0,2.9,3.0,3,0.0,0.0,267.1,282.0,334.22222222222223,304.0,,,0.0,0.0,0,0.0,0
2.0,0.1,2.0,Rhode Island,190.6,131,211,211.0,3.0,3.0,3,0.0,0.0,249.3,253.5,335.5,335.5,,,0.0,0.0,0,0.0,0
ALL,ALL,ALL,New Hampshire,190.61944444444444,91,308,190.0,6.525,7.0,9,0.0,0.0,224.24929971988794,222.0,250.03133903133903,248.0,291.4,200.0,1.2181818181818183,1.0,4,0.0,0
2.0,0.01,0.5,West Virginia,191.2,155,277,192.0,6.8,7.0,9,0.0,0.0,264.1,272.5,308.0,302.0,347.0,456.0,2.857142857142857,2.0,5,0.0,0
1.0,0.01,1.0,Alabama,191.3,131,251,193.0,5.3,5.0,6,0.0,0.0,240.4,247.5,284.6,271.5,453.0,453.0,1.0,1.0,1,0.0,0
1.0,0.1,1.0,Louisiana,191.3,93,458,93.0,1.8,2.0,2,0.0,0.0,327.25,260.0,,,,,0.0,0.0,0,0.0,0
2.0,0.1,1.0,New Hampshire,192.9,151,222,190.0,7.6,8.0,8,0.0,0.0,214.8,208.0,229.7,222.0,430.0,430.0,1.0,1.0,1,0.0,0
2.0,0.05,1.0,New Hampshire,193.1,141,222,208.0,7.3,7.0,8,0.0,0.0,220.0,222.0,244.3,250.5,200.0,200.0,1.0,1.0,1,0.0,0
0.5,0.01,1.0,West Virginia,193.4,155,283,191.5,4.6,4.5,7,0.0,0.0,241.3,231.5,300.9,292.5,184.66666666666666,185.0,2.3333333333333335,2.0,3,0.0,0
1.0,0.1,1.0,New Hampshire,193.4,141,222,199.0,8.0,8.0,8,0.0,0.0,217.5,222.0,241.5,248.0,200.0,200.0,1.5,1.5,2,0.0,0
2.0,0.05,2.0,Rhode Island,195.0,131,211,211.0,2.6,3.0,3,0.0,0.0,328.1,367.0,423.6666666666667,390.5,,,0.0,0.0,0,0.0,0
1.0,0.1,0.5,Rhode Island,195.0,131,211,211.0,2.6,3.0,3,0.0,0.0,267.8,282.0,304.0,304.0,,,0.0,0.0,0,0.0,0
1.0,0.01,2.0,New Jersey,195.0,172,287,172.0,4.5,4.5,5,0.0,0.0,295.6,287.0,363.0,375.0,165.33333333333334,28.0,1.3333333333333333,1.0,2,0.1,1
1.0,0.01,1.0,Connecticut,195.2,92,301,161.0,4.6,4.5,6,0.1,1.0,246.4,265.0,304.3,294.5,275.5,216.5,3.3,3.0,6,0.3,1
0.5,0.01,2.0,Alabama,195.7,127,255,195.5,3.8,3.5,7,0.0,0.0,280.7,251.0,328.125,296.0,417.0,417.0,1.0,1.0,1,0.0,0
1.0,0.01,2.0,Delaware,195.9,75,226,196.0,1.2,1.0,2,0.0,0.0,440.0,440.0,,,404.0,404.0,1.0,1.0,1,0.0,0
1.0,0.01,0.5,Arkansas,196.5,150,340,178.0,3.5,3.0,6,0.1111111111111111,1.0,256.3333333333333,180.0,312.2857142857143,340.0,215.0,215.0,1.0,1.0,2,0.1,1
0.5,0.05,2.0,New Hampshire,197.3,116,222,208.0,6.9,7.0,8,0.0,0.0,225.6,222.0,251.2,253.5,302.6666666666667,200.0,1.0,1.0,1,0.0,0
1.0,0.05,0.5,New Hampshire,198.0,169,222,208.0,6.9,7.0,8,0.0,0.0,216.0,222.0,240.0,248.0,200.0,200.0,1.0,1.0,1,0.0,0
2.0,0.05,2.0,New Hampshire,198.3,116,222,208.0,7.5,8.0,8,0.0,0.0,219.0,222.0,245.5,250.5,151.0,151.0,1.0,1.0,1,0.0,0
1.0,0.01,2.0,West Virginia,198.3,155,271,192.0,6.5,6.0,9,0.0,0.0,248.1,271.0,294.9,283.0,355.3333333333333,456.0,2.7777777777777777,3.0,5,0.0,0
2.0,0.05,0.5,New Hampshire,198.6,151,222,208.0,7.0,7.0,8,0.0,0.0,223.8,222.0,246.5,251.0,,,0.0,0.0,0,0.0,0
2.0,0.01,1.0,West Virginia,198.6,155,274,192.0,6.3,6.0,7,0.0,0.0,238.2,250.5,283.6,292.5,298.125,215.5,3.0,2.5,7,0.0,0
1.0,0.01,1.0,Arkansas,199.5,157,340,173.0,4.0,4.0,6,0.0,0.0,257.4,237.5,339.8888888888889,340.0,305.0,305.0,1.0,1.0,1,0.0,0
2.0,0.01,2.0,New Jersey,200.2,172,287,172.0,4.6,5.0,5,0.0,0.0,320.4,293.0,376.2,381.0,324.0,414.0,1.25,1.0,2,0.0,0
0.5,0.01,0.5,New Jersey,200.33333333333334,172,287,172.0,2.2222222222222223,2.0,3,0.0,0.0,291.5,287.0,373.3333333333333,383.0,,,0.0,0.0,0,0.0,0
2.0,0.01,0.5,Alabama,200.4,131,255,208.0,5.7,5.0,8,0.0,0.0,271.0,240.0,300.4,253.0,357.75,326.0,1.0,1.0,1,0.0,0
0.5,0.01,2.0,Arkansas,200.4,147,364,179.0,4.6,4.5,8,0.0,0.0,318.9,315.5,376.77777777777777,364.0,269.0,305.0,1.2,1.0,2,0.0,0
0.5,0.01,1.0,Arkansas,200.5,150,364,161.0,3.5,3.5,6,0.0,0.0,239.33333333333334,201.0,258.42857142857144,267.0,252.0,215.0,1.5,1.5,2,0.0,0
2.0,0.01,2.0,Alabama,200.8,127,251,193.0,6.0,6.0,9,0.0,0.0,259.4,242.0,312.9,296.0,389.5,389.5,1.0,1.0,1,0.0,0
1.0,0.01,2.0,Connecticut,201.7,92,275,213.0,4.8,5.0,6,0.4,1.0,260.5,277.5,338.5,318.0,282.3,286.5,4.0,3.5,9,0.4,1
1.0,0.05,2.0,New Hampshire,201.8,169,222,208.0,7.3,7.0,8,0.0,0.0,221.0,222.0,239.4,248.0,353.3333333333333,430.0,1.0,1.0,1,0.0,0
1.0,0.01,1.0,West Virginia,202.0,155,348,192.0,6.4,6.0,8,0.0,0.0,254.2,258.0,309.9,280.0,331.55555555555554,272.0,1.8888888888888888,1.0,4,0.0,0
0.5,0.05,1.0,New Hampshire,202.2,141,222,208.0,6.8,7.0,8,0.0,0.0,223.8,222.5,242.9,253.5,,,0.0,0.0,0,0.0,0
2.0,0.1,1.0,Louisiana,202.4,93,402,93.0,2.5,2.5,4,0.0,0.0,369.77777777777777,410.0,429.2,410.0,,,0.0,0.0,0,0.0,0
0.5,0.01,0.5,Connecticut,202.4,92,326,193.0,2.7,2.5,4,0.1,1.0,297.4,299.5,324.6,326.0,301.2,323.5,1.9,1.0,6,0.1,1
0.5,0.01,0.5,Delaware,203.5,196,226,196.0,1.0,1.0,1,,,,,,,,,0.0,0.0,0,0.0,0
0.5,0.05,0.5,Rhode Island,204.11111111111111,149,211,211.0,1.1111111111111112,1.0,2,0.0,0.0,211.0,211.0,,,,,0.0,0.0,0,0.0,0
0.5,0.05,0.5,New Hampshire,205.4,190,222,208.0,4.0,4.0,6,0.0,0.0,225.5,222.0,246.77777777777777,254.0,,,0.0,0.0,0,0.0,0
1.0,0.01,0.5,West Virginia,206.3,155,283,192.0,5.3,5.5,7,0.0,0.0,256.1,274.0,297.7,283.0,246.2,161.0,2.0,2.0,3,0.0,0
1.0,0.05,1.0,New Hampshire,206.5,169,222,208.0,7.8,8.0,8,0.0,0.0,226.4,222.0,246.8,248.0,,,0.0,0.0,0,0.0,0
0.5,0.1,0.5,New Hampshire,207.7,169,248,208.0,2.5,2.5,5,0.0,0.0,217.42857142857142,222.0,249.6,248.0,200.0,200.0,1.0,1.0,1,0.0,0
0.5,0.05,1.0,Mississippi,208.0,145,271,208.0,3.6,4.0,5,0.0,0.0,265.6,278.0,289.2857142857143,285.0,366.0,366.0,1.0,1.0,1,0.0,0
2.0,0.01,2.0,West Virginia,208.0,155,307,192.5,5.5,5.5,8,0.0,0.0,266.1,275.5,314.1,319.0,294.57142857142856,185.0,3.7142857142857144,4.0,6,0.0,0
2.0,0.01,0.5,New Jersey,209.0,172,287,172.0,4.7,5.0,5,0.0,0.0,331.0,331.0,380.1,379.5,426.7142857142857,440.0,1.5714285714285714,2.0,2,0.1,1
1.0,0.05,2.0,Rhode Island,211.0,211,211,211.0,2.6,3.0,3,0.0,0.0,312.77777777777777,282.0,353.42857142857144,367.0,,,0.0,0.0,0,0.0,0
1.0,0.05,1.0,Rhode Island,211.0,211,211,211.0,2.6,3.0,3,0.0,0.0,286.4,282.0,325.0,304.0,,,0.0,0.0,0,0.0,0
1.0,0.1,2.0,Rhode Island,211.0,211,211,211.0,2.9,3.0,3,0.0,0.0,284.2,282.0,339.0,367.0,,,0.0,0.0,0,0.0,0
0.5,0.1,2.0,Rhode Island,211.0,211,211,211.0,2.8,3.0,3,0.0,0.0,270.6,282.0,304.0,304.0,,,0.0,0.0,0,0.0,0
1.0,0.1,1.0,Rhode Island,211.0,211,211,211.0,2.5,2.5,3,0.0,0.0,295.2,282.0,304.0,304.0,,,0.0,0.0,0,0.0,0
0.5,0.1,0.5,Rhode Island,211.0,211,211,211.0,1.0,1.0,1,,,,,,,,,0.0,0.0,0,0.0,0
1.0,0.01,1.0,Delaware,211.5,196,279,196.0,1.3,1.0,2,0.0,0.0,363.6666666666667,405.0,,,404.0,404.0,1.3333333333333333,1.0,2,0.0,0
0.5,0.01,0.5,West Virginia,212.5,155,302,192.0,3.5,3.0,6,0.0,0.0,279.4,274.0,301.875,302.0,161.0,161.0,4.0,4.0,4,0.0,0
ALL,ALL,ALL,Rhode Island,213.22865853658536,131,576,211.0,2.375,3.0,3,0.0,0.0,287.31320754716984,282.0,325.81182795698925,304.0,321.0,321.0,1.0,1.0,1,0.0,0
0.5,0.05,2.0,Louisiana,213.6,93,458,93.0,1.8,2.0,2,0.0,0.0,380.5,402.0,,,,,0.0,0.0,0,0.0,0
0.5,0.01,2.0,West Virginia,217.0,155,316,192.0,6.0,6.0,7,0.0,0.0,272.4,274.0,302.6,302.0,406.6,456.0,1.6,1.0,3,0.0,0
1.0,0.05,0.5,Rhode Island,217.2,131,282,211.0,2.2,2.0,3,0.0,0.0,282.1111111111111,282.0,304.0,304.0,,,0.0,0.0,0,0.0,0
2.0,0.01,1.0,New Hampshire,219.4,169,233,227.5,5.4,5.0,8,0.0,0.0,283.7,284.5,307.6,330.0,453.8,456.0,1.2,1.0,2,0.0,0
2.0,0.05,1.0,Rhode Island,219.5,131,367,211.0,2.5,3.0,3,0.0,0.0,290.6666666666667,282.0,388.6666666666667,367.0,,,0.0,0.0,0,0.0,0
0.5,0.05,1.0,Rhode Island,220.4,149,367,211.0,2.5,3.0,3,0.0,0.0,296.3333333333333,282.0,304.0,304.0,,,0.0,0.0,0,0.0,0
1.0,0.01,0.5,New Jersey,224.5,122,287,229.5,3.9,4.0,5,0.0,0.0,298.4,293.0,377.8,377.0,208.5,208.5,1.0,1.0,1,0.0,0
0.5,0.05,2.0,Rhode Island,225.2,211,282,211.0,2.5,2.5,3,0.0,0.0,324.3,282.0,383.6,367.0,,,0.0,0.0,0,0.0,0
2.0,0.05,0.5,Rhode Island,225.2,211,282,211.0,2.8,3.0,3,0.0,0.0,332.8,293.0,381.25,367.0,,,0.0,0.0,0,0.0,0
0.5,0.01,2.0,Delaware,225.6,75,333,211.0,1.2,1.0,2,0.0,0.0,405.0,405.0,,,425.0,404.0,1.0,1.0,1,0.0,0
0.5,0.01,1.0,New Hampshire,226.6,151,262,233.0,4.3,4.0,6,0.0,0.0,276.7,272.0,310.9,314.0,371.0,371.0,1.0,1.0,1,0.0,0
2.0,0.01,1.0,New Jersey,226.8,172,375,172.0,4.7,5.0,5,0.0,0.0,335.3,361.0,373.7,377.0,431.57142857142856,432.0,1.2857142857142858,1.0,2,0.0,0
1.0,0.01,1.0,New Hampshire,227.9,190,308,222.0,4.9,5.0,6,0.0,0.0,273.3,272.0,315.6,331.0,429.25,430.0,1.875,1.5,4,0.0,0
2.0,0.01,0.5,Delaware,229.1,196,407,211.0,1.6,2.0,2,0.0,0.0,430.3333333333333,440.0,,,,,0.0,0.0,0,0.0,0
1.0,0.05,2.0,Louisiana,230.3,93,458,176.5,1.4,1.0,2,0.0,0.0,394.5,430.0,,,,,0.0,0.0,0,0.0,0
0.5,0.01,2.0,New Hampshire,230.8,222,233,233.0,4.4,4.5,6,0.0,0.0,289.3,287.5,342.3,330.5,445.75,423.5,1.0,1.0,1,0.0,0
2.0,0.01,0.5,New Hampshire,231.5,208,272,233.0,5.4,6.0,7,0.0,0.0,264.4,258.0,310.8,325.0,392.25,371.0,1.75,1.5,3,0.0,0
0.5,0.01,0.5,New Hampshire,234.1,222,277,233.0,3.1,3.0,5,0.0,0.0,287.5,272.0,315.875,319.5,371.0,371.0,1.0,1.0,1,0.0,0
1.0,0.01,0.5,Delaware,235.4,196,333,226.0,1.0,1.0,1,,,,,,,,,0.0,0.0,0,0.0,0
1.0,0.01,0.5,New Hampshire,236.0,208,308,233.0,4.5,4.5,6,0.0,0.0,263.1,254.0,293.3,279.0,466.0,466.0,1.0,1.0,1,0.0,0
1.0,0.01,1.0,New Jersey,238.3,172,375,229.5,4.6,5.0,5,0.0,0.0,316.7,293.0,390.5,381.0,183.8,28.0,1.4,1.0,2,0.0,0
1.0,0.01,2.0,New Hampshire,240.0,222,286,233.0,4.6,4.5,6,0.0,0.0,288.9,284.5,319.4,331.0,478.55555555555554,456.0,1.1111111111111112,1.0,2,0.0,0
2.0,0.01,2.0,New Hampshire,241.5,222,286,233.0,5.0,5.0,6,0.0,0.0,274.7,267.0,330.3,296.0,413.5,413.5,1.3333333333333333,1.0,2,0.0,0
0.5,0.01,2.0,New Jersey,242.6,172,375,207.0,4.6,4.5,6,0.0,0.0,322.7,331.0,364.4,381.0,167.5,118.5,1.25,1.0,2,0.0,0
1.0,0.01,1.0,Mississippi,244.1,145,290,271.0,4.3,4.0,8,0.0,0.0,292.0,284.0,300.8888888888889,311.0,386.3333333333333,366.0,0.75,1.0,1,0.1,1
2.0,0.01,0.5,South Carolina,251.0,73,450,307.5,2.4,2.0,3,0.0,0.0,364.2,394.0,466.5,482.0,411.0,537.0,5.8,5.5,16,0.1,1
2.0,0.05,1.0,Louisiana,252.66666666666666,63,458,260.0,2.0,2.0,3,0.0,0.0,414.85714285714283,458.0,419.0,419.0,,,0.0,0.0,0,0.0,0
1.0,0.01,0.5,Rhode Island,253.6,211,282,282.0,1.4,1.0,2,0.0,0.0,359.0,359.0,,,,,0.0,0.0,0,0.0,0
2.0,0.01,1.0,Delaware,253.9,194,388,211.0,1.2,1.0,2,0.0,0.0,392.5,392.5,,,404.0,404.0,1.0,1.0,1,0.0,0
0.5,0.01,2.0,South Carolina,254.66666666666666,73,361,291.0,1.8888888888888888,1.0,4,0.0,0.0,334.0,333.0,413.0,438.0,342.4,399.0,3.6,3.0,9,0.0,0
0.5,0.01,0.5,Mississippi,255.0,145,317,285.0,1.7142857142857142,2.0,3,0.0,0.0,296.0,298.0,317.0,317.0,,,0.0,0.0,0,0.0,0
1.0,0.01,0.5,Mississippi,259.0,145,311,271.0,3.9,3.5,7,0.0,0.0,298.1111111111111,285.0,315.42857142857144,309.0,366.0,366.0,1.0,1.0,1,0.0,0
0.5,0.01,0.5,Louisiana,260.0,260,260,260.0,1.0,1.0,1,,,,,,,,,0.0,0.0,0,0.0,0
0.5,0.01,2.0,Mississippi,261.3,88,425,278.0,4.7,4.5,7,0.0,0.0,298.6666666666667,305.0,323.55555555555554,317.0,366.0,366.0,0.5,0.5,1,0.1,1
1.0,0.01,2.0,Mississippi,262.3,145,284,271.0,4.6,5.0,6,0.0,0.0,287.0,284.0,322.3,311.0,366.0,366.0,0.5,0.5,1,0.4,2
2.0,0.01,0.5,Rhode Island,263.0,211,367,211.0,1.7777777777777777,1.0,3,0.0,0.0,287.5,282.0,367.0,367.0,,,0.0,0.0,0,0.0,0
2.0,0.01,0.5,Mississippi,263.6,145,284,271.0,4.9,5.0,8,0.0,0.0,297.0,285.0,321.6666666666667,325.0,366.0,366.0,0.3333333333333333,0.0,1,0.2,1
2.0,0.01,2.0,Mississippi,266.5,209,311,271.0,6.2,7.0,8,0.0,0.0,291.6,284.5,303.9,308.0,,,0.0,0.0,0,0.0,0
1.0,0.01,0.5,South Carolina,267.75,73,363,307.5,1.5,1.5,2,0.0,0.0,411.25,413.0,,,427.0,547.0,1.0,1.0,1,0.0,0
0.5,0.01,0.5,Rhode Island,267.75,211,367,246.5,1.25,1.0,2,0.0,0.0,304.0,304.0,,,,,0.0,0.0,0,0.0,0
0.5,0.01,1.0,Mississippi,269.4,145,311,285.0,3.1,2.0,8,0.0,0.0,299.9,311.0,348.75,354.0,,,0.0,0.0,0,0.0,0
2.0,0.01,2.0,Delaware,269.5,194,388,229.0,1.2,1.0,2,0.0,0.0,422.5,422.5,,,404.0,404.0,1.2,1.0,2,0.0,0
2.0,0.05,2.0,Louisiana,271.4,93,458,331.0,1.7,2.0,2,0.0,0.0,421.7142857142857,458.0,,,,,0.0,0.0,0,0.0,0
2.0,0.01,1.0,Mississippi,278.1,271,290,277.5,5.4,5.5,7,0.0,0.0,290.4,285.0,303.4,310.0,366.0,366.0,0.5,0.5,1,0.1,1
1.0,0.01,2.0,Rhode Island,279.375,211,367,282.0,1.375,1.0,2,0.0,0.0,506.3333333333333,576.0,,,,,0.0,0.0,0,0.0,0
2.0,0.01,1.0,South Carolina,280.3,73,450,343.5,1.8,1.5,4,0.0,0.0,442.8,478.0,419.5,419.5,377.77777777777777,431.0,5.333333333333333,3.0,15,0.0,0
2.0,0.01,1.0,Rhode Island,280.5,211,367,246.5,1.4,1.0,2,0.0,0.0,535.5,576.0,,,321.0,321.0,1.0,1.0,1,0.0,0
0.5,0.01,1.0,Rhode Island,284.8,211,367,282.0,1.0,1.0,1,,,,,,,,,0.0,0.0,0,0.0,0
0.5,0.01,1.0,Delaware,291.6,196,388,317.5,1.1,1.0,2,0.0,0.0,380.0,380.0,,,,,0.0,0.0,0,0.0,0
0.5,0.01,2.0,Rhode Island,294.1666666666667,211,414,257.5,1.5,1.5,2,0.0,0.0,478.0,576.0,,,,,0.0,0.0,0,0.0,0
2.0,0.01,2.0,Rhode Island,296.125,211,367,282.0,1.5,1.5,2,0.0,0.0,471.5,471.5,,,,,0.0,0.0,0,0.0,0
1.0,0.01,1.0,South Carolina,297.0,73,478,324.0,1.2222222222222223,1.0,2,0.0,0.0,237.0,237.0,,,366.5,366.0,6.75,5.5,15,0.0,0
0.5,0.01,2.0,Louisiana,307.3333333333333,260,402,260.0,2.0,2.0,2,0.0,0.0,458.0,458.0,,,,,0.0,0.0,0,0.0,0
2.0,0.01,2.0,South Carolina,319.0,58,442,361.0,3.6,4.0,5,0.0,0.0,389.7,413.5,446.1111111111111,442.0,364.8,404.0,5.0,4.0,12,0.0,0
1.0,0.01,2.0,South Carolina,320.0,73,450,342.0,2.2,2.0,4,0.0,0.0,380.25,412.5,476.6666666666667,478.0,474.375,557.0,3.375,2.0,10,0.0,0
1.0,0.01,1.0,Rhode Island,321.1666666666667,211,576,257.5,1.6666666666666667,2.0,2,0.0,0.0,413.5,398.0,,,,,0.0,0.0,0,0.0,0
2.0,0.01,0.5,Louisiana,343.2,130,458,410.0,1.2,1.0,2,0.0,0.0,458.0,458.0,,,,,0.0,0.0,0,0.0,0
2.0,0.01,1.0,Louisiana,345.0,260,458,331.0,1.25,1.0,2,0.0,0.0,428.0,428.0,,,,,0.0,0.0,0,0.0,0
1.0,0.01,0.5,Louisiana,351.6666666666667,130,458,402.0,1.3333333333333333,1.0,2,0.0,0.0,458.0,458.0,,,,,0.0,0.0,0,0.0,0
1.0,0.01,1.0,Louisiana,439.3333333333333,402,458,458.0,1.3333333333333333,1.0,2,0.0,0.0,458.0,458.0,,,,,0.0,0.0,0,0.0,0
2.0,0.01,2.0,Louisiana,440.6666666666667,402,518,402.0,1.3333333333333333,1.0,2,0.0,0.0,458.0,458.0,,,,,0.0,0.0,0,0.0,0
1.0,0.01,2.0,Louisiana,444.0,402,458,458.0,1.0,1.0,1,,,,,,,,,0.0,0.0,0,0.0,0
0.5,0.01,1.0,Louisiana,458.0,458,458,458.0,1.0,1.0,1,,,,,,,,,0.0,0.0,0,0.0,0
